event_sleeping_wait_all:
  end: 1683087831.9286091
  start: 1683087706.0394642
