event_sleeping_wait_all:
  end: 1683088119.4779658
  start: 1683087883.623169
