event_sleeping_wait_all:
  end: 1683088526.975564
  start: 1683088366.169099
