event_sleeping_wait_all:
  end: 1683088314.4759552
  start: 1683088171.200297
