event_sleeping_wait_all:
  end: 1683088899.471643
  start: 1683088578.6077147
