event_sleeping_wait_all:
  end: 1683087441.9286177
  start: 1683087391.073217
