event_sleeping_wait_all:
  end: 1683089196.8887188
  start: 1683089053.621648
