event_sleeping_wait_all:
  end: 1683089586.9074023
  start: 1683089553.6329372
