event_sleeping_wait_all:
  end: 1683088434.4459724
  start: 1683088188.6089804
