event_sleeping:
  end: 1683086874.4795365
  start: 1683086661.8886638
