event_sleeping_wait_all:
  end: 1683090086.9779055
  start: 1683089943.658353
