event_sleeping_wait_all:
  end: 1683088136.9754798
  start: 1683087493.648948
