event_sleeping_wait_all:
  end: 1683089501.9778626
  start: 1683089248.5603368
