event_sleeping_wait_all:
  end: 1683090171.8874826
  start: 1683090138.6260467
