event_sleeping_wait_all:
  end: 1683088314.4755368
  start: 1683088188.912131
