event_sleeping_wait_all:
  end: 1683088136.9744701
  start: 1683087781.4472976
