event_sleeping_wait_all:
  end: 1683089214.4168973
  start: 1683089163.9278538
