event_sleeping_wait_all:
  end: 1683087729.4778006
  start: 1683087586.397924
