event_sleeping_wait_all:
  end: 1683087534.415533
  start: 1683087391.3645825
