event_sleeping_wait_all:
  end: 1683086966.975552
  start: 1683086823.915919
