event_sleeping_wait_all:
  end: 1683089111.9780042
  start: 1683088876.4173656
