event_sleeping_wait_all:
  end: 1683089214.4155943
  start: 1683089146.0747523
