event_sleeping_wait_all:
  end: 1683088119.4786193
  start: 1683087901.1159217
