event_sleeping_wait_all:
  end: 1683088899.4754736
  start: 1683088681.128895
