event_sleeping:
  end: 1683086661.8853319
  start: 1683086661.8850012
