event_sleeping_wait_all:
  end: 1683087729.4775736
  start: 1683087493.6532934
