event_sleeping_wait_all:
  end: 1683088221.903554
  start: 1683088188.6629305
