event_sleeping_wait_all:
  end: 1683088136.9738917
  start: 1683087883.6534855
