event_sleeping_wait_all:
  end: 1683088916.9777412
  start: 1683088663.7350712
