event_sleeping_wait_all:
  end: 1683087441.9755747
  start: 1683086713.5064175
