event_sleeping_wait_all:
  end: 1683088611.9782777
  start: 1683088273.6236176
