event_sleeping_wait_all:
  end: 1683089214.4796264
  start: 1683088968.6340766
