event_sleeping:
  end: 1683087496.9777954
  start: 1683087353.5323322
