event_sleeping:
  end: 1683087691.9196856
  start: 1683087548.5592306
