event_sleeping_wait_all:
  end: 1683090226.9755616
  start: 1683089693.6050696
