event_sleeping:
  end: 1683089056.9779756
  start: 1683088913.5615427
