event_sleeping_wait_all:
  end: 1683090421.9754746
  start: 1683090278.5959582
