event_sleeping:
  end: 1683088081.9754436
  start: 1683087938.5623665
