event_sleeping:
  end: 1683089251.9754984
  start: 1683089108.5720103
