event_sleeping:
  end: 1685508129.976046
  start: 1685507934.9195037
