event_sleeping:
  end: 1685508130.0168808
  start: 1685507986.9776607
