event_sleeping:
  end: 1685507934.9178858
  start: 1685507934.9177725
