event_sleeping:
  end: 1685508009.9839108
  start: 1685507934.9159338
