event_sleeping:
  end: 1685508009.984107
  start: 1685507934.918481
