event_sleeping:
  end: 1685508009.9851663
  start: 1685507934.919328
