event_sleeping:
  end: 1685507972.4467034
  start: 1685507934.912681
