event_sleeping:
  end: 1685508167.448074
  start: 1685508024.103164
