event_sleeping:
  end: 1682988418.387588
  start: 1682987917.2924442
