event_sleeping:
  end: 1682988520.8411171
  start: 1682988470.0684512
