event_sleeping:
  end: 1682988808.3676171
  start: 1682988572.847724
