event_sleeping:
  end: 1682988520.8915527
  start: 1682987917.2977278
