event_sleeping:
  end: 1682988308.3914714
  start: 1682987917.2966495
