event_sleeping:
  end: 1682988595.890326
  start: 1682988360.3155346
