event_sleeping:
  end: 1682988595.8915167
  start: 1682987917.2982328
