event_sleeping:
  end: 1682988715.8914716
  start: 1682987917.2983444
