event_sleeping:
  end: 1682988558.379612
  start: 1682987917.2972665
