event_sleeping:
  end: 1682988753.387546
  start: 1682988609.9597561
