event_sleeping:
  end: 1682988948.3355675
  start: 1682988804.9546945
