event_sleeping_wait_all:
  end: 1685549630.9591339
  start: 1685549487.9248917
