event_sleeping_wait_all:
  end: 1685541830.9562423
  start: 1685541382.8583431
