event_sleeping:
  end: 1685540550.9562814
  start: 1685540355.8677168
