event_sleeping_wait_all:
  end: 1685544560.9089324
  start: 1685544307.8494618
