event_sleeping_wait_all:
  end: 1685549910.887847
  start: 1685549877.915645
