event_sleeping_wait_all:
  end: 1685544950.9563973
  start: 1685544807.8507318
