event_sleeping_wait_all:
  end: 1685546400.9587135
  start: 1685546172.8947713
