event_sleeping_wait_all:
  end: 1685544755.9560509
  start: 1685544612.8173652
