event_sleeping_wait_all:
  end: 1685549130.8878825
  start: 1685549097.9253306
