event_sleeping_wait_all:
  end: 1685541153.4589996
  start: 1685541010.3492937
