event_sleeping_wait_all:
  end: 1685544255.9000325
  start: 1685544112.883003
