event_sleeping_wait_all:
  end: 1685546790.8918803
  start: 1685546757.786077
