event_sleeping_wait_all:
  end: 1685548655.9493082
  start: 1685548402.8694901
