event_sleeping_wait_all:
  end: 1685547680.9587898
  start: 1685547342.8836396
