event_sleeping_wait_all:
  end: 1685547875.9589105
  start: 1685547732.8756924
