event_sleeping_wait_all:
  end: 1685543195.9090617
  start: 1685542960.3701048
