event_sleeping_wait_all:
  end: 1685550215.9001982
  start: 1685549962.8226306
