event_sleeping_wait_all:
  end: 1685541330.956119
  start: 1685541205.4057078
