event_sleeping_wait_all:
  end: 1685545535.868018
  start: 1685545392.8116484
