event_sleeping_wait_all:
  end: 1685545340.8921468
  start: 1685545002.8468277
