event_sleeping_wait_all:
  end: 1685550995.8679445
  start: 1685550742.8748674
