event_sleeping_wait_all:
  end: 1685546705.860052
  start: 1685546452.8985443
