event_sleeping_wait_all:
  end: 1685540958.3918214
  start: 1685540907.9527688
