event_sleeping_wait_all:
  end: 1685548155.860093
  start: 1685547927.9261143
