event_sleeping_wait_all:
  end: 1685546120.9559479
  start: 1685545867.7995877
