event_sleeping_wait_all:
  end: 1685548350.9559832
  start: 1685548207.7730637
