event_sleeping_wait_all:
  end: 1685549045.9592676
  start: 1685548707.8769329
