event_sleeping_wait_all:
  end: 1685540855.958871
  start: 1685540602.9026308
