event_sleeping_wait_all:
  end: 1685542025.9481127
  start: 1685541882.9255493
