event_sleeping_wait_all:
  end: 1685547290.9415505
  start: 1685546842.861259
