event_sleeping_wait_all:
  end: 1685545815.8679636
  start: 1685545672.827967
