event_sleeping_wait_all:
  end: 1685542788.4596417
  start: 1685542662.8187501
