event_sleeping_wait_all:
  end: 1685549435.9559536
  start: 1685549182.8504243
