event_sleeping_wait_all:
  end: 1685543883.4558647
  start: 1685543247.8761685
