event_sleeping_wait_all:
  end: 1685545620.8599467
  start: 1685545587.8282697
