event_sleeping_wait_all:
  end: 1685544060.8920681
  start: 1685543935.4072092
