event_sleeping_wait_all:
  end: 1685542610.908728
  start: 1685542077.9223437
