event_sleeping_wait_all:
  end: 1685551173.3961422
  start: 1685551047.7970285
