event_sleeping_wait_all:
  end: 1685549825.9591384
  start: 1685549682.8686743
