event_sleeping_wait_all:
  end: 1685542908.4270413
  start: 1685542840.4414716
