event_sleeping_wait_all:
  end: 1685541525.9160817
  start: 1685541297.5252984
