event_sleeping_wait_all:
  end: 1685540550.9559288
  start: 1685540407.4656894
