event_sleeping_wait_all:
  end: 1685543585.959266
  start: 1685543332.6174576
