event_sleeping_wait_all:
  end: 1685544950.955956
  start: 1685544697.509089
