event_sleeping_wait_all:
  end: 1685544560.9558449
  start: 1685544307.6359162
