event_sleeping_wait_all:
  end: 1685542695.944373
  start: 1685542357.5821393
