event_sleeping_wait_all:
  end: 1685542305.909716
  start: 1685542255.100379
