event_sleeping_wait_all:
  end: 1685544060.8928485
  start: 1685544027.5629935
