event_sleeping_wait_all:
  end: 1685546120.9566293
  start: 1685545867.553968
