event_sleeping_wait_all:
  end: 1685543780.9088635
  start: 1685543637.6367939
