event_sleeping_wait_all:
  end: 1685544645.8918204
  start: 1685544612.5894952
