event_sleeping_wait_all:
  end: 1685540940.9590435
  start: 1685540602.6396046
