event_sleeping_wait_all:
  end: 1685543280.9559577
  start: 1685543137.6145458
