event_sleeping_wait_all:
  end: 1685544255.9589195
  start: 1685544112.5436218
