event_sleeping_wait_all:
  end: 1685546493.3642793
  start: 1685546172.600943
