event_sleeping_wait_all:
  end: 1685543085.9588263
  start: 1685542747.5897956
