event_sleeping_wait_all:
  end: 1685541245.9574163
  start: 1685540992.6204731
