event_sleeping_wait_all:
  end: 1685542203.4202733
  start: 1685541967.579416
