event_sleeping_wait_all:
  end: 1685545340.892819
  start: 1685545002.562449
