event_sleeping:
  end: 1685540355.8678014
  start: 1685540355.8676002
