event_sleeping_wait_all:
  end: 1685545535.9589849
  start: 1685545392.6001132
