event_sleeping_wait_all:
  end: 1685546705.9359848
  start: 1685546545.019867
