event_sleeping_wait_all:
  end: 1685543975.900225
  start: 1685543832.5488338
