event_sleeping_wait_all:
  end: 1685546808.410094
  start: 1685546757.56097
