event_sleeping_wait_all:
  end: 1685545815.8681464
  start: 1685545587.6139252
