event_sleeping_wait_all:
  end: 1685541915.9039457
  start: 1685541577.5739555
