event_sleeping_wait_all:
  end: 1685546705.9665701
  start: 1685546545.1350653
