event_sleeping_wait_all:
  end: 1685548740.9241676
  start: 1685548597.4595308
