event_sleeping_wait_all:
  end: 1685551470.9559019
  start: 1685551327.617783
