event_sleeping_wait_all:
  end: 1685541830.883259
  start: 1685541382.5582178
