event_sleeping_wait_all:
  end: 1685542593.4558887
  start: 1685542467.6009886
