event_sleeping_wait_all:
  end: 1685541050.9611866
  start: 1685540797.5617473
