event_sleeping:
  end: 1685540465.9560661
  start: 1685540355.863417
