event_sleeping_wait_all:
  end: 1685551275.9589207
  start: 1685550937.594344
