event_sleeping_wait_all:
  end: 1685544840.8919237
  start: 1685544807.5451984
