event_sleeping_wait_all:
  end: 1685546493.4587715
  start: 1685546257.518053
