event_sleeping_wait_all:
  end: 1685541330.8959742
  start: 1685541279.9767392
