event_sleeping_wait_all:
  end: 1685545230.9559987
  start: 1685545087.5189826
