event_sleeping_wait_all:
  end: 1685546205.892308
  start: 1685546172.6391797
