event_sleeping_wait_all:
  end: 1685543585.958906
  start: 1685543137.6212442
