event_sleeping_wait_all:
  end: 1685545035.8693674
  start: 1685544892.5319273
