event_sleeping_wait_all:
  end: 1685545425.95598
  start: 1685545282.5964503
