event_sleeping_wait_all:
  end: 1685548545.86401
  start: 1685548512.5725129
