event_sleeping_wait_all:
  end: 1685549325.9587712
  start: 1685549097.6885262
