event_sleeping_wait_all:
  end: 1685545833.3962097
  start: 1685545782.6460962
