event_sleeping_wait_all:
  end: 1685547290.9401565
  start: 1685546757.6107883
