event_sleeping_wait_all:
  end: 1685541933.3796751
  start: 1685541882.5336504
