event_sleeping_wait_all:
  end: 1685540660.9589808
  start: 1685540517.5829284
