event_sleeping_wait_all:
  end: 1685542203.4209456
  start: 1685541985.0626683
