event_sleeping_wait_all:
  end: 1685547485.9362452
  start: 1685547342.594026
