event_sleeping_wait_all:
  end: 1685548460.8875883
  start: 1685548317.5989769
