event_sleeping_wait_all:
  end: 1685548070.9589043
  start: 1685547817.5307164
