event_sleeping_wait_all:
  end: 1685543670.8918166
  start: 1685543637.614337
