event_sleeping_wait_all:
  end: 1685543085.9576845
  start: 1685542942.638961
