event_sleeping_wait_all:
  end: 1685541228.380075
  start: 1685541102.6131642
