event_sleeping_wait_all:
  end: 1685547680.9241605
  start: 1685547537.6040142
