event_sleeping_wait_all:
  end: 1685550410.9589522
  start: 1685550267.6329477
