event_sleeping_wait_all:
  end: 1685549045.9589448
  start: 1685548792.6217828
