event_sleeping_wait_all:
  end: 1685545730.9405317
  start: 1685545477.617447
