event_sleeping_wait_all:
  end: 1685550215.9615529
  start: 1685550072.6216419
