event_sleeping_wait_all:
  end: 1685546120.9562366
  start: 1685545885.073787
