event_sleeping_wait_all:
  end: 1685547765.8918407
  start: 1685547732.602644
