event_sleeping_wait_all:
  end: 1685550020.9559796
  start: 1685549572.5882106
