event_sleeping_wait_all:
  end: 1685550885.9480848
  start: 1685550462.645535
