event_sleeping_wait_all:
  end: 1685548265.9159353
  start: 1685548122.629294
