event_sleeping_wait_all:
  end: 1685549520.9324749
  start: 1685549377.6358218
