event_sleeping_wait_all:
  end: 1685551758.4281712
  start: 1685551522.6495655
