event_sleeping_wait_all:
  end: 1685540745.8918262
  start: 1685540712.61864
