event_sleeping_wait_all:
  end: 1685542890.9559832
  start: 1685542645.0596237
