event_sleeping_wait_all:
  end: 1685544755.888019
  start: 1685543722.525332
