event_sleeping_wait_all:
  end: 1685542415.9590793
  start: 1685542255.0664575
