event_sleeping_wait_all:
  end: 1685543390.9589005
  start: 1685543035.093284
