event_sleeping_wait_all:
  end: 1685545145.95884
  start: 1685544417.5273597
