event_sleeping_wait_all:
  end: 1685541050.9520276
  start: 1685540712.6172647
