event_sleeping_wait_all:
  end: 1685541618.3961926
  start: 1685541492.5857582
