event_sleeping_wait_all:
  end: 1685544365.9241157
  start: 1685544112.5734203
