event_sleeping_wait_all:
  end: 1685542398.4591722
  start: 1685542162.550971
