event_sleeping_wait_all:
  end: 1685545730.9401708
  start: 1685545392.57788
