event_sleeping_wait_all:
  end: 1685546808.4107816
  start: 1685546562.528753
