event_sleeping_wait_all:
  end: 1685542983.4588277
  start: 1685542840.1501915
