event_sleeping_wait_all:
  end: 1685546315.9414182
  start: 1685546062.6063664
