event_sleeping_wait_all:
  end: 1685542788.4589925
  start: 1685542552.5187361
