event_sleeping_wait_all:
  end: 1685544060.8925526
  start: 1685543832.5863607
