event_sleeping_wait_all:
  end: 1685541915.8918712
  start: 1685541882.6367447
