event_sleeping:
  end: 1685540465.9640307
  start: 1685540355.866812
