event_sleeping_wait_all:
  end: 1685543780.9092069
  start: 1685543527.5590668
