event_sleeping_wait_all:
  end: 1685541440.9173942
  start: 1685541102.6154892
