event_sleeping_wait_all:
  end: 1685545340.8925314
  start: 1685545197.6366413
