event_sleeping_wait_all:
  end: 1685546510.8681304
  start: 1685546367.5778985
