event_sleeping_wait_all:
  end: 1685542500.8926697
  start: 1685542450.0929193
