event_sleeping_wait_all:
  end: 1685546010.9558818
  start: 1685545782.6164482
