event_sleeping_wait_all:
  end: 1685541830.9559424
  start: 1685541670.0766509
