event_sleeping_wait_all:
  end: 1685543475.892153
  start: 1685543442.5987525
