event_sleeping_wait_all:
  end: 1685540660.9593782
  start: 1685540517.610439
