event_sleeping_wait_all:
  end: 1685542110.9201033
  start: 1685541967.5367746
