event_sleeping_wait_all:
  end: 1685542983.4589872
  start: 1685542747.5589864
