event_sleeping_wait_all:
  end: 1685544060.9633825
  start: 1685543722.5220444
