event_sleeping_wait_all:
  end: 1685550215.9328487
  start: 1685549962.5139656
