event_sleeping_wait_all:
  end: 1685549045.958722
  start: 1685548902.5668635
