event_sleeping_wait_all:
  end: 1685547485.895332
  start: 1685547147.5753508
