event_sleeping_wait_all:
  end: 1685549715.8626359
  start: 1685549572.463145
