event_sleeping_wait_all:
  end: 1685549130.8949752
  start: 1685549097.5406485
