event_sleeping_wait_all:
  end: 1685544950.9331877
  start: 1685544697.474114
