event_sleeping_wait_all:
  end: 1685550393.3721316
  start: 1685550267.4811177
