event_sleeping_wait_all:
  end: 1685545638.4589596
  start: 1685545477.5016894
