event_sleeping_wait_all:
  end: 1685548460.8872077
  start: 1685548207.4460886
