event_sleeping_wait_all:
  end: 1685541135.9520738
  start: 1685540602.4788144
