event_sleeping_wait_all:
  end: 1685542415.868182
  start: 1685542272.5120773
