event_sleeping_wait_all:
  end: 1685541330.9558682
  start: 1685541187.538388
