event_sleeping_wait_all:
  end: 1685545425.8800929
  start: 1685545374.9615324
