event_sleeping_wait_all:
  end: 1685547095.9588695
  start: 1685546367.48621
