event_sleeping_wait_all:
  end: 1685548155.8693707
  start: 1685548012.5496058
