event_sleeping_wait_all:
  end: 1685545323.391957
  start: 1685545002.5010686
