event_sleeping_wait_all:
  end: 1685542500.8922591
  start: 1685542467.4748173
