event_sleeping:
  end: 1685540465.9643464
  start: 1685540355.8674297
