event_sleeping_wait_all:
  end: 1685547570.8918095
  start: 1685547537.5188665
