event_sleeping_wait_all:
  end: 1685540550.8918405
  start: 1685540517.534586
