event_sleeping_wait_all:
  end: 1685549435.8850005
  start: 1685549182.4923902
