event_sleeping_wait_all:
  end: 1685547765.955879
  start: 1685547622.4654748
