event_sleeping_wait_all:
  end: 1685542695.9563582
  start: 1685542552.4999533
