event_sleeping_wait_all:
  end: 1685547960.959085
  start: 1685547817.510625
