event_sleeping_wait_all:
  end: 1685549520.8924465
  start: 1685549487.4678926
