event_sleeping_wait_all:
  end: 1685541915.9041162
  start: 1685541382.5584939
