event_sleeping_wait_all:
  end: 1685543280.8920887
  start: 1685543035.064024
