event_sleeping_wait_all:
  end: 1685542220.9092712
  start: 1685541967.5067153
