event_sleeping_wait_all:
  end: 1685548655.9577894
  start: 1685548512.4928246
