event_sleeping_wait_all:
  end: 1685545925.9359736
  start: 1685545690.0665116
