event_sleeping_wait_all:
  end: 1685544365.9603617
  start: 1685544112.5732653
