event_sleeping_wait_all:
  end: 1685544645.9134328
  start: 1685544595.0409126
