event_sleeping_wait_all:
  end: 1685544543.4592476
  start: 1685544417.5262473
