event_sleeping_wait_all:
  end: 1685546315.8679929
  start: 1685546062.4599144
