event_sleeping_wait_all:
  end: 1685548850.9591208
  start: 1685548707.5819392
