event_sleeping_wait_all:
  end: 1685546010.8598323
  start: 1685545977.5010629
