event_sleeping_wait_all:
  end: 1685543670.9559445
  start: 1685543332.4980555
