event_sleeping_wait_all:
  end: 1685549910.9560444
  start: 1685549767.4446816
