event_sleeping:
  end: 1685544700.866218
  start: 1685544557.9788246
