event_sleeping:
  end: 1685542750.95883
  start: 1685542607.963055
