event_sleeping:
  end: 1685541970.9431922
  start: 1685541827.9869916
