event_sleeping_wait_all:
  end: 1685550940.9592197
  start: 1685550797.865507
