event_sleeping:
  end: 1685545870.9589102
  start: 1685545728.0278423
