event_sleeping:
  end: 1685540605.9010956
  start: 1685540462.6169796
