event_sleeping:
  end: 1685542165.868094
  start: 1685542022.9395745
