event_sleeping:
  end: 1685545675.9590347
  start: 1685545338.0876472
