event_sleeping:
  end: 1685541385.916093
  start: 1685541242.9263225
