event_sleeping:
  end: 1685540995.9223783
  start: 1685540657.9672184
