event_sleeping:
  end: 1685545285.9589064
  start: 1685545142.9172938
