event_sleeping_wait_all:
  end: 1685548600.9586387
  start: 1685548457.879969
