event_sleeping:
  end: 1685542360.959129
  start: 1685542217.86076
