event_sleeping:
  end: 1685542945.8841927
  start: 1685542802.9767919
