event_sleeping_wait_all:
  end: 1685549185.8720803
  start: 1685548652.9986625
