event_sleeping:
  end: 1685545090.8760755
  start: 1685544948.0198781
