event_sleeping:
  end: 1685546845.9588819
  start: 1685546507.981955
