event_sleeping:
  end: 1685540410.911872
  start: 1685540355.8673022
