event_sleeping_wait_all:
  end: 1685548015.9480975
  start: 1685547872.9509308
