event_sleeping:
  end: 1685544505.9588797
  start: 1685544167.9888504
