event_sleeping_wait_all:
  end: 1685548210.8720312
  start: 1685548067.962867
