event_sleeping_wait_all:
  end: 1685548405.868105
  start: 1685548262.9221199
