event_sleeping_wait_all:
  end: 1685550355.9593277
  start: 1685550212.8895876
