event_sleeping_wait_all:
  end: 1685547820.959161
  start: 1685547678.0199792
