event_sleeping_wait_all:
  end: 1685551720.9589298
  start: 1685551577.9618304
