event_sleeping_wait_all:
  end: 1685550160.9240606
  start: 1685549627.9373403
