event_sleeping:
  end: 1685546455.958861
  start: 1685545922.966532
