event_sleeping:
  end: 1685544115.9589224
  start: 1685543973.021158
