event_sleeping:
  end: 1685544895.9558418
  start: 1685544752.9456491
