event_sleeping:
  end: 1685541775.959145
  start: 1685541632.9478166
