event_sleeping_wait_all:
  end: 1685550745.8801496
  start: 1685550602.9292543
