event_sleeping:
  end: 1685541190.9591162
  start: 1685541047.9509184
