event_sleeping_wait_all:
  end: 1685547625.9589891
  start: 1685547482.9739418
