event_sleeping_wait_all:
  end: 1685551135.868166
  start: 1685550992.9592729
