event_sleeping:
  end: 1685542555.9593205
  start: 1685542412.9920087
