event_sleeping:
  end: 1685543920.9592416
  start: 1685543777.9823382
