event_sleeping_wait_all:
  end: 1685551525.9587147
  start: 1685551187.9193187
