event_sleeping_wait_all:
  end: 1685547430.9588647
  start: 1685547287.9510994
