event_sleeping_wait_all:
  end: 1685549575.9589753
  start: 1685549237.8580117
