event_sleeping:
  end: 1685543530.9591308
  start: 1685543387.9366078
