event_sleeping:
  end: 1685543725.9159448
  start: 1685543582.9428678
