event_sleeping:
  end: 1685541580.9591253
  start: 1685541437.906891
