event_sleeping_wait_all:
  end: 1685550550.8872433
  start: 1685550408.0254896
