event_sleeping_wait_all:
  end: 1685547235.9587615
  start: 1685546898.0141902
