event_sleeping:
  end: 1685543335.9000926
  start: 1685543003.1226575
