event_sleeping:
  end: 1685382086.007892
  start: 1685382017.1312666
