event_sleeping:
  end: 1685381966.0122168
  start: 1685381822.1125383
