event_sleeping:
  end: 1685383061.037713
  start: 1685382704.6349082
