event_sleeping:
  end: 1685381398.5240939
  start: 1685381237.1256576
