event_sleeping:
  end: 1685380135.993638
  start: 1685379533.453163
