event_sleeping:
  end: 1685381185.9801655
  start: 1685381042.0514405
