event_sleeping:
  end: 1685383628.4760752
  start: 1685383112.125936
