event_sleeping:
  end: 1685380331.0361001
  start: 1685380187.118572
