event_sleeping:
  end: 1685380703.5399382
  start: 1685380577.1228633
