event_sleeping:
  end: 1685382263.4440322
  start: 1685382137.1007073
