event_sleeping:
  end: 1685381771.0418406
  start: 1685381449.635866
