event_sleeping:
  end: 1685380990.9642944
  start: 1685380754.6361885
