event_sleeping:
  end: 1685382458.47676
  start: 1685382314.5353765
