event_sleeping:
  end: 1685380526.0115466
  start: 1685380382.146165
