event_sleeping:
  end: 1685382653.5421286
  start: 1685382509.5565176
