event_sleeping:
  end: 1685381678.4814813
  start: 1685381551.821333
