event_sleeping:
  end: 1685381500.9838471
  start: 1685381431.769021
