event_sleeping:
  end: 1685381380.9807642
  start: 1685381059.3352823
