event_sleeping:
  end: 1685382373.5419056
  start: 1685382119.2762673
