event_sleeping:
  end: 1685382958.5568588
  start: 1685382814.3629735
