event_sleeping:
  end: 1685380135.993504
  start: 1685380084.3414047
