event_sleeping:
  end: 1685382458.4765842
  start: 1685382424.3563042
