event_sleeping:
  end: 1685382763.5424945
  start: 1685382509.297241
