event_sleeping:
  end: 1685381873.448045
  start: 1685381729.328147
