event_sleeping:
  end: 1685382068.4761252
  start: 1685381924.2874532
