event_sleeping:
  end: 1685380313.4680586
  start: 1685380186.8266113
