event_sleeping:
  end: 1685383256.0423198
  start: 1685383094.2516203
