event_sleeping:
  end: 1685383721.0406303
  start: 1685383306.842467
