event_sleeping:
  end: 1685380033.542033
  start: 1685379796.8462813
