event_sleeping:
  end: 1685381008.5420878
  start: 1685380364.287546
