event_sleeping:
  end: 1685379746.0433779
  start: 1685379533.4525993
