event_sleeping:
  end: 1685383043.475851
  start: 1685383009.3280845
