event_sleeping:
  end: 1685380211.042114
  start: 1685379889.2811592
