event_sleeping:
  end: 1685381381.0138292
  start: 1685381161.7768972
