event_sleeping:
  end: 1685382568.51496
  start: 1685382314.2395258
