event_sleeping:
  end: 1685381110.9720552
  start: 1685381059.243121
