event_sleeping:
  end: 1685379643.544181
  start: 1685379533.4503005
