event_sleeping:
  end: 1685382763.5428967
  start: 1685382619.3449075
