event_sleeping:
  end: 1685380526.0112722
  start: 1685380456.7629743
