event_sleeping:
  end: 1685382263.4443057
  start: 1685382136.8015575
