event_sleeping:
  end: 1685383738.5420592
  start: 1685383009.3550506
