event_sleeping:
  end: 1685381008.4524186
  start: 1685380576.8249621
