event_sleeping:
  end: 1685379838.4716897
  start: 1685379694.3402462
