event_sleeping:
  end: 1685381983.4730978
  start: 1685381821.876362
