event_sleeping:
  end: 1685382958.5241108
  start: 1685382814.34043
