event_sleeping:
  end: 1685381483.49182
  start: 1685381431.8108656
