event_sleeping:
  end: 1685382085.9440463
  start: 1685382034.2965524
