event_sleeping:
  end: 1685381771.0421143
  start: 1685381534.2446988
