event_sleeping:
  end: 1685380405.9480953
  start: 1685380261.8516977
