event_sleeping:
  end: 1685380423.5311017
  start: 1685379974.237831
