event_sleeping:
  end: 1685381576.0421207
  start: 1685381161.8165178
