event_sleeping:
  end: 1685381966.051455
  start: 1685381746.7701623
