event_sleeping:
  end: 1685380991.039924
  start: 1685380846.801028
