event_sleeping:
  end: 1685380795.9641218
  start: 1685380474.3604274
