event_sleeping:
  end: 1685381695.9641156
  start: 1685381626.8373768
