event_sleeping:
  end: 1685383043.5398626
  start: 1685382899.2811751
