event_sleeping:
  end: 1685379923.4758983
  start: 1685379889.3589454
