event_sleeping:
  end: 1685382161.050099
  start: 1685382016.879227
