event_sleeping:
  end: 1685379626.0369675
  start: 1685379533.4508297
