event_sleeping:
  end: 1685383543.4840026
  start: 1685383289.3324912
