event_sleeping:
  end: 1685382263.5055227
  start: 1685382211.8769314
