event_sleeping:
  end: 1685381111.0128763
  start: 1685381041.8456616
