event_sleeping:
  end: 1685383238.524026
  start: 1685383094.332177
