event_sleeping:
  end: 1685379838.539894
  start: 1685379676.850478
