event_sleeping:
  end: 1685382848.508155
  start: 1685382314.2905824
