event_sleeping:
  end: 1685381788.5420527
  start: 1685381534.2299237
