event_sleeping:
  end: 1685380526.044218
  start: 1685380364.2381213
