event_sleeping:
  end: 1685382161.012672
  start: 1685381839.2842846
