event_sleeping:
  end: 1685381008.542756
  start: 1685380754.318348
