event_sleeping:
  end: 1685382763.542295
  start: 1685382509.2973585
