event_sleeping:
  end: 1685381483.5398602
  start: 1685381144.194276
