event_sleeping:
  end: 1685380313.4806154
  start: 1685379584.191042
