event_sleeping:
  end: 1685381093.476003
  start: 1685381059.2554195
