event_sleeping:
  end: 1685382958.5563214
  start: 1685382814.3197148
