event_sleeping:
  end: 1685383433.5425484
  start: 1685383306.7043881
