event_sleeping:
  end: 1685382458.5400617
  start: 1685382211.7756538
