event_sleeping:
  end: 1685380703.5401578
  start: 1685380576.8202245
