event_sleeping:
  end: 1685383255.9455123
  start: 1685383204.247574
