event_sleeping:
  end: 1685379533.4523091
  start: 1685379533.4516828
