event_sleeping:
  end: 1685380368.5080414
  start: 1685380224.6204622
