event_sleeping:
  end: 1685382123.453796
  start: 1685381979.7004247
