event_sleeping:
  end: 1685381538.5423024
  start: 1685381394.7073712
