event_sleeping:
  end: 1685380758.5400095
  start: 1685380614.671137
