event_sleeping:
  end: 1685382513.5420175
  start: 1685382174.5725079
