event_sleeping:
  end: 1685383098.481688
  start: 1685382564.696921
