event_sleeping:
  end: 1685380563.5398526
  start: 1685380419.653627
