event_sleeping:
  end: 1685381148.4846683
  start: 1685381004.6658998
