event_sleeping:
  end: 1685379588.4989247
  start: 1685379533.447416
