event_sleeping:
  end: 1685380173.5001314
  start: 1685379834.6800907
