event_sleeping:
  end: 1685381928.5420322
  start: 1685381784.7112472
