event_sleeping:
  end: 1685379783.5179691
  start: 1685379639.322961
