event_sleeping:
  end: 1685380953.5421636
  start: 1685380809.6160414
