event_sleeping:
  end: 1685383293.5320635
  start: 1685383149.5891514
