event_sleeping:
  end: 1685381733.5426836
  start: 1685381589.6923513
