event_sleeping:
  end: 1685381343.535577
  start: 1685381249.8496728
