event_sleeping:
  end: 1684831948.2681816
  start: 1684831345.6846445
