event_sleeping:
  end: 1684831558.2079933
  start: 1684831345.6840534
