event_sleeping:
  end: 1684831455.7359004
  start: 1684831345.6814346
