event_sleeping:
  end: 1684831438.2634633
  start: 1684831345.6826742
