event_sleeping:
  end: 1684832125.7685182
  start: 1684831397.2762284
