event_sleeping:
  end: 1684831345.6834695
  start: 1684831345.6833699
