event_sleeping:
  end: 1684832180.7080016
  start: 1684832037.7827098
