event_sleeping:
  end: 1684831985.7684681
  start: 1684831647.683255
