event_sleeping:
  end: 1684831400.7257214
  start: 1684831345.676487
