event_sleeping:
  end: 1684831595.7081017
  start: 1684831452.4227607
