event_sleeping:
  end: 1685461116.672494
  start: 1685460921.6412373
