event_sleeping_wait_all:
  end: 1685464449.2290194
  start: 1685463813.712595
