event_sleeping_wait_all:
  end: 1685462396.7294583
  start: 1685461948.6653755
