event_sleeping:
  end: 1685461421.7241142
  start: 1685461168.6278756
