event_sleeping_wait_all:
  end: 1685463176.7200866
  start: 1685462643.6323605
