event_sleeping_wait_all:
  end: 1685461719.19622
  start: 1685461576.1729472
