event_sleeping_wait_all:
  end: 1685463474.1970973
  start: 1685463406.2471106
