event_sleeping_wait_all:
  end: 1685463354.226746
  start: 1685463228.6574793
