event_sleeping_wait_all:
  end: 1685462591.707911
  start: 1685462448.70489
