event_sleeping:
  end: 1685461524.1761327
  start: 1685461473.695916
