event_sleeping_wait_all:
  end: 1685463761.7291923
  start: 1685463526.1433024
