event_sleeping_wait_all:
  end: 1685461896.7288177
  start: 1685461771.184348
