event_sleeping_wait_all:
  end: 1685467059.1642356
  start: 1685466738.3341854
