event_sleeping_wait_all:
  end: 1685464346.652091
  start: 1685464203.3472254
