event_sleeping_wait_all:
  end: 1685465516.7280576
  start: 1685465263.3308415
