event_sleeping:
  end: 1685462769.17217
  start: 1685462533.3018572
