event_sleeping:
  end: 1685461116.732633
  start: 1685460973.3045666
