event_sleeping:
  end: 1685462091.6360848
  start: 1685461863.3683867
