event_sleeping_wait_all:
  end: 1685465126.7294266
  start: 1685464873.306825
