event_sleeping:
  end: 1685461506.7279756
  start: 1685461168.3770924
