event_sleeping_wait_all:
  end: 1685465906.7291443
  start: 1685465568.3834774
