event_sleeping_wait_all:
  end: 1685462871.6760857
  start: 1685462820.8475573
