event_sleeping:
  end: 1685462481.6603785
  start: 1685462143.282243
