event_sleeping_wait_all:
  end: 1685465211.6624222
  start: 1685465178.4251895
