event_sleeping_wait_all:
  end: 1685463846.7292776
  start: 1685463703.300857
