event_sleeping_wait_all:
  end: 1685466381.6919343
  start: 1685466153.3588996
