event_sleeping:
  end: 1685461811.6932206
  start: 1685461558.4083145
