event_sleeping_wait_all:
  end: 1685464151.6684914
  start: 1685463898.3869748
