event_sleeping_wait_all:
  end: 1685466686.65207
  start: 1685466433.3094704
