event_sleeping_wait_all:
  end: 1685464626.6625617
  start: 1685464593.3977892
