event_sleeping:
  end: 1685460921.6359951
  start: 1685460921.6359499
