event_sleeping_wait_all:
  end: 1685466101.727987
  start: 1685465958.376817
