event_sleeping_wait_all:
  end: 1685463651.6320636
  start: 1685463313.4055624
