event_sleeping_wait_all:
  end: 1685464541.6943166
  start: 1685464398.305917
