event_sleeping_wait_all:
  end: 1685464821.6680243
  start: 1685464678.3100293
