event_sleeping_wait_all:
  end: 1685463261.7294233
  start: 1685462923.3549557
