event_sleeping:
  end: 1685461031.6447973
  start: 1685460921.6400516
