event_sleeping:
  end: 1685461794.2303245
  start: 1685461668.3790493
