event_sleeping_wait_all:
  end: 1685465321.6920795
  start: 1685464288.2922184
