event_sleeping_wait_all:
  end: 1685463159.164179
  start: 1685463033.2827117
