event_sleeping_wait_all:
  end: 1685463651.7289643
  start: 1685463508.3628044
