event_sleeping_wait_all:
  end: 1685465991.7292056
  start: 1685465848.364358
