event_sleeping_wait_all:
  end: 1685465796.6806273
  start: 1685465653.3787668
