event_sleeping_wait_all:
  end: 1685461896.6347556
  start: 1685461845.860081
