event_sleeping_wait_all:
  end: 1685465601.729161
  start: 1685465458.329728
