event_sleeping:
  end: 1685461226.7294323
  start: 1685461083.3217587
