event_sleeping_wait_all:
  end: 1685464151.6680558
  start: 1685463703.3925729
