event_sleeping:
  end: 1685461311.635962
  start: 1685461278.4281678
