event_sleeping_wait_all:
  end: 1685462769.228032
  start: 1685462550.870198
