event_sleeping_wait_all:
  end: 1685463456.729114
  start: 1685463210.8741055
