event_sleeping_wait_all:
  end: 1685465406.6479614
  start: 1685465373.3272557
