event_sleeping_wait_all:
  end: 1685462981.6520448
  start: 1685462820.8499308
