event_sleeping_wait_all:
  end: 1685462396.7289703
  start: 1685461948.2751405
