event_sleeping_wait_all:
  end: 1685466296.6925657
  start: 1685466043.3889258
