event_sleeping_wait_all:
  end: 1685464236.6622279
  start: 1685464203.3291197
