event_sleeping_wait_all:
  end: 1685462499.176108
  start: 1685462448.3252952
