event_sleeping:
  end: 1685461616.6925826
  start: 1685461363.2764525
