event_sleeping_wait_all:
  end: 1685466399.152262
  start: 1685466348.3845522
