event_sleeping:
  end: 1685461616.7293935
  start: 1685461278.3692284
