event_sleeping_wait_all:
  end: 1685463354.2278433
  start: 1685463118.2681193
