event_sleeping:
  end: 1685461226.7290437
  start: 1685461083.3359537
