event_sleeping:
  end: 1685462184.2293057
  start: 1685462058.2882369
