event_sleeping_wait_all:
  end: 1685462964.220107
  start: 1685462728.26983
