event_sleeping_wait_all:
  end: 1685463549.1631804
  start: 1685463405.9389138
