event_sleeping:
  end: 1685462006.6601098
  start: 1685461668.379835
