event_sleeping_wait_all:
  end: 1685462481.6600072
  start: 1685462448.3640711
