event_sleeping_wait_all:
  end: 1685463066.6895416
  start: 1685463015.8678522
