event_sleeping_wait_all:
  end: 1685462676.6321201
  start: 1685462533.2803707
