event_sleeping_wait_all:
  end: 1685462396.729878
  start: 1685462235.95014
