event_sleeping:
  end: 1685461031.7347775
  start: 1685460921.64083
