event_sleeping:
  end: 1685462481.6606247
  start: 1685461948.3032594
