event_sleeping:
  end: 1685463549.2278562
  start: 1685463313.3144863
