event_sleeping:
  end: 1685461701.7289636
  start: 1685461168.2508335
