event_sleeping:
  end: 1685463261.7289898
  start: 1685463118.2133439
