event_sleeping:
  end: 1685463066.6599536
  start: 1685463033.3193312
