event_sleeping:
  end: 1685461031.7281194
  start: 1685460921.6405764
