event_sleeping:
  end: 1685461896.7281199
  start: 1685461753.3283935
