event_sleeping:
  end: 1685462786.6920843
  start: 1685462533.230395
