event_sleeping:
  end: 1685461116.6625023
  start: 1685461083.3226175
