event_sleeping:
  end: 1685462981.7281785
  start: 1685462838.315666
