event_sleeping_wait_all:
  end: 1685463901.7290022
  start: 1685463563.6866198
