event_sleeping:
  end: 1685462731.6765049
  start: 1685462588.7001727
