event_sleeping_wait_all:
  end: 1685465266.700543
  start: 1685465123.717529
