event_sleeping_wait_all:
  end: 1685465656.7293308
  start: 1685465513.7451072
