event_sleeping:
  end: 1685463316.7001016
  start: 1685463173.8420112
