event_sleeping_wait_all:
  end: 1685465071.728975
  start: 1685464733.6909127
