event_sleeping_wait_all:
  end: 1685467021.7290564
  start: 1685466488.7498004
