event_sleeping_wait_all:
  end: 1685464096.6359706
  start: 1685463953.7778862
