event_sleeping:
  end: 1685463511.7291763
  start: 1685463368.6823628
