event_sleeping:
  end: 1685462146.729068
  start: 1685462003.6634285
