event_sleeping:
  end: 1685461756.6361122
  start: 1685461613.6248071
