event_sleeping_wait_all:
  end: 1685464681.660104
  start: 1685464538.706172
