event_sleeping:
  end: 1685461561.660199
  start: 1685461223.719261
