event_sleeping_wait_all:
  end: 1685465461.729012
  start: 1685465318.7267246
