event_sleeping:
  end: 1685460976.6681013
  start: 1685460921.6328676
