event_sleeping_wait_all:
  end: 1685464486.7293742
  start: 1685464343.7556698
