event_sleeping:
  end: 1685462341.7293057
  start: 1685462198.7942076
