event_sleeping:
  end: 1685462536.7289472
  start: 1685462393.772585
