event_sleeping_wait_all:
  end: 1685465851.7294385
  start: 1685465708.6964915
