event_sleeping_wait_all:
  end: 1685466241.7291617
  start: 1685465903.723007
