event_sleeping:
  end: 1685461171.7292283
  start: 1685461028.6576364
