event_sleeping_wait_all:
  end: 1685464291.708062
  start: 1685464148.7101138
