event_sleeping_wait_all:
  end: 1685466436.7291832
  start: 1685466293.7302272
