event_sleeping:
  end: 1685462926.7290137
  start: 1685462783.7163928
