event_sleeping:
  end: 1685463121.7293096
  start: 1685462978.7107947
