event_sleeping:
  end: 1685461951.72941
  start: 1685461808.6970384
