event_sleeping:
  end: 1685754907.318752
  start: 1685754517.236972
