event_sleeping:
  end: 1685754517.2279131
  start: 1685754517.2269483
