event_sleeping:
  end: 1685754729.8160782
  start: 1685754568.9001102
