event_sleeping:
  end: 1685755194.815962
  start: 1685754568.8737226
