event_sleeping:
  end: 1685754517.227558
  start: 1685754517.2273905
