event_sleeping:
  end: 1685754609.7732131
  start: 1685754517.2283013
