event_sleeping:
  end: 1685754517.2300336
  start: 1685754517.2299294
