event_sleeping:
  end: 1685754822.2200859
  start: 1685754568.84277
