event_sleeping:
  end: 1685755352.2840228
  start: 1685755212.8150206
