event_sleeping:
  end: 1685754962.3158379
  start: 1685754819.286535
