event_sleeping:
  end: 1685755157.2194986
  start: 1685755014.35563
