event_sleeping:
  end: 1685754767.2921176
  start: 1685754623.9161124
