event_sleeping:
  end: 1685754572.2240026
  start: 1685754517.2255898
