event_sleeping:
  end: 1685320828.9059591
  start: 1685320592.4407098
