event_sleeping:
  end: 1685318981.3999903
  start: 1685318837.513976
