event_sleeping:
  end: 1685321803.9026937
  start: 1685321567.4444993
