event_sleeping:
  end: 1685319938.8120031
  start: 1685319904.9967105
