event_sleeping:
  end: 1685319853.899971
  start: 1685319692.431592
