event_sleeping:
  end: 1685319641.3148503
  start: 1685319497.502857
