event_sleeping:
  end: 1685320421.359822
  start: 1685320277.4305794
