event_sleeping:
  end: 1685320913.8359551
  start: 1685320879.9928555
