event_sleeping:
  end: 1685321516.3343222
  start: 1685320964.889447
