event_sleeping:
  end: 1685320541.308103
  start: 1685320472.4216015
