event_sleeping:
  end: 1685319446.4029925
  start: 1685319032.4537983
