event_sleeping:
  end: 1685318786.4022036
  start: 1685318642.4503918
