event_sleeping:
  end: 1685320226.3999078
  start: 1685319989.9091249
