event_sleeping:
  end: 1685318591.3999755
  start: 1685318430.9803474
