event_sleeping:
  end: 1685318378.8999536
  start: 1685317988.816857
