event_sleeping:
  end: 1685320523.9021177
  start: 1685320379.6870553
