event_sleeping:
  end: 1685320718.9000132
  start: 1685320574.7301474
