event_sleeping:
  end: 1685318488.9024446
  start: 1685318252.1457796
