event_sleeping:
  end: 1685318591.354058
  start: 1685318539.701924
