event_sleeping:
  end: 1685321888.902306
  start: 1685321762.1908762
