event_sleeping:
  end: 1685319956.3052843
  start: 1685319887.1686153
