event_sleeping:
  end: 1685319658.8761308
  start: 1685319404.6667085
