event_sleeping:
  end: 1685320133.852097
  start: 1685320007.1043828
