event_sleeping:
  end: 1685321711.3998773
  start: 1685320769.6988192
