event_sleeping:
  end: 1685318963.8361154
  start: 1685318642.1528547
