event_sleeping:
  end: 1685319268.850365
  start: 1685319014.6440856
