event_sleeping:
  end: 1685319836.362192
  start: 1685319709.702248
