event_sleeping:
  end: 1685320328.8885112
  start: 1685320184.6580641
