event_sleeping:
  end: 1685318201.3268325
  start: 1685318039.61335
