event_sleeping:
  end: 1685319353.8364024
  start: 1685319319.684174
