event_sleeping:
  end: 1685317988.811049
  start: 1685317988.8110225
