event_sleeping:
  end: 1685320438.902001
  start: 1685320277.1585371
