event_sleeping:
  end: 1685319836.3740866
  start: 1685319617.2172167
