event_sleeping:
  end: 1685319938.8523014
  start: 1685319887.181603
