event_sleeping:
  end: 1685321693.88424
  start: 1685321354.719239
