event_sleeping:
  end: 1685318861.3080478
  start: 1685318717.1728299
