event_sleeping:
  end: 1685320828.868562
  start: 1685320592.1278586
