event_sleeping:
  end: 1685320913.8360438
  start: 1685320879.7177348
