event_sleeping:
  end: 1685322193.8041036
  start: 1685321744.6455767
