event_sleeping:
  end: 1685317988.8119905
  start: 1685317988.8116374
