event_sleeping:
  end: 1685319353.836603
  start: 1685319032.1447902
