event_sleeping:
  end: 1685320226.3319075
  start: 1685319989.6779552
