event_sleeping:
  end: 1685318666.4023538
  start: 1685318039.6080053
