event_sleeping:
  end: 1685321303.8999708
  start: 1685320964.6373317
