event_sleeping:
  end: 1685320541.3087428
  start: 1685320489.7042336
