event_sleeping:
  end: 1685318981.3183506
  start: 1685318912.1443348
