event_sleeping:
  end: 1685319566.3712008
  start: 1685319404.6531706
