event_sleeping:
  end: 1685318963.836499
  start: 1685318819.6440022
