event_sleeping:
  end: 1685321608.8280838
  start: 1685321159.7070339
