event_sleeping:
  end: 1685320421.4016225
  start: 1685320202.1512687
