event_sleeping:
  end: 1685318081.3968072
  start: 1685317988.810272
