event_sleeping:
  end: 1685319566.3710182
  start: 1685319497.2082326
