event_sleeping:
  end: 1685322193.9022849
  start: 1685321744.6443286
