event_sleeping:
  end: 1685319251.3451319
  start: 1685319014.6024191
