event_sleeping:
  end: 1685320031.4020672
  start: 1685319617.1627493
