event_sleeping:
  end: 1685320616.4021337
  start: 1685320472.209662
