event_sleeping:
  end: 1685318768.8601756
  start: 1685318624.7228963
