event_sleeping:
  end: 1685321693.8361936
  start: 1685321659.670414
