event_sleeping:
  end: 1685321108.899992
  start: 1685320667.2372243
