event_sleeping:
  end: 1685318573.9023793
  start: 1685318429.6092908
