event_sleeping:
  end: 1685318378.8120253
  start: 1685318132.2194242
