event_sleeping:
  end: 1685320151.3680847
  start: 1685320082.2221706
