event_sleeping:
  end: 1685319446.4023695
  start: 1685319302.1403577
