event_sleeping:
  end: 1685321498.814216
  start: 1685321464.5661738
