event_sleeping:
  end: 1685318981.3177457
  start: 1685318929.5851054
