event_sleeping:
  end: 1685318878.8441238
  start: 1685318429.5656888
