event_sleeping:
  end: 1685318378.8443377
  start: 1685318344.538926
