event_sleeping:
  end: 1685320243.9025242
  start: 1685320099.5560212
