event_sleeping:
  end: 1685321218.9023836
  start: 1685320964.597189
