event_sleeping:
  end: 1685319463.9022262
  start: 1685319319.574701
