event_sleeping:
  end: 1685319268.8201406
  start: 1685319032.0168025
