event_sleeping:
  end: 1685320616.4023523
  start: 1685320294.6364722
