event_sleeping:
  end: 1685321711.4001753
  start: 1685321549.5742338
