event_sleeping:
  end: 1685317988.812176
  start: 1685317988.8121557
