event_sleeping:
  end: 1685318293.8040273
  start: 1685318039.4945729
