event_sleeping:
  end: 1685320048.8304243
  start: 1685319794.6519496
