event_sleeping:
  end: 1685322176.4023135
  start: 1685321762.177454
