event_sleeping:
  end: 1685321413.8040533
  start: 1685321269.6746376
