event_sleeping:
  end: 1685320718.8440027
  start: 1685320667.1711133
