event_sleeping:
  end: 1685320913.899941
  start: 1685320769.5836818
