event_sleeping:
  end: 1685318628.828029
  start: 1685318485.0379643
