event_sleeping:
  end: 1685319798.8116977
  start: 1685319675.0469882
