event_sleeping:
  end: 1685319993.9024286
  start: 1685319849.9235451
