event_sleeping:
  end: 1685319213.8807003
  start: 1685319070.0051053
