event_sleeping:
  end: 1685318043.8441064
  start: 1685317988.808998
