event_sleeping:
  end: 1685320773.9022179
  start: 1685320629.9725826
