event_sleeping:
  end: 1685319603.8316894
  start: 1685319460.0305235
