event_sleeping:
  end: 1685320188.902229
  start: 1685320045.0267525
