event_sleeping:
  end: 1685319018.8999493
  start: 1685318875.0115259
