event_sleeping:
  end: 1685320383.902497
  start: 1685320240.0336545
