event_sleeping:
  end: 1685321553.8961246
  start: 1685320825.0065718
