event_sleeping:
  end: 1685318238.8086553
  start: 1685318094.6912825
