event_sleeping:
  end: 1685318433.9023821
  start: 1685318289.9255872
