event_sleeping:
  end: 1685319408.9023867
  start: 1685319265.050533
