event_sleeping:
  end: 1685321748.8280482
  start: 1685321605.069505
