event_sleeping:
  end: 1685320578.8322334
  start: 1685320435.0739806
