event_sleeping:
  end: 1685047255.8958957
  start: 1685046865.8105204
