event_sleeping:
  end: 1685047858.4031208
  start: 1685047714.3996484
