event_sleeping:
  end: 1685047468.3964407
  start: 1685047306.9266546
