event_sleeping:
  end: 1685048323.3720016
  start: 1685047909.4828467
