event_sleeping:
  end: 1685047663.3240743
  start: 1685047519.4405272
