event_sleeping:
  end: 1685048518.3099036
  start: 1685048374.4275353
