event_sleeping:
  end: 1685046865.8097866
  start: 1685046865.8097658
