event_sleeping:
  end: 1685047078.3987799
  start: 1685046916.588571
