event_sleeping:
  end: 1685048230.8199403
  start: 1685048196.6957138
