event_sleeping:
  end: 1685048535.898756
  start: 1685048281.6505105
