event_sleeping:
  end: 1685048145.8988624
  start: 1685047891.7170749
