event_sleeping:
  end: 1685047365.885664
  start: 1685047129.211983
