event_sleeping:
  end: 1685047840.8988335
  start: 1685047519.171242
