event_sleeping:
  end: 1685047543.3986444
  start: 1685046916.594023
