event_sleeping:
  end: 1685048713.3989172
  start: 1685048494.229891
