event_sleeping:
  end: 1685048230.8959346
  start: 1685047909.114557
