event_sleeping:
  end: 1685046865.80967
  start: 1685046865.8095353
