event_sleeping:
  end: 1685047858.3347116
  start: 1685047789.1313164
