event_sleeping:
  end: 1685047738.299996
  start: 1685047594.2591245
