event_sleeping:
  end: 1685048443.410917
  start: 1685048281.6895916
