event_sleeping:
  end: 1685046958.3221583
  start: 1685046865.8086069
