event_sleeping:
  end: 1685048323.4086673
  start: 1685048179.1066344
