event_sleeping:
  end: 1685047840.899037
  start: 1685047696.703458
