event_sleeping:
  end: 1685048128.3089914
  start: 1685047891.7183807
