event_sleeping:
  end: 1685047255.8961704
  start: 1685047009.1363497
