event_sleeping:
  end: 1685047450.8760955
  start: 1685047306.6726737
