event_sleeping:
  end: 1685048443.368179
  start: 1685048374.213798
