event_sleeping:
  end: 1685048908.3988876
  start: 1685048494.1866488
