event_sleeping:
  end: 1685047645.8988364
  start: 1685047501.7084298
