event_sleeping:
  end: 1685047755.8376172
  start: 1685047306.5653093
