event_sleeping:
  end: 1685047255.8318894
  start: 1685047221.6274214
