event_sleeping:
  end: 1685048145.8991654
  start: 1685047909.1152146
