event_sleeping:
  end: 1685047170.8988204
  start: 1685046916.5879846
