event_sleeping:
  end: 1685047858.367259
  start: 1685047806.5760849
