event_sleeping:
  end: 1685048620.898799
  start: 1685048391.5992692
