event_sleeping:
  end: 1685046865.8102438
  start: 1685046865.8100953
