event_sleeping:
  end: 1685048340.8601162
  start: 1685048196.6371956
