event_sleeping:
  end: 1685047115.869763
  start: 1685046971.6715555
