event_sleeping:
  end: 1685048090.8990612
  start: 1685047947.027065
