event_sleeping:
  end: 1685047895.8969336
  start: 1685047752.0648458
