event_sleeping:
  end: 1685047310.8987124
  start: 1685047167.0357397
