event_sleeping:
  end: 1685047505.8988478
  start: 1685047362.0692415
