event_sleeping:
  end: 1685048480.899126
  start: 1685048337.0396702
