event_sleeping:
  end: 1685048285.8695807
  start: 1685048142.0930388
