event_sleeping:
  end: 1685047700.8987818
  start: 1685047556.993886
