event_sleeping:
  end: 1685046920.856004
  start: 1685046865.8050082
