event_sleeping_wait_all:
  end: 1685482146.2191937
  start: 1685482095.7446647
