event_sleeping_wait_all:
  end: 1685482536.2742362
  start: 1685482393.1768825
