event_sleeping_wait_all:
  end: 1685483001.2687652
  start: 1685482588.2016172
