event_sleeping_wait_all:
  end: 1685482043.7690594
  start: 1685481790.693314
