event_sleeping:
  end: 1685481738.7680783
  start: 1685481543.678589
