event_sleeping_wait_all:
  end: 1685482341.180209
  start: 1685482198.1233497
