event_sleeping_wait_all:
  end: 1685483781.2688766
  start: 1685483248.247857
