event_sleeping_wait_all:
  end: 1685483196.2688072
  start: 1685483053.182256
