event_sleeping_wait_all:
  end: 1685483391.2362125
  start: 1685483155.396959
