event_sleeping:
  end: 1685481543.677278
  start: 1685481543.6765714
