event_sleeping_wait_all:
  end: 1685482433.7359204
  start: 1685482197.9517448
