event_sleeping_wait_all:
  end: 1685481756.2202353
  start: 1685481595.3693655
