event_sleeping_wait_all:
  end: 1685483103.7358906
  start: 1685482765.409993
