event_sleeping_wait_all:
  end: 1685482146.2678564
  start: 1685481807.8779778
