event_sleeping_wait_all:
  end: 1685482713.7561693
  start: 1685482485.419331
