event_sleeping_wait_all:
  end: 1685482221.1880913
  start: 1685481985.3694174
