event_sleeping_wait_all:
  end: 1685482416.1960216
  start: 1685482272.8132248
