event_sleeping_wait_all:
  end: 1685483121.2159412
  start: 1685483070.3948655
