event_sleeping_wait_all:
  end: 1685483391.236856
  start: 1685483172.8764184
