event_sleeping_wait_all:
  end: 1685482536.2321444
  start: 1685482467.8813736
