event_sleeping_wait_all:
  end: 1685481848.735709
  start: 1685481705.419634
