event_sleeping_wait_all:
  end: 1685481933.7034864
  start: 1685481900.4281306
