event_sleeping:
  end: 1685481653.7678556
  start: 1685481543.679345
