event_sleeping_wait_all:
  end: 1685483018.768688
  start: 1685482587.888947
