event_sleeping_wait_all:
  end: 1685483298.748083
  start: 1685483172.9152877
