event_sleeping_wait_all:
  end: 1685482806.1721852
  start: 1685482680.4257307
