event_sleeping:
  end: 1685481636.23991
  start: 1685481543.6824462
