event_sleeping_wait_all:
  end: 1685482628.7688682
  start: 1685482290.4155586
