event_sleeping_wait_all:
  end: 1685483001.2694361
  start: 1685482857.8172433
