event_sleeping_wait_all:
  end: 1685482238.7359972
  start: 1685481900.428895
