event_sleeping_wait_all:
  end: 1685481848.7725255
  start: 1685481687.8782678
