event_sleeping_wait_all:
  end: 1685483586.2690673
  start: 1685483350.4126105
