event_sleeping_wait_all:
  end: 1685483121.24713
  start: 1685483052.9201608
