event_sleeping_wait_all:
  end: 1685483408.7679496
  start: 1685483155.363044
