event_sleeping_wait_all:
  end: 1685484171.268133
  start: 1685483935.3192608
