event_sleeping_wait_all:
  end: 1685483103.772459
  start: 1685482587.888485
