event_sleeping_wait_all:
  end: 1685482323.7687547
  start: 1685481790.312491
