event_sleeping_wait_all:
  end: 1685482536.2325702
  start: 1685482375.3551397
