event_sleeping_wait_all:
  end: 1685483688.7020974
  start: 1685483655.3512526
