event_sleeping:
  end: 1685481653.7106326
  start: 1685481543.6826372
