event_sleeping_wait_all:
  end: 1685483883.7679296
  start: 1685483740.3358414
