event_sleeping_wait_all:
  end: 1685481738.7019806
  start: 1685481705.3075764
