event_sleeping_wait_all:
  end: 1685483603.768911
  start: 1685483460.3538504
