event_sleeping:
  end: 1685481793.7321227
  start: 1685481666.1062431
