event_sleeping:
  end: 1685483353.7689917
  start: 1685483210.7476168
