event_sleeping:
  end: 1685482963.676135
  start: 1685482820.8297417
