event_sleeping_wait_all:
  end: 1685483548.7359412
  start: 1685483405.7329462
