event_sleeping:
  end: 1685483158.7480595
  start: 1685483015.809665
