event_sleeping:
  end: 1685481598.7255435
  start: 1685481543.6781433
