event_sleeping:
  end: 1685482768.768998
  start: 1685482625.6909757
