event_sleeping:
  end: 1685482183.7688475
  start: 1685481845.6658125
