event_sleeping_wait_all:
  end: 1685484133.6719873
  start: 1685483990.8124368
