event_sleeping:
  end: 1685482378.7359731
  start: 1685482235.7898972
