event_sleeping_wait_all:
  end: 1685483938.7480066
  start: 1685483795.705009
