event_sleeping:
  end: 1685482573.6921952
  start: 1685482430.7270584
