event_sleeping_wait_all:
  end: 1685483743.6760716
  start: 1685483600.7873356
