event_sleeping_wait_all:
  end: 1683068675.1677732
  start: 1683068531.92578
