event_sleeping_wait_all:
  end: 1683068182.6558988
  start: 1683067929.525595
