event_sleeping_wait_all:
  end: 1683069352.64757
  start: 1683069191.975247
