event_sleeping_wait_all:
  end: 1683068267.649915
  start: 1683068234.363657
