event_sleeping_wait_all:
  end: 1683070132.7155478
  start: 1683069989.3498871
