event_sleeping_wait_all:
  end: 1683069937.7115996
  start: 1683069404.2973025
