event_sleeping_wait_all:
  end: 1683068480.2173555
  start: 1683068319.281599
