event_sleeping_wait_all:
  end: 1683069140.1686811
  start: 1683068726.7496543
