event_sleeping:
  end: 1683067877.722254
  start: 1683067700.125854
