event_sleeping_wait_all:
  end: 1683070235.1671412
  start: 1683070184.400257
