event_sleeping:
  end: 1683067700.1257677
  start: 1683067700.1256616
