event_sleeping_wait_all:
  end: 1683067877.71546
  start: 1683067751.8442407
