event_sleeping_wait_all:
  end: 1683068555.1675332
  start: 1683068319.2818363
