event_sleeping_wait_all:
  end: 1683068267.715511
  start: 1683067929.3354082
