event_sleeping_wait_all:
  end: 1683069547.646404
  start: 1683069311.8498206
