event_sleeping_wait_all:
  end: 1683070040.143563
  start: 1683069701.8567567
