event_sleeping_wait_all:
  end: 1683068870.2155514
  start: 1683068606.8271103
