event_sleeping_wait_all:
  end: 1683070412.61946
  start: 1683070091.7701604
