event_sleeping_wait_all:
  end: 1683069260.1857219
  start: 1683068921.8297684
