event_sleeping_wait_all:
  end: 1683070607.7154627
  start: 1683070464.2415612
