event_sleeping_wait_all:
  end: 1683069650.1674597
  start: 1683069599.3105412
