event_sleeping_wait_all:
  end: 1683070895.1837327
  start: 1683070659.3926792
