event_sleeping_wait_all:
  end: 1683069157.7165976
  start: 1683068709.6120894
