event_sleeping_wait_all:
  end: 1683069937.720841
  start: 1683069777.1895263
