event_sleeping:
  end: 1683067792.6876674
  start: 1683067700.1250856
