event_sleeping_wait_all:
  end: 1683070235.1679862
  start: 1683069989.631912
