event_sleeping_wait_all:
  end: 1683068657.6493852
  start: 1683068624.714053
