event_sleeping_wait_all:
  end: 1683067970.2166715
  start: 1683067844.5973682
