event_sleeping_wait_all:
  end: 1683068377.7155533
  start: 1683068124.66688
