event_sleeping_wait_all:
  end: 1683069725.2156649
  start: 1683069582.178152
