event_sleeping_wait_all:
  end: 1683068572.703802
  start: 1683068429.664808
