event_sleeping_wait_all:
  end: 1683069242.6492424
  start: 1683069209.6683004
