event_sleeping_wait_all:
  end: 1683069530.215667
  start: 1683069294.6164548
