event_sleeping_wait_all:
  end: 1683068072.663536
  start: 1683068022.267562
