event_sleeping_wait_all:
  end: 1683069437.716757
  start: 1683069311.8500073
