event_sleeping_wait_all:
  end: 1683068962.7155468
  start: 1683068819.3101277
