event_sleeping_wait_all:
  end: 1683069140.2027352
  start: 1683069014.314039
