event_sleeping_wait_all:
  end: 1683070717.7114847
  start: 1683070379.1985154
