event_sleeping_wait_all:
  end: 1683071387.6956117
  start: 1683071159.3432035
