event_sleeping_wait_all:
  end: 1683070802.6498284
  start: 1683070769.3779016
