event_sleeping_wait_all:
  end: 1683069827.6673613
  start: 1683069776.9003422
