event_sleeping_wait_all:
  end: 1683069260.1850848
  start: 1683069191.8036273
