event_sleeping:
  end: 1683067775.1596777
  start: 1683067700.1254005
