event_sleeping_wait_all:
  end: 1683070327.6196015
  start: 1683070166.8817964
