event_sleeping_wait_all:
  end: 1683067987.7155187
  start: 1683067826.8827088
