event_sleeping_wait_all:
  end: 1683068767.6316986
  start: 1683068429.2979453
