event_sleeping_wait_all:
  end: 1683071692.7155325
  start: 1683071439.297867
