event_sleeping_wait_all:
  end: 1683068377.6476626
  start: 1683068039.3959856
