event_sleeping_wait_all:
  end: 1683072455.2156968
  start: 1683071744.399717
