event_sleeping_wait_all:
  end: 1683070115.1836066
  start: 1683069879.3407576
