event_sleeping_wait_all:
  end: 1683069725.21541
  start: 1683069489.3897998
