event_sleeping_wait_all:
  end: 1683071107.7155917
  start: 1683070854.34268
