event_sleeping_wait_all:
  end: 1683068462.639624
  start: 1683067929.3414567
