event_sleeping_wait_all:
  end: 1683069242.7154553
  start: 1683068709.4402268
