event_sleeping_wait_all:
  end: 1683067877.6474519
  start: 1683067844.3494112
