event_sleeping_wait_all:
  end: 1683070625.167725
  start: 1683070379.389932
