event_sleeping_wait_all:
  end: 1683069845.163691
  start: 1683069794.3087645
