event_sleeping_wait_all:
  end: 1683069742.6396375
  start: 1683069599.310285
