event_sleeping:
  end: 1683067792.6883407
  start: 1683067700.126032
