event_sleeping_wait_all:
  end: 1683068657.715559
  start: 1683068514.2807212
