event_sleeping_wait_all:
  end: 1683070040.2153764
  start: 1683069896.8455753
