event_sleeping_wait_all:
  end: 1683070327.7036877
  start: 1683070091.9483738
