event_sleeping_wait_all:
  end: 1683069547.6459801
  start: 1683069294.4760857
