event_sleeping:
  end: 1683069687.7156618
  start: 1683069544.3240693
