event_sleeping_wait_all:
  end: 1683071247.7155704
  start: 1683071104.291693
