event_sleeping_wait_all:
  end: 1683070857.7166917
  start: 1683070714.332214
