event_sleeping:
  end: 1683068517.7164893
  start: 1683068374.317031
