event_sleeping_wait_all:
  end: 1683072222.716279
  start: 1683072079.3441315
