event_sleeping:
  end: 1683070272.6455288
  start: 1683070129.3356874
