event_sleeping:
  end: 1683068712.6555307
  start: 1683068569.290344
