event_sleeping:
  end: 1683070077.715609
  start: 1683069934.2459779
