event_sleeping_wait_all:
  end: 1683072027.6955109
  start: 1683071884.214896
