event_sleeping:
  end: 1683068907.7166338
  start: 1683068764.2244911
