event_sleeping:
  end: 1683067737.6476526
  start: 1683067700.1244254
