event_sleeping_wait_all:
  end: 1683072417.7165112
  start: 1683072274.3093052
