event_sleeping:
  end: 1683068322.7169094
  start: 1683067984.3011568
