event_sleeping_wait_all:
  end: 1683071052.7166102
  start: 1683070909.3427172
