event_sleeping:
  end: 1683069882.6174505
  start: 1683069739.3488443
