event_sleeping:
  end: 1683069492.7155354
  start: 1683069349.2955976
