event_sleeping_wait_all:
  end: 1683070662.703608
  start: 1683070324.209238
