event_sleeping_wait_all:
  end: 1683071442.716672
  start: 1683071299.3465457
