event_sleeping:
  end: 1683069297.6795874
  start: 1683069154.2309043
