event_sleeping:
  end: 1683067932.7155247
  start: 1683067793.1924481
