event_sleeping:
  end: 1683069102.6396294
  start: 1683068959.322125
