event_sleeping_wait_all:
  end: 1683071832.623577
  start: 1683071494.2822242
