event_sleeping:
  end: 1682991745.039532
  start: 1682991531.5165813
