event_sleeping:
  end: 1682991550.0087798
  start: 1682991531.5160842
