event_sleeping:
  end: 1682991642.6128166
  start: 1682991531.516777
