event_sleeping:
  end: 1682991642.603618
  start: 1682991531.5134048
