event_sleeping:
  end: 1682991642.511602
  start: 1682991531.5169072
