event_sleeping:
  end: 1682991587.5635552
  start: 1682991531.5154765
