event_sleeping:
  end: 1682991782.575572
  start: 1682991639.146768
