event_sleeping_wait_all:
  end: 1685401175.8652153
  start: 1685401032.776135
