event_sleeping_wait_all:
  end: 1685400980.8156583
  start: 1685400930.293372
