event_sleeping:
  end: 1685400590.8670588
  start: 1685400395.770471
