event_sleeping_wait_all:
  end: 1685400878.365184
  start: 1685400642.7770581
