event_sleeping_wait_all:
  end: 1685400980.8640733
  start: 1685400642.4786458
