event_sleeping:
  end: 1685400395.7731745
  start: 1685400395.7730675
