event_sleeping_wait_all:
  end: 1685400590.8683016
  start: 1685400447.445353
