event_sleeping_wait_all:
  end: 1685401565.7680736
  start: 1685401320.0389822
