event_sleeping_wait_all:
  end: 1685401268.3651652
  start: 1685401032.4921412
