event_sleeping_wait_all:
  end: 1685400768.3159642
  start: 1685400717.4257767
