event_sleeping_wait_all:
  end: 1685401055.8320284
  start: 1685400819.965625
