event_sleeping_wait_all:
  end: 1685400665.7882235
  start: 1685400522.4942758
