event_sleeping:
  end: 1685400470.8410978
  start: 1685400395.7729256
