event_sleeping_wait_all:
  end: 1685401055.86395
  start: 1685400735.032981
