event_sleeping_wait_all:
  end: 1685400683.3639972
  start: 1685400522.4709382
