event_sleeping:
  end: 1685400470.8414323
  start: 1685400395.7710428
