event_sleeping:
  end: 1685400470.8407211
  start: 1685400395.771669
