event_sleeping_wait_all:
  end: 1685401175.8649004
  start: 1685400642.3909652
