event_sleeping_wait_all:
  end: 1685400590.8331714
  start: 1685400522.4260824
