event_sleeping:
  end: 1685401018.2721426
  start: 1685400680.4351668
