event_sleeping_wait_all:
  end: 1685401213.3653715
  start: 1685401070.306049
