event_sleeping:
  end: 1685400433.303314
  start: 1685400395.7732508
