event_sleeping_wait_all:
  end: 1685401408.3652236
  start: 1685401265.423055
