event_sleeping:
  end: 1685400628.3652878
  start: 1685400500.6930654
