event_sleeping_wait_all:
  end: 1685401603.3562508
  start: 1685401460.3468406
