event_sleeping:
  end: 1685329039.0666773
  start: 1685328843.976609
