event_sleeping:
  end: 1685329411.4992142
  start: 1685329377.670191
