event_sleeping:
  end: 1685330284.0601628
  start: 1685329852.651013
