event_sleeping:
  end: 1685329326.5651422
  start: 1685329090.1333537
