event_sleeping:
  end: 1685330479.0360963
  start: 1685330335.1442897
