event_sleeping:
  end: 1685329801.5640392
  start: 1685329657.6283314
