event_sleeping:
  end: 1685331064.0651786
  start: 1685330530.082661
