event_sleeping:
  end: 1685329606.5239887
  start: 1685329462.5863776
