event_sleeping:
  end: 1685329411.5638287
  start: 1685329072.365823
