event_sleeping:
  end: 1685330691.565099
  start: 1685330454.8505626
