event_sleeping:
  end: 1685330404.0641246
  start: 1685330047.3474758
