event_sleeping:
  end: 1685328843.9758964
  start: 1685328843.9756563
