event_sleeping:
  end: 1685329996.5262177
  start: 1685329767.3373337
