event_sleeping:
  end: 1685329716.4880955
  start: 1685329462.3887687
