event_sleeping:
  end: 1685329021.564024
  start: 1685328894.7882872
