event_sleeping:
  end: 1685330691.564061
  start: 1685330454.7693427
