event_sleeping:
  end: 1685329131.5640135
  start: 1685328987.3291357
