event_sleeping:
  end: 1685329699.0442836
  start: 1685329554.8058326
