event_sleeping:
  end: 1685330403.9832473
  start: 1685330352.3820658
