event_sleeping:
  end: 1685329801.5169995
  start: 1685329749.8716018
