event_sleeping:
  end: 1685329503.9840581
  start: 1685329267.3103304
