event_sleeping:
  end: 1685330301.5650125
  start: 1685329852.3298078
