event_sleeping:
  end: 1685329216.499093
  start: 1685329182.355608
