event_sleeping:
  end: 1685328936.5648763
  start: 1685328843.974011
