event_sleeping:
  end: 1685329114.053804
  start: 1685328987.3897243
