event_sleeping:
  end: 1685330284.068841
  start: 1685330157.3451424
