event_sleeping:
  end: 1685329911.5600102
  start: 1685329572.2440376
