event_sleeping:
  end: 1685328936.556186
  start: 1685328843.9758413
