event_sleeping:
  end: 1685330868.9880197
  start: 1685330649.8162806
