event_sleeping:
  end: 1685330598.9880896
  start: 1685330437.3031757
