event_sleeping:
  end: 1685329521.46802
  start: 1685329164.8861682
