event_sleeping:
  end: 1685330386.5167022
  start: 1685330334.891717
