event_sleeping:
  end: 1685330106.5480902
  start: 1685329962.3512754
