event_sleeping:
  end: 1685330673.9825094
  start: 1685330437.301549
