event_sleeping:
  end: 1685329818.9720485
  start: 1685329674.7694063
