event_sleeping:
  end: 1685329038.9721444
  start: 1685328987.23946
