event_sleeping:
  end: 1685330386.5638468
  start: 1685329869.7048013
