event_sleeping:
  end: 1685328936.508052
  start: 1685328843.976768
