event_sleeping:
  end: 1685329624.028131
  start: 1685329089.7237952
