event_sleeping:
  end: 1685330051.516182
  start: 1685329907.6826181
