event_sleeping:
  end: 1685330441.5320857
  start: 1685330297.681598
