event_sleeping:
  end: 1685330636.4889493
  start: 1685330492.700681
