event_sleeping:
  end: 1685329856.5143495
  start: 1685329712.661465
