event_sleeping:
  end: 1685329076.5080256
  start: 1685328932.3723428
