event_sleeping:
  end: 1685329466.5240843
  start: 1685329127.6892538
