event_sleeping:
  end: 1685330246.524137
  start: 1685330102.690729
