event_sleeping:
  end: 1685329661.5320406
  start: 1685329517.6754255
