event_sleeping:
  end: 1685328881.50329
  start: 1685328843.9688287
