event_sleeping:
  end: 1685069176.562742
  start: 1685068642.6273382
