event_sleeping:
  end: 1685070466.4960947
  start: 1685069830.1496081
