event_sleeping:
  end: 1685067719.062776
  start: 1685067575.0275493
