event_sleeping:
  end: 1685069779.0625286
  start: 1685069525.0885334
