event_sleeping:
  end: 1685068396.5081625
  start: 1685067965.1150973
