event_sleeping:
  end: 1685069473.9964304
  start: 1685069440.0928428
