event_sleeping:
  end: 1685069389.0198739
  start: 1685069227.644245
