event_sleeping:
  end: 1685067151.5159047
  start: 1685066956.4729264
