event_sleeping:
  end: 1685068591.5161393
  start: 1685068447.5716562
