event_sleeping:
  end: 1685067914.0598466
  start: 1685067770.176606
