event_sleeping:
  end: 1685067523.963417
  start: 1685067490.1649156
