event_sleeping:
  end: 1685070644.0280356
  start: 1685070517.5665236
