event_sleeping:
  end: 1685067439.062884
  start: 1685067202.5589635
