event_sleeping:
  end: 1685070151.56284
  start: 1685069914.7904868
