event_sleeping:
  end: 1685066956.4719868
  start: 1685066956.4717019
