event_sleeping:
  end: 1685068888.9968696
  start: 1685068854.8399625
