event_sleeping:
  end: 1685068516.5598922
  start: 1685068159.8529105
