event_sleeping:
  end: 1685068804.0769129
  start: 1685068567.3840647
