event_sleeping:
  end: 1685067523.9885726
  start: 1685067184.8622684
