event_sleeping:
  end: 1685069863.9960828
  start: 1685069719.905429
