event_sleeping:
  end: 1685070364.0600674
  start: 1685070202.376138
