event_sleeping:
  end: 1685069296.5627468
  start: 1685068939.8476398
