event_sleeping:
  end: 1685068109.0201023
  start: 1685067879.8583508
