event_sleeping:
  end: 1685067829.0630462
  start: 1685067574.7758548
