event_sleeping:
  end: 1685067134.0599077
  start: 1685067007.266021
