event_sleeping:
  end: 1685070559.0624797
  start: 1685070414.8660727
