event_sleeping:
  end: 1685069669.0629616
  start: 1685069347.40598
