event_sleeping:
  end: 1685067616.5478697
  start: 1685067379.7939906
