event_sleeping:
  end: 1685069669.0627093
  start: 1685069542.3706884
