event_sleeping:
  end: 1685068999.059835
  start: 1685068854.8159266
