event_sleeping:
  end: 1685068804.035485
  start: 1685068567.299624
