event_sleeping:
  end: 1685067914.0118883
  start: 1685067862.356313
