event_sleeping:
  end: 1685069176.5634334
  start: 1685069049.83211
