event_sleeping:
  end: 1685068414.012123
  start: 1685067964.8189545
