event_sleeping:
  end: 1685067811.5481026
  start: 1685067667.394992
