event_sleeping:
  end: 1685070254.004845
  start: 1685070219.7957046
