event_sleeping:
  end: 1685067328.9970431
  start: 1685067294.807535
