event_sleeping:
  end: 1685067243.992002
  start: 1685067099.8356757
