event_sleeping:
  end: 1685067049.0559528
  start: 1685066956.471075
