event_sleeping:
  end: 1685070168.9883945
  start: 1685069719.853057
