event_sleeping:
  end: 1685068516.5045538
  start: 1685068464.8041975
