event_sleeping:
  end: 1685069491.5599294
  start: 1685069227.416359
