event_sleeping:
  end: 1685071339.0625777
  start: 1685070304.7939212
