event_sleeping:
  end: 1685067634.0307164
  start: 1685067277.302164
