event_sleeping:
  end: 1685069566.562635
  start: 1685069439.836657
