event_sleeping:
  end: 1685068024.0627224
  start: 1685067684.8647842
