event_sleeping:
  end: 1685068981.5627162
  start: 1685068762.3890564
