event_sleeping:
  end: 1685068711.5628514
  start: 1685068549.8608968
