event_sleeping:
  end: 1685067048.9839697
  start: 1685066956.4705987
