event_sleeping:
  end: 1685069974.0626495
  start: 1685069617.372973
