event_sleeping:
  end: 1685068499.03889
  start: 1685068447.345186
