event_sleeping:
  end: 1685070364.0599213
  start: 1685070127.2907205
