event_sleeping:
  end: 1685068219.062793
  start: 1685068074.85346
