event_sleeping:
  end: 1685067226.4640296
  start: 1685067099.8142867
