event_sleeping:
  end: 1685069389.0600429
  start: 1685069134.7776115
