event_sleeping:
  end: 1685069083.9961054
  start: 1685069032.3602586
