event_sleeping:
  end: 1685070076.507988
  start: 1685070024.8691764
