event_sleeping:
  end: 1685070644.063004
  start: 1685070414.8642642
