event_sleeping:
  end: 1685068396.5601923
  start: 1685068269.8344586
