event_sleeping:
  end: 1685070253.9798882
  start: 1685069914.7868104
