event_sleeping:
  end: 1685068786.562901
  start: 1685068549.7429314
