event_sleeping:
  end: 1685069584.062949
  start: 1685069329.766474
