event_sleeping:
  end: 1685069864.059903
  start: 1685069634.7816598
