event_sleeping:
  end: 1685069279.0436018
  start: 1685069134.780343
