event_sleeping:
  end: 1685068999.0040197
  start: 1685068837.365974
