event_sleeping:
  end: 1685069083.9970174
  start: 1685069049.7272286
