event_sleeping:
  end: 1685067049.0563214
  start: 1685066956.4699063
