event_sleeping:
  end: 1685068499.004065
  start: 1685067982.3028016
