event_sleeping:
  end: 1685070644.0605366
  start: 1685070304.6929996
