event_sleeping:
  end: 1685067151.5146184
  start: 1685067099.8135777
