event_sleeping:
  end: 1685067736.5628176
  start: 1685067202.2584326
