event_sleeping:
  end: 1685067931.5626364
  start: 1685067787.308307
