event_sleeping:
  end: 1685069919.0627832
  start: 1685069580.2346568
