event_sleeping:
  end: 1685068944.0563757
  start: 1685068850.5687938
