event_sleeping:
  end: 1685067968.9880593
  start: 1685067825.217889
