event_sleeping:
  end: 1685070309.0080721
  start: 1685070165.235278
