event_sleeping:
  end: 1685070504.063065
  start: 1685070360.1298323
