event_sleeping:
  end: 1685068749.062847
  start: 1685068605.1706603
