event_sleeping:
  end: 1685069334.062915
  start: 1685069190.134615
