event_sleeping:
  end: 1685068163.9640863
  start: 1685068020.1401749
