event_sleeping:
  end: 1685066994.0007355
  start: 1685066956.4675055
