event_sleeping:
  end: 1685070114.0600116
  start: 1685069970.1918492
