event_sleeping:
  end: 1685067774.0534277
  start: 1685067630.1949954
