event_sleeping:
  end: 1685067189.0189233
  start: 1685067044.8430097
