event_sleeping:
  end: 1685067579.0628045
  start: 1685067240.1208587
