event_sleeping:
  end: 1685068554.0080085
  start: 1685068410.217444
