event_sleeping:
  end: 1685069139.035979
  start: 1685068995.2196574
