event_sleeping:
  end: 1685068359.0626478
  start: 1685068215.100315
