event_sleeping:
  end: 1685069529.0626063
  start: 1685069385.2122283
