event_sleeping:
  end: 1685504562.6392515
  start: 1685504367.5567913
