event_sleeping:
  end: 1685504367.544197
  start: 1685504367.544093
