event_sleeping:
  end: 1685504460.1358798
  start: 1685504367.5529454
