event_sleeping:
  end: 1685504460.060175
  start: 1685504367.5480719
