event_sleeping:
  end: 1685504460.059908
  start: 1685504367.5540345
