event_sleeping:
  end: 1685504405.0758722
  start: 1685504367.547565
