event_sleeping:
  end: 1685504600.1372247
  start: 1685504456.7693455
