event_sleeping:
  end: 1684046388.2427373
  start: 1684046244.0596514
