event_sleeping:
  end: 1684041903.211345
  start: 1684041851.5679777
