event_sleeping:
  end: 1684041318.191498
  start: 1684041288.6325264
