event_sleeping:
  end: 1684048235.7626526
  start: 1684048016.4944255
