event_sleeping:
  end: 1684042403.23493
  start: 1684042148.979059
