event_sleeping:
  end: 1684045218.2595673
  start: 1684045073.9775312
