event_sleeping:
  end: 1684042878.2464793
  start: 1684042538.9960065
