event_sleeping:
  end: 1684045718.2641358
  start: 1684045269.0532537
