event_sleeping:
  end: 1684043378.25686
  start: 1684042929.0461729
