event_sleeping:
  end: 1684043658.2593517
  start: 1684043429.0472858
