event_sleeping:
  end: 1684044243.2113745
  start: 1684044191.4671628
