event_sleeping:
  end: 1684047455.66759
  start: 1684047024.0328033
