event_sleeping:
  end: 1684042488.1754858
  start: 1684042454.021442
