event_sleeping:
  end: 1684046583.259501
  start: 1684046439.0364592
