event_sleeping:
  end: 1684041513.2595987
  start: 1684041369.0228534
