event_sleeping:
  end: 1684041800.7597702
  start: 1684041564.061266
