event_sleeping:
  end: 1684041233.1987405
  start: 1684041178.1687741
