event_sleeping:
  end: 1684044938.2187119
  start: 1684044793.9842982
