event_sleeping:
  end: 1684046193.2594953
  start: 1684045768.9875956
