event_sleeping:
  end: 1684042098.1986196
  start: 1684041954.0001807
