event_sleeping:
  end: 1684045023.1954696
  start: 1684044988.9999368
