event_sleeping:
  end: 1684044140.675483
  start: 1684043708.983096
