event_sleeping:
  end: 1684046973.211884
  start: 1684046634.025434
