event_sleeping:
  end: 1684044743.1992135
  start: 1684044293.9535851
