event_sleeping:
  end: 1684047650.7595465
  start: 1684047506.4755065
