event_sleeping:
  end: 1684047863.2631228
  start: 1684047701.590508
