event_sleeping:
  end: 1684047965.711368
  start: 1684047914.0261874
