event_sleeping:
  end: 1684041410.7443688
  start: 1684041293.3058326
