event_sleeping:
  end: 1684048253.259569
  start: 1684048091.630153
