event_sleeping:
  end: 1684043675.663696
  start: 1684043514.013455
