event_sleeping:
  end: 1684042013.2598274
  start: 1684041759.0473607
