event_sleeping:
  end: 1684042403.2666633
  start: 1684042063.999312
