event_sleeping:
  end: 1684046583.1996007
  start: 1684046439.036094
