event_sleeping:
  end: 1684043463.2155812
  start: 1684043336.509929
