event_sleeping:
  end: 1684041513.1998518
  start: 1684041461.5526946
