event_sleeping:
  end: 1684045608.1914718
  start: 1684045574.0405483
