event_sleeping:
  end: 1684046388.2424705
  start: 1684046141.5373986
