event_sleeping:
  end: 1684043285.6877036
  start: 1684043021.5170162
