event_sleeping:
  end: 1684047363.2595234
  start: 1684047134.073615
