event_sleeping:
  end: 1684044845.7596939
  start: 1684044599.0941303
