event_sleeping:
  end: 1684042970.7596142
  start: 1684042844.0216951
