event_sleeping:
  end: 1684044158.2579725
  start: 1684043996.4908504
