event_sleeping:
  end: 1684048040.7602024
  start: 1684047719.0887744
