event_sleeping:
  end: 1684044548.2536461
  start: 1684044311.559925
