event_sleeping:
  end: 1684046778.2595177
  start: 1684046633.9985948
