event_sleeping:
  end: 1684041708.2235472
  start: 1684041564.0070765
