event_sleeping:
  end: 1684041233.2283146
  start: 1684041178.1684508
