event_sleeping:
  end: 1684046090.7377877
  start: 1684045658.9877188
