event_sleeping:
  end: 1684045523.259377
  start: 1684044896.5276484
