event_sleeping:
  end: 1684047083.259774
  start: 1684046829.0728903
