event_sleeping:
  end: 1684043945.6998627
  start: 1684043726.4735289
