event_sleeping:
  end: 1684047668.2594953
  start: 1684047414.0385125
