event_sleeping:
  end: 1684044260.7145555
  start: 1684044209.0351782
