event_sleeping:
  end: 1684042793.1993709
  start: 1684042454.061678
