event_sleeping:
  end: 1684043268.1986587
  start: 1684043124.031629
