event_sleeping:
  end: 1684046498.259523
  start: 1684046354.044478
