event_sleeping:
  end: 1684042310.7625628
  start: 1684042064.0740898
