event_sleeping:
  end: 1684046303.2182765
  start: 1684045659.0170522
