event_sleeping:
  end: 1684046870.760282
  start: 1684046549.070472
