event_sleeping:
  end: 1684047948.1953895
  start: 1684047913.994019
