event_sleeping:
  end: 1684045608.2593658
  start: 1684045464.001462
