event_sleeping:
  end: 1684045413.259568
  start: 1684045091.5857825
