event_sleeping:
  end: 1684041708.1755006
  start: 1684041674.0739014
