event_sleeping:
  end: 1684045040.762701
  start: 1684044878.994574
