event_sleeping:
  end: 1684043945.6991847
  start: 1684043819.0536163
