event_sleeping:
  end: 1684043768.2075484
  start: 1684043624.0081327
