event_sleeping:
  end: 1684042013.2594097
  start: 1684041758.9587243
