event_sleeping:
  end: 1684044158.258221
  start: 1684043996.45427
