event_sleeping:
  end: 1684041623.2595508
  start: 1684041479.022459
