event_sleeping:
  end: 1684048235.7628958
  start: 1684047999.005111
