event_sleeping:
  end: 1684047863.2185001
  start: 1684047609.0235856
