event_sleeping:
  end: 1684047168.1647632
  start: 1684047134.0400474
