event_sleeping:
  end: 1684042488.2596745
  start: 1684042361.5591066
