event_sleeping:
  end: 1684041215.7029889
  start: 1684041178.1690397
