event_sleeping:
  end: 1684041428.2347243
  start: 1684041266.4886475
