event_sleeping:
  end: 1684044828.1993861
  start: 1684044776.5265353
