event_sleeping:
  end: 1684042970.7602649
  start: 1684042539.0708995
