event_sleeping:
  end: 1684043073.211582
  start: 1684043021.576145
