event_sleeping:
  end: 1684047558.2597263
  start: 1684047218.9488935
