event_sleeping:
  end: 1684044725.7594216
  start: 1684044404.0495076
