event_sleeping:
  end: 1684047083.259458
  start: 1684046921.5807846
