event_sleeping:
  end: 1684043573.1996279
  start: 1684043319.0222547
