event_sleeping:
  end: 1684044353.2554548
  start: 1684044209.0556514
