event_sleeping:
  end: 1684046888.259354
  start: 1684046743.997741
