event_sleeping:
  end: 1684046015.679471
  start: 1684045853.9832807
