event_sleeping:
  end: 1684042683.2594106
  start: 1684042454.0664027
