event_sleeping:
  end: 1684044828.2476757
  start: 1684044506.4378138
