event_sleeping:
  end: 1684046693.168415
  start: 1684046548.9924576
