event_sleeping:
  end: 1684041318.1954448
  start: 1684041284.0463169
