event_sleeping:
  end: 1684041233.2276452
  start: 1684041178.1695328
