event_sleeping:
  end: 1684042988.2595158
  start: 1684042734.0734043
