event_sleeping:
  end: 1684043853.2595668
  start: 1684043708.9296854
