event_sleeping:
  end: 1684045718.2321846
  start: 1684045573.988488
