event_sleeping:
  end: 1684045803.179484
  start: 1684045768.9978473
