event_sleeping:
  end: 1684043285.7594988
  start: 1684043039.0486183
