event_sleeping:
  end: 1684041800.7593997
  start: 1684041369.0197258
