event_sleeping:
  end: 1684043573.199951
  start: 1684043336.5093582
