event_sleeping:
  end: 1684046990.7146091
  start: 1684046939.0537984
