event_sleeping:
  end: 1684045523.1984801
  start: 1684045184.0930333
