event_sleeping:
  end: 1684042403.2680812
  start: 1684042259.0030062
