event_sleeping:
  end: 1684045133.258967
  start: 1684044878.9978619
