event_sleeping:
  end: 1684047948.1964543
  start: 1684047914.0107267
