event_sleeping:
  end: 1684042208.1927023
  start: 1684042063.9613192
