event_sleeping:
  end: 1684042013.199572
  start: 1684041851.5062795
