event_sleeping:
  end: 1684043658.183447
  start: 1684043623.9861078
