event_sleeping:
  end: 1684047558.1996105
  start: 1684047041.5549138
