event_sleeping:
  end: 1684047863.218779
  start: 1684047608.966247
