event_sleeping:
  end: 1684048160.7258117
  start: 1684047998.9814517
