event_sleeping:
  end: 1684044140.7595253
  start: 1684043904.10312
