event_sleeping:
  end: 1684046498.1986942
  start: 1684046066.5066688
