event_sleeping:
  end: 1684044455.663636
  start: 1684044191.5353513
