event_sleeping:
  end: 1684046675.762386
  start: 1684045768.9603183
