event_sleeping:
  end: 1684043658.2156992
  start: 1684043623.9262712
