event_sleeping:
  end: 1684042115.7542293
  start: 1684041953.9613106
