event_sleeping:
  end: 1684041903.211312
  start: 1684041851.429555
