event_sleeping:
  end: 1684043573.1992862
  start: 1684043123.8877742
