event_sleeping:
  end: 1684047863.2629604
  start: 1684047608.9667737
