event_sleeping:
  end: 1684044920.6748667
  start: 1684044599.0116239
