event_sleeping:
  end: 1684044548.2533944
  start: 1684044293.958974
