event_sleeping:
  end: 1684044243.2594028
  start: 1684044098.9844637
