event_sleeping:
  end: 1684041410.7436726
  start: 1684041178.2014747
