event_sleeping:
  end: 1684044048.2113967
  start: 1684043996.460369
