event_sleeping:
  end: 1684043945.7594283
  start: 1684043708.9298034
