event_sleeping:
  end: 1684043073.167584
  start: 1684042733.9268827
