event_sleeping:
  end: 1684047558.2594032
  start: 1684047431.4024794
