event_sleeping:
  end: 1684045718.1986015
  start: 1684045463.9566956
