event_sleeping:
  end: 1684048058.225365
  start: 1684047914.0207655
