event_sleeping:
  end: 1684047278.2595623
  start: 1684047116.482957
