event_sleeping:
  end: 1684047380.6796699
  start: 1684047328.9817958
