event_sleeping:
  end: 1684045115.6955357
  start: 1684044971.44189
