event_sleeping:
  end: 1684042683.195318
  start: 1684042649.0090168
