event_sleeping:
  end: 1684041800.7036586
  start: 1684041461.4929771
