event_sleeping:
  end: 1684047065.7595181
  start: 1684046921.4782026
