event_sleeping:
  end: 1684046870.7596521
  start: 1684046726.5267277
