event_sleeping:
  end: 1684045413.1986046
  start: 1684045166.4775355
