event_sleeping:
  end: 1684042598.2594934
  start: 1684042166.481351
