event_sleeping:
  end: 1684045663.2503583
  start: 1684045519.3915613
