event_sleeping:
  end: 1684042348.2205637
  start: 1684042204.3317375
