event_sleeping:
  end: 1684041568.1994903
  start: 1684041424.3770692
