event_sleeping:
  end: 1684043323.2476017
  start: 1684042984.3785133
