event_sleeping:
  end: 1684044883.24369
  start: 1684044739.2902486
