event_sleeping:
  end: 1684047808.2628317
  start: 1684047664.3702092
