event_sleeping:
  end: 1684042933.2628386
  start: 1684042399.359575
