event_sleeping:
  end: 1684041763.2595394
  start: 1684041619.3477395
