event_sleeping:
  end: 1684043908.2396326
  start: 1684043764.3661203
