event_sleeping:
  end: 1684044688.199245
  start: 1684044544.3772168
