event_sleeping:
  end: 1684046053.2157233
  start: 1684045714.4112284
