event_sleeping:
  end: 1684044298.2275198
  start: 1684044154.407082
