event_sleeping:
  end: 1684047028.2547767
  start: 1684046884.3372204
