event_sleeping:
  end: 1684044493.2561007
  start: 1684044349.3380592
