event_sleeping:
  end: 1684046833.23436
  start: 1684046689.337743
