event_sleeping:
  end: 1684042153.2595193
  start: 1684041814.374387
