event_sleeping:
  end: 1684044103.255555
  start: 1684043959.348573
