event_sleeping:
  end: 1684041178.1646094
  start: 1684041178.1645699
