event_sleeping:
  end: 1684047418.259437
  start: 1684047079.3444521
