event_sleeping:
  end: 1684045078.2525418
  start: 1684044934.3674438
