event_sleeping:
  end: 1684041373.2595284
  start: 1684041228.9995432
