event_sleeping:
  end: 1684048003.2155838
  start: 1684047859.3755443
