event_sleeping:
  end: 1684043713.1991389
  start: 1684043374.3449306
