event_sleeping:
  end: 1684046638.2315927
  start: 1684046104.3362482
