event_sleeping:
  end: 1684045468.259501
  start: 1684045129.3906605
