event_sleeping:
  end: 1684047613.259445
  start: 1684047469.4140646
