event_sleeping_wait_all:
  end: 1685672897.7412581
  start: 1685672467.1146061
