event_sleeping:
  end: 1685671652.7322216
  start: 1685671457.6836977
