event_sleeping_wait_all:
  end: 1685673092.735691
  start: 1685672949.6934607
