event_sleeping_wait_all:
  end: 1685672025.2048776
  start: 1685671992.1503184
