event_sleeping_wait_all:
  end: 1685672415.2052114
  start: 1685672272.2385983
