event_sleeping_wait_all:
  end: 1685671940.1881258
  start: 1685671704.6789446
