event_sleeping_wait_all:
  end: 1685672220.2480695
  start: 1685672077.0941267
