event_sleeping_wait_all:
  end: 1685672025.268063
  start: 1685671686.9494243
