event_sleeping_wait_all:
  end: 1685672610.1720526
  start: 1685672381.9430118
