event_sleeping_wait_all:
  end: 1685672330.2592611
  start: 1685672076.954182
