event_sleeping:
  end: 1685671457.6823819
  start: 1685671457.682362
