event_sleeping_wait_all:
  end: 1685673017.7075136
  start: 1685672661.8747582
