event_sleeping:
  end: 1685671635.262216
  start: 1685671509.389139
