event_sleeping:
  end: 1685671550.2742605
  start: 1685671457.6820917
