event_sleeping:
  end: 1685672117.75609
  start: 1685671881.854912
