event_sleeping_wait_all:
  end: 1685672915.1961513
  start: 1685672466.8822684
