event_sleeping_wait_all:
  end: 1685673017.7198834
  start: 1685672966.8522813
