event_sleeping:
  end: 1685671745.2121086
  start: 1685671601.8859332
