event_sleeping_wait_all:
  end: 1685672415.2200203
  start: 1685672364.4439557
