event_sleeping_wait_all:
  end: 1685672312.7558396
  start: 1685672169.4256382
