event_sleeping:
  end: 1685671830.1719697
  start: 1685671796.8473003
