event_sleeping_wait_all:
  end: 1685673000.2199895
  start: 1685672949.3737767
