event_sleeping_wait_all:
  end: 1685672720.1721253
  start: 1685672576.9192262
