event_sleeping_wait_all:
  end: 1685672897.7321956
  start: 1685672771.8268352
