event_sleeping_wait_all:
  end: 1685672525.2279992
  start: 1685672186.92454
