event_sleeping_wait_all:
  end: 1685672135.2361014
  start: 1685671779.4637136
