event_sleeping_wait_all:
  end: 1685673212.7519593
  start: 1685673051.885766
