event_sleeping:
  end: 1685671727.7434044
  start: 1685671601.8798814
