event_sleeping:
  end: 1685671550.2733073
  start: 1685671457.683171
