event_sleeping:
  end: 1685671652.7228622
  start: 1685671601.8319128
