event_sleeping_wait_all:
  end: 1685672237.7681527
  start: 1685671704.374798
