event_sleeping:
  end: 1685671550.2361052
  start: 1685671457.683482
