event_sleeping_wait_all:
  end: 1685672432.7641783
  start: 1685672289.3911216
