event_sleeping_wait_all:
  end: 1685673287.7103794
  start: 1685673051.8458595
