event_sleeping_wait_all:
  end: 1685673000.2680345
  start: 1685672484.3540523
