event_sleeping:
  end: 1685672665.271656
  start: 1685672522.2778914
