event_sleeping:
  end: 1685673055.264239
  start: 1685672912.3665814
