event_sleeping:
  end: 1685672860.2719753
  start: 1685672717.2807956
