event_sleeping:
  end: 1685672470.2299616
  start: 1685672327.3240511
