event_sleeping:
  end: 1685672080.1927729
  start: 1685671742.309721
