event_sleeping_wait_all:
  end: 1685673250.272087
  start: 1685673107.2665842
