event_sleeping:
  end: 1685672275.2330837
  start: 1685672132.2281885
