event_sleeping:
  end: 1685671495.2098992
  start: 1685671457.6810732
