event_sleeping:
  end: 1685671690.267936
  start: 1685671547.2679615
