event_sleeping_wait_all:
  end: 1683027842.2988772
  start: 1683027699.0201468
