event_sleeping:
  end: 1683024314.7356546
  start: 1683023883.8939362
