event_sleeping_wait_all:
  end: 1683027647.307578
  start: 1683027393.907367
