event_sleeping_wait_all:
  end: 1683024807.311614
  start: 1683024366.4537966
