event_sleeping_wait_all:
  end: 1683026477.3177805
  start: 1683026138.8841789
