event_sleeping_wait_all:
  end: 1683025392.2275932
  start: 1683025248.891539
