event_sleeping_wait_all:
  end: 1683026952.2434258
  start: 1683026918.9180348
