event_sleeping_wait_all:
  end: 1683026562.2469513
  start: 1683026528.9283767
