event_sleeping_wait_all:
  end: 1683026867.3139303
  start: 1683026613.8591568
