event_sleeping_wait_all:
  end: 1683028019.8116233
  start: 1683027893.967023
