event_sleeping_wait_all:
  end: 1683026172.311525
  start: 1683026028.8743837
