event_sleeping:
  end: 1683023637.2433944
  start: 1683023603.9766877
