event_sleeping:
  end: 1683023552.315504
  start: 1683023442.2223873
