event_sleeping_wait_all:
  end: 1683026367.3115437
  start: 1683026223.9586766
