event_sleeping:
  end: 1683024137.3136013
  start: 1683023993.9448535
