event_sleeping_wait_all:
  end: 1683026774.7250335
  start: 1683026614.052174
