event_sleeping_wait_all:
  end: 1683025392.2180543
  start: 1683025341.4119227
