event_sleeping_wait_all:
  end: 1683024899.7836938
  start: 1683024561.4245842
