event_sleeping_wait_all:
  end: 1683026189.8136418
  start: 1683026029.2427335
