event_sleeping:
  end: 1683024137.3140397
  start: 1683023994.2308989
