event_sleeping_wait_all:
  end: 1683025977.3114672
  start: 1683025834.1815307
