event_sleeping:
  end: 1683023942.2875085
  start: 1683023799.2763364
