event_sleeping:
  end: 1683024917.3117955
  start: 1683024189.2729766
