event_sleeping_wait_all:
  end: 1683025197.231595
  start: 1683025146.7740583
