event_sleeping:
  end: 1683025094.735703
  start: 1683024969.249523
