event_sleeping:
  end: 1683025679.811436
  start: 1683025553.950828
