event_sleeping:
  end: 1683025307.2537885
  start: 1683024968.980908
