event_sleeping_wait_all:
  end: 1683027239.8116486
  start: 1683027113.9186957
