event_sleeping:
  end: 1683023442.2252567
  start: 1683023442.224951
