event_sleeping_wait_all:
  end: 1683026757.252375
  start: 1683026613.8590002
