event_sleeping:
  end: 1683024917.3114417
  start: 1683024773.9439971
