event_sleeping_wait_all:
  end: 1683026087.3114269
  start: 1683025731.7166176
