event_sleeping:
  end: 1683024222.3114336
  start: 1683024078.9278393
