event_sleeping:
  end: 1683024027.3144662
  start: 1683023493.8620646
