event_sleeping:
  end: 1683024434.7636533
  start: 1683024383.9014108
