event_sleeping_wait_all:
  end: 1683025502.2187948
  start: 1683025341.4231253
