event_sleeping_wait_all:
  end: 1683027824.811586
  start: 1683027308.9704068
