event_sleeping_wait_all:
  end: 1683025892.2933369
  start: 1683025731.536059
