event_sleeping_wait_all:
  end: 1683024899.805407
  start: 1683024663.8601818
