event_sleeping_wait_all:
  end: 1683025112.249314
  start: 1683024951.5430417
