event_sleeping_wait_all:
  end: 1683026069.811666
  start: 1683025943.9737508
