event_sleeping_wait_all:
  end: 1683026562.246634
  start: 1683026528.9923284
