event_sleeping:
  end: 1683024137.3143556
  start: 1683023993.94405
