event_sleeping_wait_all:
  end: 1683026477.2197962
  start: 1683026121.5481145
