event_sleeping:
  end: 1683024277.275604
  start: 1683023743.9491525
