event_sleeping:
  end: 1683023692.3164032
  start: 1683023442.2208939
