event_sleeping:
  end: 1683025642.3115728
  start: 1683025498.9435937
