event_sleeping:
  end: 1683025447.3115375
  start: 1683025303.9701767
