event_sleeping_wait_all:
  end: 1683027202.3138032
  start: 1683026863.8583627
