event_sleeping:
  end: 1683025057.3115456
  start: 1683024913.966709
