event_sleeping:
  end: 1685703957.21395
  start: 1685703762.1269305
