event_sleeping_wait_all:
  end: 1685704542.2140012
  start: 1685704399.1433654
