event_sleeping_wait_all:
  end: 1685704244.7080224
  start: 1685704009.1795988
