event_sleeping_wait_all:
  end: 1685704347.1520314
  start: 1685704296.6817472
