event_sleeping_wait_all:
  end: 1685704634.7141008
  start: 1685704398.8379757
