event_sleeping_wait_all:
  end: 1685704932.1881096
  start: 1685704686.377958
