event_sleeping_wait_all:
  end: 1685704347.211954
  start: 1685704008.8799422
