event_sleeping:
  end: 1685703762.1191053
  start: 1685703762.1190841
