event_sleeping_wait_all:
  end: 1685703957.2123466
  start: 1685703813.8084416
