event_sleeping_wait_all:
  end: 1685704134.6160724
  start: 1685704083.8372924
