event_sleeping_wait_all:
  end: 1685704032.2137134
  start: 1685703888.8365486
