event_sleeping_wait_all:
  end: 1685704422.2120574
  start: 1685704186.2781422
