event_sleeping:
  end: 1685703837.1800394
  start: 1685703762.1219194
