event_sleeping_wait_all:
  end: 1685704617.1322968
  start: 1685704473.8184726
