event_sleeping_wait_all:
  end: 1685704422.1400983
  start: 1685704101.3172488
