event_sleeping:
  end: 1685703837.1886299
  start: 1685703762.1236942
