event_sleeping_wait_all:
  end: 1685704812.1161902
  start: 1685704473.8188033
