event_sleeping_wait_all:
  end: 1685704049.6525612
  start: 1685703888.8670805
