event_sleeping_wait_all:
  end: 1685704542.120081
  start: 1685704008.774962
