event_sleeping_wait_all:
  end: 1685703957.179869
  start: 1685703888.737236
