event_sleeping:
  end: 1685703837.1804094
  start: 1685703762.1204724
