event_sleeping:
  end: 1685703994.700166
  start: 1685703855.3383818
