event_sleeping:
  end: 1685704579.6601434
  start: 1685704436.737692
