event_sleeping_wait_all:
  end: 1685704774.628026
  start: 1685704631.742711
