event_sleeping_wait_all:
  end: 1685704969.6921625
  start: 1685704826.6760614
