event_sleeping:
  end: 1685703799.6191008
  start: 1685703762.1196158
