event_sleeping:
  end: 1685704384.6441293
  start: 1685704046.771913
