event_sleeping:
  end: 1683375980.1877835
  start: 1683375838.9044616
