event_sleeping:
  end: 1683375480.1009555
  start: 1683375480.1008556
