event_sleeping:
  end: 1683379472.6936896
  start: 1683379238.8656538
