event_sleeping:
  end: 1683377540.1915627
  start: 1683377398.9434204
