event_sleeping:
  end: 1683377625.1318493
  start: 1683377593.9675505
