event_sleeping:
  end: 1683375785.1708047
  start: 1683375533.8120565
