event_sleeping:
  end: 1683377345.1829026
  start: 1683377203.968036
