event_sleeping:
  end: 1683378905.1913698
  start: 1683378458.9317317
