event_sleeping:
  end: 1683379185.1258702
  start: 1683379153.9129965
