event_sleeping:
  end: 1683378015.1953733
  start: 1683377678.8737254
