event_sleeping:
  end: 1683376157.6335762
  start: 1683376033.9270825
