event_sleeping:
  end: 1683376455.1915796
  start: 1683376211.3368182
