event_sleeping:
  end: 1683379982.6915474
  start: 1683379646.4264433
