event_sleeping:
  end: 1683378405.1948416
  start: 1683378263.9000902
