event_sleeping:
  end: 1683379592.6595776
  start: 1683379526.4451745
