event_sleeping:
  end: 1683378210.197749
  start: 1683378068.953372
