event_sleeping:
  end: 1683379100.1947865
  start: 1683378958.8966722
