event_sleeping:
  end: 1683377150.1684887
  start: 1683376508.9320188
