event_sleeping:
  end: 1683378210.1734543
  start: 1683378086.4353948
