event_sleeping:
  end: 1683378990.1913319
  start: 1683378848.930755
