event_sleeping:
  end: 1683379575.1234548
  start: 1683379544.0489419
