event_sleeping:
  end: 1683378600.1191366
  start: 1683378458.954017
