event_sleeping:
  end: 1683376277.6915758
  start: 1683376016.3869205
