event_sleeping:
  end: 1683376937.691382
  start: 1683376331.4583368
