event_sleeping:
  end: 1683377040.1436057
  start: 1683376991.407366
