event_sleeping:
  end: 1683378032.691491
  start: 1683377788.858649
