event_sleeping:
  end: 1683375962.6075091
  start: 1683375821.4587061
