event_sleeping:
  end: 1683378405.195166
  start: 1683378263.8851614
