event_sleeping:
  end: 1683378795.1556933
  start: 1683378653.8697226
