event_sleeping:
  end: 1683377735.1036146
  start: 1683377484.0003288
