event_sleeping:
  end: 1683375767.7005944
  start: 1683375480.1041234
