event_sleeping:
  end: 1683377430.191708
  start: 1683377094.0351923
