event_sleeping:
  end: 1683379880.1835582
  start: 1683379628.8656597
