event_sleeping:
  end: 1683379490.1607316
  start: 1683379043.9544978
