event_sleeping:
  end: 1683377235.103672
  start: 1683377111.675102
