event_sleeping:
  end: 1683378710.1212049
  start: 1683378569.2148204
