event_sleeping:
  end: 1683377430.1914406
  start: 1683377289.1733973
