event_sleeping:
  end: 1683377625.0995882
  start: 1683377484.1864083
