event_sleeping:
  end: 1683379965.1281734
  start: 1683379629.2193882
