event_sleeping:
  end: 1683379100.1944952
  start: 1683378941.733086
