event_sleeping:
  end: 1683377057.6156516
  start: 1683376721.7520905
