event_sleeping:
  end: 1683379380.1951241
  start: 1683379154.2034748
