event_sleeping:
  end: 1683375480.102639
  start: 1683375480.1023233
