event_sleeping:
  end: 1683375675.1913385
  start: 1683375534.2889795
