event_sleeping:
  end: 1683375962.691362
  start: 1683375729.2143486
