event_sleeping:
  end: 1683376260.191364
  start: 1683376016.7743335
