event_sleeping:
  end: 1683379575.1914837
  start: 1683379434.2738304
