event_sleeping:
  end: 1683376667.6951919
  start: 1683376314.2339714
