event_sleeping:
  end: 1683378015.1913545
  start: 1683377874.231621
