event_sleeping:
  end: 1683378515.191436
  start: 1683378069.3490956
