event_sleeping:
  end: 1683377820.1872382
  start: 1683377679.0965862
