event_sleeping:
  end: 1683378887.6913762
  start: 1683378764.1959784
