event_sleeping:
  end: 1683378107.6915147
  start: 1683377593.958951
