event_sleeping:
  end: 1683376760.1683767
  start: 1683376526.3522716
