event_sleeping:
  end: 1683378210.143424
  start: 1683378161.4340997
