event_sleeping:
  end: 1683378905.1915116
  start: 1683378653.8710554
