event_sleeping:
  end: 1683379007.6037574
  start: 1683378958.9388263
