event_sleeping:
  end: 1683375590.1037445
  start: 1683375480.1015704
