event_sleeping:
  end: 1683377540.1951215
  start: 1683376898.8732262
