event_sleeping:
  end: 1683375675.1223576
  start: 1683375643.9148226
