event_sleeping:
  end: 1683376082.6419923
  start: 1683376033.930677
