event_sleeping:
  end: 1683375980.1967034
  start: 1683375728.9092262
