event_sleeping:
  end: 1683376845.1004832
  start: 1683376813.8571677
