event_sleeping:
  end: 1683378600.1189282
  start: 1683378568.9127247
