event_sleeping:
  end: 1683376472.6435177
  start: 1683376423.9112282
