event_sleeping:
  end: 1683379685.1913197
  start: 1683379061.3406644
