event_sleeping:
  end: 1683378515.1918507
  start: 1683378263.8835368
