event_sleeping:
  end: 1683376370.1914537
  start: 1683376136.3745158
