event_sleeping:
  end: 1683379397.6796052
  start: 1683379238.8736796
