event_sleeping:
  end: 1683377430.1931076
  start: 1683377288.8937883
