event_sleeping:
  end: 1683376937.6242788
  start: 1683376703.8887687
