event_sleeping:
  end: 1683378320.1915586
  start: 1683377983.9087222
