event_sleeping:
  end: 1683378812.6613264
  start: 1683378746.430704
