event_sleeping:
  end: 1683380075.1679397
  start: 1683379451.4530656
