event_sleeping:
  end: 1683375962.6975074
  start: 1683375480.1061583
