event_sleeping:
  end: 1683378692.6555235
  start: 1683378568.878613
