event_sleeping:
  end: 1683378515.1035972
  start: 1683378373.9458594
