event_sleeping:
  end: 1683376650.0955446
  start: 1683376313.9421573
