event_sleeping:
  end: 1683377132.6635494
  start: 1683376991.3740225
