event_sleeping:
  end: 1683377625.0994098
  start: 1683377484.0956001
