event_sleeping:
  end: 1683376260.1436617
  start: 1683376118.9008408
