event_sleeping:
  end: 1683379082.6887352
  start: 1683378866.443079
