event_sleeping:
  end: 1683379185.156223
  start: 1683379136.4605358
