event_sleeping:
  end: 1683377235.103982
  start: 1683377186.45483
