event_sleeping:
  end: 1683376065.1355739
  start: 1683376016.400735
