event_sleeping:
  end: 1683377930.1595862
  start: 1683377678.8735693
