event_sleeping:
  end: 1683378850.0955927
  start: 1683378708.8109004
