event_sleeping:
  end: 1683379045.191451
  start: 1683378903.7986517
