event_sleeping:
  end: 1683375535.1513436
  start: 1683375480.1004796
