event_sleeping:
  end: 1683375925.1941755
  start: 1683375783.8366716
