event_sleeping:
  end: 1683377485.1675582
  start: 1683377148.84829
