event_sleeping:
  end: 1683379630.191413
  start: 1683379488.844112
