event_sleeping:
  end: 1683375730.191409
  start: 1683375588.8578675
