event_sleeping:
  end: 1683376900.1022336
  start: 1683376758.8763638
