event_sleeping:
  end: 1683377095.191342
  start: 1683376953.8143694
