event_sleeping:
  end: 1683378070.1914964
  start: 1683377538.8710465
