event_sleeping:
  end: 1683379435.19144
  start: 1683379098.8535907
