event_sleeping:
  end: 1683378655.1913564
  start: 1683378318.8231595
