event_sleeping:
  end: 1683376120.134158
  start: 1683375978.9252465
