event_sleeping:
  end: 1683376510.191413
  start: 1683376368.8764904
