event_sleeping:
  end: 1683376705.1915236
  start: 1683376563.8412926
