event_sleeping:
  end: 1683376315.1913466
  start: 1683376173.9276426
