event_sleeping:
  end: 1683378265.1160307
  start: 1683378123.851326
