event_sleeping:
  end: 1684035734.0673397
  start: 1684035699.8840058
