event_sleeping:
  end: 1684031249.0710037
  start: 1684031214.913117
