event_sleeping:
  end: 1684033699.1035705
  start: 1684033054.9445384
