event_sleeping:
  end: 1684032029.0394588
  start: 1684031994.9571679
