event_sleeping:
  end: 1684036531.6316059
  start: 1684036267.4180734
