event_sleeping:
  end: 1684032706.6363204
  start: 1684032579.916777
