event_sleeping:
  end: 1684034564.1354597
  start: 1684034224.8458414
