event_sleeping:
  end: 1684032334.1355166
  start: 1684032079.8160965
