event_sleeping:
  end: 1684036801.5838037
  start: 1684036582.4633343
