event_sleeping:
  end: 1684036216.635395
  start: 1684036072.4201212
