event_sleeping:
  end: 1684031639.070909
  start: 1684031604.8837883
