event_sleeping:
  end: 1684034089.1355286
  start: 1684033944.9320312
