event_sleeping:
  end: 1684030774.136612
  start: 1684030417.4450564
