event_sleeping:
  end: 1684030079.135549
  start: 1684029934.8762505
