event_sleeping:
  end: 1684031164.1356726
  start: 1684030824.9318888
