event_sleeping:
  end: 1684032529.1354449
  start: 1684032384.9442134
