event_sleeping:
  end: 1684034174.0673878
  start: 1684034139.9027867
