event_sleeping:
  end: 1684033004.1275375
  start: 1684032757.4303966
