event_sleeping:
  end: 1684029884.0674355
  start: 1684029849.8885708
