event_sleeping:
  end: 1684031944.1357462
  start: 1684031689.8937216
