event_sleeping:
  end: 1684036021.5836256
  start: 1684035784.8364391
