event_sleeping:
  end: 1684035454.1354606
  start: 1684035004.931781
