event_sleeping:
  end: 1684030366.6355824
  start: 1684030129.9185846
