event_sleeping:
  end: 1684029799.0970025
  start: 1684029744.0457191
