event_sleeping:
  end: 1684031554.135457
  start: 1684031299.8645427
