event_sleeping:
  end: 1684034759.135381
  start: 1684034614.911931
