event_sleeping:
  end: 1684034954.135461
  start: 1684034809.898346
