event_sleeping:
  end: 1684033894.1366131
  start: 1684033749.9275901
