event_sleeping:
  end: 1684035649.1497767
  start: 1684035504.9114285
