event_sleeping:
  end: 1684030859.125646
  start: 1684030714.857467
