event_sleeping:
  end: 1684030384.1355066
  start: 1684030129.8909178
