event_sleeping:
  end: 1684033979.1354263
  start: 1684033639.9021788
