event_sleeping:
  end: 1684029799.0953314
  start: 1684029744.04614
