event_sleeping:
  end: 1684036429.0634453
  start: 1684036174.8425918
