event_sleeping:
  end: 1684029976.636768
  start: 1684029849.8850398
