event_sleeping:
  end: 1684031851.6354413
  start: 1684031587.4390314
