event_sleeping:
  end: 1684030664.0476341
  start: 1684030519.8451936
