event_sleeping:
  end: 1684030469.0528054
  start: 1684030434.9014308
