event_sleeping:
  end: 1684034656.596786
  start: 1684034334.9134603
