event_sleeping:
  end: 1684036606.6235876
  start: 1684036479.9012368
