event_sleeping:
  end: 1684032826.6075895
  start: 1684032562.3557582
