event_sleeping:
  end: 1684035344.135483
  start: 1684035199.8737288
