event_sleeping:
  end: 1684036124.0474305
  start: 1684036089.9323862
