event_sleeping:
  end: 1684032241.6368244
  start: 1684031902.4167678
