event_sleeping:
  end: 1684034284.1367474
  start: 1684034029.8980005
