event_sleeping:
  end: 1684033411.5715384
  start: 1684032877.4355679
