event_sleeping:
  end: 1684034759.0874953
  start: 1684034707.3808546
