event_sleeping:
  end: 1684031054.136654
  start: 1684030909.9298337
