event_sleeping:
  end: 1684035539.1341197
  start: 1684035394.9625804
