event_sleeping:
  end: 1684030079.088254
  start: 1684030027.4870467
