event_sleeping:
  end: 1684033589.0845356
  start: 1684033462.3939896
