event_sleeping:
  end: 1684031249.0395463
  start: 1684031104.9363592
