event_sleeping:
  end: 1684034954.1357508
  start: 1684034809.8782325
