event_sleeping:
  end: 1684031536.6367009
  start: 1684031299.7801526
