event_sleeping:
  end: 1684036039.1355066
  start: 1684035589.9574137
