event_sleeping:
  end: 1684032511.583102
  start: 1684032292.4464953
