event_sleeping:
  end: 1684035149.1353674
  start: 1684035004.9169917
