event_sleeping:
  end: 1684032511.6451695
  start: 1684032274.9247248
