event_sleeping:
  end: 1684029781.5782607
  start: 1684029744.0466993
