event_sleeping:
  end: 1684035436.6374993
  start: 1684035309.9055405
