event_sleeping:
  end: 1684032809.057981
  start: 1684032562.394085
