event_sleeping:
  end: 1684035649.1194909
  start: 1684035487.4189508
