event_sleeping:
  end: 1684033291.5701365
  start: 1684032859.8645415
