event_sleeping:
  end: 1684034564.135749
  start: 1684034419.9226608
