event_sleeping:
  end: 1684036124.0475335
  start: 1684035979.8768587
