event_sleeping:
  end: 1684035929.0537093
  start: 1684035699.8798883
