event_sleeping:
  end: 1684034369.1155784
  start: 1684034224.8937526
