event_sleeping:
  end: 1684036801.5835602
  start: 1684036564.9739602
