event_sleeping:
  end: 1684032224.135545
  start: 1684032079.8820188
