event_sleeping:
  end: 1684034174.1362908
  start: 1684034029.8345237
