event_sleeping:
  end: 1684030664.1356053
  start: 1684030519.846806
