event_sleeping:
  end: 1684036514.135457
  start: 1684036174.8406618
