event_sleeping:
  end: 1684033606.6241848
  start: 1684033342.365844
