event_sleeping:
  end: 1684035064.1359477
  start: 1684034614.9279401
