event_sleeping:
  end: 1684033979.0717943
  start: 1684033834.835225
