event_sleeping:
  end: 1684029884.0969243
  start: 1684029832.4059088
