event_sleeping:
  end: 1684030876.598227
  start: 1684030714.8795385
