event_sleeping:
  end: 1684031536.6374276
  start: 1684030927.4263353
