event_sleeping:
  end: 1684030384.0830977
  start: 1684029934.875588
