event_sleeping:
  end: 1684031834.1356056
  start: 1684031587.4351892
