event_sleeping:
  end: 1684032029.1356466
  start: 1684031884.9471612
