event_sleeping:
  end: 1684033784.0663302
  start: 1684033657.4625893
