event_sleeping:
  end: 1684030469.0847511
  start: 1684030434.8404064
