event_sleeping:
  end: 1684035259.1356008
  start: 1684035114.9182305
