event_sleeping:
  end: 1684034759.1357968
  start: 1684034632.3829913
