event_sleeping:
  end: 1684032139.05563
  start: 1684031902.342991
