event_sleeping:
  end: 1684036234.0934684
  start: 1684035607.3745875
