event_sleeping:
  end: 1684035064.1354544
  start: 1684034809.917692
