event_sleeping:
  end: 1684030969.132896
  start: 1684030824.9966102
