event_sleeping:
  end: 1684032919.1036217
  start: 1684032757.4313385
