event_sleeping:
  end: 1684034581.5516047
  start: 1684034139.8523405
