event_sleeping:
  end: 1684032529.1035862
  start: 1684032274.899242
