event_sleeping:
  end: 1684030189.0997915
  start: 1684030044.9015892
