event_sleeping:
  end: 1684031249.0724585
  start: 1684031214.917937
