event_sleeping:
  end: 1684032224.06741
  start: 1684032189.84447
