event_sleeping:
  end: 1684035454.0635653
  start: 1684035199.8431807
