event_sleeping:
  end: 1684036726.5863853
  start: 1684036284.9391375
