event_sleeping:
  end: 1684031444.0869327
  start: 1684031299.8869894
