event_sleeping:
  end: 1684035556.5883691
  start: 1684035504.831805
