event_sleeping:
  end: 1684034089.0395977
  start: 1684033444.8567963
