event_sleeping:
  end: 1684030774.136923
  start: 1684030417.3380082
