event_sleeping:
  end: 1684030366.5396807
  start: 1684030239.8781831
