event_sleeping:
  end: 1684031749.1343837
  start: 1684031494.9321754
