event_sleeping:
  end: 1684029994.0939507
  start: 1684029744.0488238
