event_sleeping:
  end: 1684031851.5571725
  start: 1684031799.9367158
