event_sleeping:
  end: 1684035149.0705698
  start: 1684035114.9148417
