event_sleeping:
  end: 1684033394.067482
  start: 1684033359.8425095
