event_sleeping:
  end: 1684032706.6356523
  start: 1684032579.916101
