event_sleeping:
  end: 1684031164.13546
  start: 1684031019.9293222
