event_sleeping:
  end: 1684033021.5837052
  start: 1684032969.9226422
