event_sleeping:
  end: 1684033309.0515468
  start: 1684033072.392366
