event_sleeping:
  end: 1684035064.0474799
  start: 1684034919.8844595
