event_sleeping:
  end: 1684031944.1354911
  start: 1684031299.7789965
