event_sleeping:
  end: 1684034869.1365006
  start: 1684034529.9093702
