event_sleeping:
  end: 1684032614.087477
  start: 1684032562.3530738
