event_sleeping:
  end: 1684031164.1353345
  start: 1684030732.3257926
