event_sleeping:
  end: 1684033784.09646
  start: 1684033732.3694177
