event_sleeping:
  end: 1684029976.635586
  start: 1684029849.8193202
