event_sleeping:
  end: 1684033486.6344604
  start: 1684033249.8533392
