event_sleeping:
  end: 1684035631.6355417
  start: 1684035487.4095955
