event_sleeping:
  end: 1684036624.0860252
  start: 1684035997.3566701
