event_sleeping:
  end: 1684034479.135529
  start: 1684034224.8429286
