event_sleeping:
  end: 1684033199.102541
  start: 1684032859.8639898
