event_sleeping:
  end: 1684035241.5516496
  start: 1684035114.7959378
