event_sleeping:
  end: 1684033681.6354933
  start: 1684033537.360131
