event_sleeping:
  end: 1684029799.0914462
  start: 1684029744.0503132
