event_sleeping:
  end: 1684035734.0879278
  start: 1684035682.3703516
