event_sleeping:
  end: 1684032511.5824487
  start: 1684031994.843824
