event_sleeping:
  end: 1684030579.10362
  start: 1684030417.3736205
