event_sleeping:
  end: 1684033979.071561
  start: 1684033834.8328497
