event_sleeping:
  end: 1684030189.1360607
  start: 1684030027.3904786
