event_sleeping:
  end: 1684032809.1356537
  start: 1684032664.86186
