event_sleeping:
  end: 1684030366.6360679
  start: 1684030239.8750474
