event_sleeping:
  end: 1684031249.0719573
  start: 1684031214.8447998
