event_sleeping:
  end: 1684030681.5836742
  start: 1684030629.8307593
