event_sleeping:
  end: 1684035946.6356628
  start: 1684035784.7812626
