event_sleeping:
  end: 1684035436.6367586
  start: 1684035292.3213296
