event_sleeping:
  end: 1684034174.1355762
  start: 1684034029.8233848
