event_sleeping:
  end: 1684032474.1365051
  start: 1684032330.198062
