event_sleeping:
  end: 1684030719.0555577
  start: 1684030380.2517266
