event_sleeping:
  end: 1684033059.103623
  start: 1684032915.2162619
