event_sleeping:
  end: 1684034034.1011868
  start: 1684033695.2802658
