event_sleeping:
  end: 1684030329.1278253
  start: 1684030185.2746036
