event_sleeping:
  end: 1684035594.1366973
  start: 1684035450.2282672
