event_sleeping:
  end: 1684033449.0875406
  start: 1684033305.2759588
