event_sleeping:
  end: 1684029744.0408103
  start: 1684029744.040563
