event_sleeping:
  end: 1684030914.0370626
  start: 1684030770.1540518
