event_sleeping:
  end: 1684031889.1191096
  start: 1684031550.2419024
