event_sleeping:
  end: 1684030134.1368017
  start: 1684029990.2353144
