event_sleeping:
  end: 1684032279.1036322
  start: 1684032135.1554592
