event_sleeping:
  end: 1684034814.0715747
  start: 1684034670.1549826
