event_sleeping:
  end: 1684036569.0793974
  start: 1684036230.2066693
