event_sleeping:
  end: 1684032084.0634754
  start: 1684031940.2634459
