event_sleeping:
  end: 1684033644.1364365
  start: 1684033500.2095337
