event_sleeping:
  end: 1684034619.0555615
  start: 1684034085.2507625
