event_sleeping:
  end: 1684032864.085782
  start: 1684032720.2229204
