event_sleeping:
  end: 1684036179.0758054
  start: 1684036035.2036326
