event_sleeping:
  end: 1684035984.0795693
  start: 1684035645.2666202
