event_sleeping:
  end: 1684033254.13548
  start: 1684033110.2075548
