event_sleeping:
  end: 1684031499.1367779
  start: 1684030965.175582
