event_sleeping:
  end: 1684035399.087673
  start: 1684035255.184874
