event_sleeping:
  end: 1684032669.136586
  start: 1684032525.286886
