event_sleeping:
  end: 1684029939.1036198
  start: 1684029794.9015996
