event_sleeping:
  end: 1684035204.0476036
  start: 1684034865.1788173
