event_sleeping:
  end: 1682984709.223547
  start: 1682983233.1284773
