event_sleeping:
  end: 1682984301.695085
  start: 1682983233.1293187
