event_sleeping:
  end: 1682984421.7195485
  start: 1682983233.1299174
