event_sleeping:
  end: 1682984849.219326
  start: 1682984705.781125
