event_sleeping:
  end: 1682984459.2224963
  start: 1682984315.7504308
