event_sleeping:
  end: 1682995666.527547
  start: 1682994987.9384174
