event_sleeping:
  end: 1682995574.0275393
  start: 1682994987.9410627
