event_sleeping:
  end: 1682995769.0075347
  start: 1682995625.6877806
