event_sleeping:
  end: 1682995879.0315847
  start: 1682994987.9412737
