event_sleeping:
  end: 1682995824.0306435
  start: 1682995680.5956786
