event_sleeping:
  end: 1682996019.0273845
  start: 1682995875.608842
