event_sleeping:
  end: 1685738265.5323007
  start: 1685737875.4526348
