event_sleeping:
  end: 1685737875.4520674
  start: 1685737875.4519212
