event_sleeping:
  end: 1685737875.4514942
  start: 1685737875.451472
