event_sleeping:
  end: 1685737968.0282304
  start: 1685737875.4491084
