event_sleeping:
  end: 1685737875.4509363
  start: 1685737875.4508157
