event_sleeping:
  end: 1685738125.5131404
  start: 1685737986.8211725
