event_sleeping:
  end: 1685738320.5168817
  start: 1685738178.202348
