event_sleeping:
  end: 1685737930.4977615
  start: 1685737875.451287
