event_sleeping_wait_all:
  end: 1683023011.023627
  start: 1683022690.1467993
