event_sleeping_wait_all:
  end: 1683021943.5434089
  start: 1683021817.7527504
