event_sleeping:
  end: 1683021451.0522273
  start: 1683020773.4548516
