event_sleeping_wait_all:
  end: 1683021273.5469284
  start: 1683021037.7542925
