event_sleeping_wait_all:
  end: 1683022546.0150006
  start: 1683022300.188773
