event_sleeping_wait_all:
  end: 1683022546.014688
  start: 1683022477.9229107
