event_sleeping_wait_all:
  end: 1683021841.0470273
  start: 1683021698.058802
