event_sleeping_wait_all:
  end: 1683021450.9596183
  start: 1683021130.4834983
