event_sleeping_wait_all:
  end: 1683021646.0435739
  start: 1683021502.995595
