event_sleeping_wait_all:
  end: 1683022230.9843378
  start: 1683022012.6478899
