event_sleeping_wait_all:
  end: 1683022740.9916987
  start: 1683022402.7091146
