event_sleeping_wait_all:
  end: 1683022351.0115917
  start: 1683022282.7551374
