event_sleeping_wait_all:
  end: 1683021961.043623
  start: 1683021715.1383045
