event_sleeping_wait_all:
  end: 1683021078.543626
  start: 1683020917.658331
