event_sleeping_wait_all:
  end: 1683021841.0465996
  start: 1683021605.1809201
