event_sleeping_wait_all:
  end: 1683021943.4954638
  start: 1683021892.7672124
