event_sleeping_wait_all:
  end: 1683022333.4555037
  start: 1683022300.2119098
