event_sleeping:
  end: 1683020773.4541175
  start: 1683020773.453961
