event_sleeping_wait_all:
  end: 1683023028.545583
  start: 1683022775.268778
