event_sleeping_wait_all:
  end: 1683023326.0315046
  start: 1683023080.2538447
