event_sleeping:
  end: 1683021023.5435572
  start: 1683020895.778045
