event_sleeping_wait_all:
  end: 1683023363.5357327
  start: 1683023220.0893652
