event_sleeping:
  end: 1683021998.546688
  start: 1683021855.2287412
