event_sleeping:
  end: 1683021413.547015
  start: 1683021075.1306624
