event_sleeping:
  end: 1683022583.5436227
  start: 1683022440.165836
