event_sleeping_wait_all:
  end: 1683022778.5435069
  start: 1683022635.1173966
