event_sleeping:
  end: 1683022388.5275722
  start: 1683022245.1646855
