event_sleeping:
  end: 1682981787.8611705
  start: 1682981286.7661223
