event_sleeping:
  end: 1682981902.822474
  start: 1682981839.4966824
