event_sleeping:
  end: 1682981902.8228247
  start: 1682981286.7687428
