event_sleeping:
  end: 1682982177.787438
  start: 1682981955.2629085
