event_sleeping:
  end: 1682981952.8594422
  start: 1682981729.7947497
