event_sleeping:
  end: 1682981677.861639
  start: 1682981286.7668178
