event_sleeping:
  end: 1682981982.8250804
  start: 1682981286.7677133
