event_sleeping:
  end: 1682982067.8594592
  start: 1682981286.7691092
