event_sleeping:
  end: 1682981927.8636258
  start: 1682981286.7672231
