event_sleeping:
  end: 1682982122.85945
  start: 1682981979.462662
