event_sleeping:
  end: 1682982317.8553948
  start: 1682982174.4674485
