event_sleeping:
  end: 1685084609.4925578
  start: 1685084465.5460033
