event_sleeping:
  end: 1685087144.465471
  start: 1685086507.9942815
