event_sleeping:
  end: 1685083811.9918642
  start: 1685083616.904284
