event_sleeping:
  end: 1685085074.4088848
  start: 1685084660.5353255
