event_sleeping:
  end: 1685086049.4924421
  start: 1685085905.55299
