event_sleeping:
  end: 1685084219.446145
  start: 1685084168.083306
