event_sleeping:
  end: 1685084116.9935534
  start: 1685083864.199355
