event_sleeping:
  end: 1685085269.480121
  start: 1685085125.476245
