event_sleeping:
  end: 1685087321.9159071
  start: 1685087195.5828762
