event_sleeping:
  end: 1685087516.939559
  start: 1685087373.0048056
