event_sleeping:
  end: 1685085854.491858
  start: 1685085320.5527623
