event_sleeping:
  end: 1685086456.9240756
  start: 1685086220.555537
