event_sleeping:
  end: 1685086169.459824
  start: 1685086100.546024
