event_sleeping:
  end: 1685084414.4641087
  start: 1685084270.4962363
