event_sleeping:
  end: 1685083616.9040103
  start: 1685083616.9037216
