event_sleeping:
  end: 1685085956.8960533
  start: 1685085635.3025002
