event_sleeping:
  end: 1685084786.8940175
  start: 1685084557.7425394
