event_sleeping:
  end: 1685085176.9938514
  start: 1685084837.7176697
