event_sleeping:
  end: 1685086541.9161105
  start: 1685086397.8015137
