event_sleeping:
  end: 1685085464.5053997
  start: 1685085227.7593586
