event_sleeping:
  end: 1685084219.4125552
  start: 1685083880.3021338
