event_sleeping:
  end: 1685084506.9938593
  start: 1685084270.222602
