event_sleeping:
  end: 1685087339.4455187
  start: 1685087287.8394396
