event_sleeping:
  end: 1685083829.4921243
  start: 1685083667.7287648
