event_sleeping:
  end: 1685086346.9936903
  start: 1685086007.6916473
