event_sleeping:
  end: 1685087041.9936895
  start: 1685086897.755707
