event_sleeping:
  end: 1685087516.9062142
  start: 1685087390.2378755
