event_sleeping:
  end: 1685085584.462928
  start: 1685085515.3031366
