event_sleeping:
  end: 1685087236.9937484
  start: 1685087092.7961466
