event_sleeping:
  end: 1685086846.9919019
  start: 1685086592.7347796
