event_sleeping:
  end: 1685086346.9939747
  start: 1685086220.2573895
