event_sleeping:
  end: 1685085194.445596
  start: 1685085142.731062
