event_sleeping:
  end: 1685085464.465111
  start: 1685085245.2434132
