event_sleeping:
  end: 1685086169.4972482
  start: 1685085905.2476182
