event_sleeping:
  end: 1685085676.98713
  start: 1685085515.269468
