event_sleeping:
  end: 1685086846.9563856
  start: 1685086397.8052092
