event_sleeping:
  end: 1685084294.4641273
  start: 1685084057.7288775
