event_sleeping:
  end: 1685084006.9239218
  start: 1685083972.8040226
