event_sleeping:
  end: 1685084489.4918306
  start: 1685084345.266158
