event_sleeping:
  end: 1685085091.9319477
  start: 1685084660.2354653
