event_sleeping:
  end: 1685085854.4919877
  start: 1685085727.8002775
