event_sleeping:
  end: 1685083921.9937022
  start: 1685083777.7493663
