event_sleeping:
  end: 1685084609.4599671
  start: 1685084540.3083792
