event_sleeping:
  end: 1685087999.49392
  start: 1685086982.694192
