event_sleeping:
  end: 1685083726.992072
  start: 1685083616.899016
