event_sleeping:
  end: 1685086931.903947
  start: 1685086897.7748623
