event_sleeping:
  end: 1685084879.468458
  start: 1685084752.7809172
