event_sleeping:
  end: 1685083709.4840758
  start: 1685083616.9039736
