event_sleeping:
  end: 1685085371.9919877
  start: 1685085245.2444682
