event_sleeping:
  end: 1685086049.4919033
  start: 1685085830.2703962
