event_sleeping:
  end: 1685086651.9448805
  start: 1685086295.3083456
