event_sleeping:
  end: 1685084701.99378
  start: 1685084362.8348594
