event_sleeping:
  end: 1685086736.9277627
  start: 1685086702.736832
