event_sleeping:
  end: 1685085194.4600716
  start: 1685085125.278907
