event_sleeping:
  end: 1685087321.9161441
  start: 1685087092.7931323
