event_sleeping:
  end: 1685083921.9940467
  start: 1685083760.34388
