event_sleeping:
  end: 1685085659.4641159
  start: 1685085422.8068938
