event_sleeping:
  end: 1685086244.4996912
  start: 1685086100.3161626
