event_sleeping:
  end: 1685085074.4081213
  start: 1685084930.2718198
