event_sleeping:
  end: 1685084311.9937873
  start: 1685083972.8031244
