event_sleeping:
  end: 1685087041.9939294
  start: 1685086787.776123
