event_sleeping:
  end: 1685087626.9520533
  start: 1685087372.7199457
