event_sleeping:
  end: 1685085779.4629917
  start: 1685085710.2954738
