event_sleeping:
  end: 1685085676.9874244
  start: 1685085532.6900263
