event_sleeping:
  end: 1685085481.9590604
  start: 1685085227.7337446
