event_sleeping:
  end: 1685085761.916338
  start: 1685085727.7512593
