event_sleeping:
  end: 1685087626.9796367
  start: 1685087390.2262843
