event_sleeping:
  end: 1685085176.993579
  start: 1685084660.236125
