event_sleeping:
  end: 1685087339.4922166
  start: 1685086982.7049978
