event_sleeping:
  end: 1685083726.9400716
  start: 1685083616.9027793
