event_sleeping:
  end: 1685085956.9359772
  start: 1685085812.649759
