event_sleeping:
  end: 1685084609.4919977
  start: 1685084447.7281933
