event_sleeping:
  end: 1685086244.4641151
  start: 1685086007.6711173
