event_sleeping:
  end: 1685083811.923889
  start: 1685083777.697303
