event_sleeping:
  end: 1685086931.9920814
  start: 1685086592.7353704
