event_sleeping:
  end: 1685084396.9935596
  start: 1685083862.6376472
