event_sleeping:
  end: 1685086541.992078
  start: 1685086295.1943405
