event_sleeping:
  end: 1685084646.9802656
  start: 1685084503.054504
