event_sleeping:
  end: 1685083866.991888
  start: 1685083722.8168228
