event_sleeping:
  end: 1685087376.945422
  start: 1685087233.167544
