event_sleeping:
  end: 1685083671.9502323
  start: 1685083616.9016588
