event_sleeping:
  end: 1685085816.9939382
  start: 1685085673.0983348
