event_sleeping:
  end: 1685086791.9000676
  start: 1685086648.0857527
