event_sleeping:
  end: 1685085036.9939778
  start: 1685084893.0411873
