event_sleeping:
  end: 1685087181.9940498
  start: 1685087038.1100233
