event_sleeping:
  end: 1685086596.9406867
  start: 1685086258.1626694
