event_sleeping:
  end: 1685086986.9920018
  start: 1685086843.0507193
