event_sleeping:
  end: 1685085426.99195
  start: 1685085303.195853
