event_sleeping:
  end: 1685084841.8982902
  start: 1685084698.1242633
