event_sleeping:
  end: 1685085231.9162385
  start: 1685085088.1546235
