event_sleeping:
  end: 1685084451.9000823
  start: 1685084308.1605947
