event_sleeping:
  end: 1685086011.9938486
  start: 1685085868.1343184
