event_sleeping:
  end: 1685085621.9938452
  start: 1685085478.1114814
