event_sleeping:
  end: 1685084256.9938014
  start: 1685083918.1078897
