event_sleeping:
  end: 1685086206.99197
  start: 1685086063.113696
