event_sleeping_wait_all:
  end: 1683084132.9220366
  start: 1683084019.571323
