event_sleeping_wait_all:
  end: 1683084632.8706005
  start: 1683084379.495217
