event_sleeping:
  end: 1683083267.9250133
  start: 1683083157.830316
