event_sleeping:
  end: 1683083967.9220734
  start: 1683083319.5762227
