event_sleeping_wait_all:
  end: 1683084327.867149
  start: 1683084184.7288344
