event_sleeping_wait_all:
  end: 1683085382.9202352
  start: 1683085074.5818112
