event_sleeping_wait_all:
  end: 1683084827.9193642
  start: 1683084684.5184908
