event_sleeping_wait_all:
  end: 1683085022.9216945
  start: 1683084879.5381815
