event_sleeping_wait_all:
  end: 1683084992.9196506
  start: 1683084769.6018083
