event_sleeping_wait_all:
  end: 1683086192.9215062
  start: 1683085939.6162353
