event_sleeping:
  end: 1683083157.8278959
  start: 1683083157.827851
