event_sleeping_wait_all:
  end: 1683084602.8679655
  start: 1683084379.7058532
