event_sleeping:
  end: 1683084162.8671913
  start: 1683084099.5767934
