event_sleeping_wait_all:
  end: 1683085887.9220214
  start: 1683085659.6043513
