event_sleeping:
  end: 1683083352.8996065
  start: 1683083209.451846
