event_sleeping:
  end: 1683083852.847568
  start: 1683083709.4510555
