event_sleeping_wait_all:
  end: 1683085607.921549
  start: 1683085464.4862385
