event_sleeping:
  end: 1683084047.9193912
  start: 1683083904.489691
