event_sleeping:
  end: 1683083657.8715138
  start: 1683083404.49462
