event_sleeping_wait_all:
  end: 1683085412.8514903
  start: 1683085044.6310344
