event_sleeping_wait_all:
  end: 1683086552.8316803
  start: 1683086244.5551736
