event_sleeping_wait_all:
  end: 1683084717.884542
  start: 1683084654.6347215
