event_sleeping_wait_all:
  end: 1683084327.919615
  start: 1683084214.5291753
