event_sleeping:
  end: 1683083657.9051998
  start: 1683083209.4915426
