event_sleeping_wait_all:
  end: 1683085107.9195223
  start: 1683084964.8177438
