event_sleeping_wait_all:
  end: 1683085497.8755887
  start: 1683085354.8668334
