event_sleeping_wait_all:
  end: 1683085917.8842444
  start: 1683085854.8842614
