event_sleeping:
  end: 1683083157.8306823
  start: 1683083157.830586
