event_sleeping:
  end: 1683083742.854104
  start: 1683083709.8143897
