event_sleeping_wait_all:
  end: 1683085802.9195485
  start: 1683085549.8590436
