event_sleeping:
  end: 1683084797.9037223
  start: 1683083794.7925076
