event_sleeping_wait_all:
  end: 1683085302.9215035
  start: 1683085159.897316
