event_sleeping_wait_all:
  end: 1683084912.8834937
  start: 1683084849.829553
