event_sleeping:
  end: 1683084437.9040282
  start: 1683084184.543844
