event_sleeping:
  end: 1683085382.8716908
  start: 1683085269.4914672
