event_sleeping:
  end: 1683085217.8669863
  start: 1683084489.514119
