event_sleeping_wait_all:
  end: 1683085802.9201388
  start: 1683085434.5168428
