event_sleeping:
  end: 1683084132.9116232
  start: 1683083904.520238
