event_sleeping:
  end: 1683083462.9235272
  start: 1683083157.8323193
