event_sleeping:
  end: 1683083547.8544629
  start: 1683083514.5339227
