event_sleeping:
  end: 1683083852.9195561
  start: 1683083599.470241
