event_sleeping_wait_all:
  end: 1683084717.8849268
  start: 1683084654.6320825
