event_sleeping_wait_all:
  end: 1683084602.8672347
  start: 1683084489.7078993
