event_sleeping:
  end: 1683084162.9193912
  start: 1683083794.5618396
