event_sleeping_wait_all:
  end: 1683085382.9195166
  start: 1683085044.6312828
