event_sleeping:
  end: 1683083352.9000723
  start: 1683083157.8358753
