event_sleeping_wait_all:
  end: 1683085497.8854167
  start: 1683085434.5415223
