event_sleeping:
  end: 1683083742.9195824
  start: 1683083404.5735996
