event_sleeping_wait_all:
  end: 1683084437.9036417
  start: 1683084214.5304303
