event_sleeping_wait_all:
  end: 1683084992.92116
  start: 1683084769.6099935
