event_sleeping_wait_all:
  end: 1683085942.831592
  start: 1683085799.5219064
