event_sleeping_wait_all:
  end: 1683086527.8670905
  start: 1683085994.467136
