event_sleeping:
  end: 1683085162.919536
  start: 1683085019.5554805
