event_sleeping_wait_all:
  end: 1683085747.9195774
  start: 1683085409.519024
