event_sleeping:
  end: 1683084967.9195027
  start: 1683084824.418668
