event_sleeping:
  end: 1683084772.8473737
  start: 1683084629.489051
