event_sleeping:
  end: 1683084187.8876135
  start: 1683084044.4824207
