event_sleeping:
  end: 1683084577.8396103
  start: 1683084239.4910386
