event_sleeping:
  end: 1683083797.9036674
  start: 1683083654.4248948
