event_sleeping:
  end: 1683083407.8876362
  start: 1683083157.826749
