event_sleeping:
  end: 1683083602.8671486
  start: 1683083459.5451953
