event_sleeping:
  end: 1683083992.9097068
  start: 1683083849.4795852
