event_sleeping:
  end: 1683085357.8714983
  start: 1683085214.5449288
