event_sleeping:
  end: 1682986457.3074589
  start: 1682986261.2182481
