event_sleeping:
  end: 1682986262.2103794
  start: 1682986261.2180533
