event_sleeping:
  end: 1682986372.307841
  start: 1682986261.2156935
