event_sleeping:
  end: 1682986366.3076847
  start: 1682986261.2176678
