event_sleeping:
  end: 1682986372.307482
  start: 1682986261.21728
