event_sleeping:
  end: 1682986512.3082476
  start: 1682986368.8729205
