event_sleeping:
  end: 1682986317.263549
  start: 1682986261.218167
