event_sleeping:
  end: 1685760198.8681045
  start: 1685760003.8308058
