event_sleeping:
  end: 1685760003.8239195
  start: 1685760003.823885
