event_sleeping:
  end: 1685760198.92007
  start: 1685760055.468044
