event_sleeping:
  end: 1685760113.9223325
  start: 1685760003.8255417
