event_sleeping:
  end: 1685760113.8841085
  start: 1685760003.8284483
