event_sleeping:
  end: 1685760113.9204698
  start: 1685760003.8294966
