event_sleeping:
  end: 1685760253.9160306
  start: 1685760110.5514581
