event_sleeping:
  end: 1685760058.8755012
  start: 1685760003.8225777
