event_sleeping_wait_all:
  end: 1685569889.3362787
  start: 1685569746.3509784
