event_sleeping_wait_all:
  end: 1685566091.8594122
  start: 1685565948.8086195
