event_sleeping_wait_all:
  end: 1685572814.295994
  start: 1685572671.2798371
