event_sleeping_wait_all:
  end: 1685573984.3245003
  start: 1685573646.3215575
