event_sleeping_wait_all:
  end: 1685567726.8521833
  start: 1685567601.3072824
