event_sleeping_wait_all:
  end: 1685566269.3682053
  start: 1685566143.8002295
