event_sleeping_wait_all:
  end: 1685574374.3615232
  start: 1685574121.236127
