event_sleeping_wait_all:
  end: 1685571644.3678627
  start: 1685571391.3133302
