event_sleeping_wait_all:
  end: 1685570754.3324263
  start: 1685570611.1708112
