event_sleeping_wait_all:
  end: 1685565896.8193977
  start: 1685565846.3014843
