event_sleeping_wait_all:
  end: 1685567846.8366473
  start: 1685567778.7933497
