event_sleeping_wait_all:
  end: 1685569694.3680706
  start: 1685569551.3052483
