event_sleeping_wait_all:
  end: 1685575629.367951
  start: 1685575206.2663634
