event_sleeping_wait_all:
  end: 1685569194.269515
  start: 1685569051.3114548
