event_sleeping_wait_all:
  end: 1685575934.305891
  start: 1685575681.339283
