event_sleeping_wait_all:
  end: 1685567549.3686361
  start: 1685567016.3563423
