event_sleeping_wait_all:
  end: 1685573289.3679905
  start: 1685573146.2845333
