event_sleeping_wait_all:
  end: 1685576111.868466
  start: 1685575986.236909
