event_sleeping_wait_all:
  end: 1685575154.357813
  start: 1685574901.186412
