event_sleeping_wait_all:
  end: 1685574569.3678327
  start: 1685574426.3320947
