event_sleeping_wait_all:
  end: 1685568134.3641412
  start: 1685567898.7913523
