event_sleeping_wait_all:
  end: 1685571339.3562527
  start: 1685571111.2678487
