event_sleeping_wait_all:
  end: 1685572229.3684235
  start: 1685571781.2756405
