event_sleeping_wait_all:
  end: 1685569499.3688428
  start: 1685569246.2550313
