event_sleeping_wait_all:
  end: 1685565794.3640811
  start: 1685565541.2801933
