event_sleeping_wait_all:
  end: 1685570279.3362591
  start: 1685569941.2673512
