event_sleeping_wait_all:
  end: 1685570559.274149
  start: 1685570526.257856
