event_sleeping_wait_all:
  end: 1685566964.3687844
  start: 1685566821.2697701
