event_sleeping:
  end: 1685565489.3771544
  start: 1685565294.2829509
