event_sleeping_wait_all:
  end: 1685571729.2997956
  start: 1685571696.305174
