event_sleeping_wait_all:
  end: 1685566769.3679392
  start: 1685566321.3427382
