event_sleeping_wait_all:
  end: 1685570474.3085334
  start: 1685570331.316004
