event_sleeping_wait_all:
  end: 1685574849.2998734
  start: 1685574816.2657197
