event_sleeping_wait_all:
  end: 1685572619.340082
  start: 1685572281.3304336
