event_sleeping_wait_all:
  end: 1685574069.275889
  start: 1685574036.2510238
