event_sleeping_wait_all:
  end: 1685574764.3080919
  start: 1685574621.34086
