event_sleeping_wait_all:
  end: 1685568999.367885
  start: 1685568873.794927
