event_sleeping_wait_all:
  end: 1685571059.324017
  start: 1685570806.2938442
