event_sleeping_wait_all:
  end: 1685573094.3643079
  start: 1685572866.2811818
