event_sleeping_wait_all:
  end: 1685568821.8120759
  start: 1685568186.324871
