event_sleeping_wait_all:
  end: 1685573594.3689694
  start: 1685573341.3049915
