event_sleeping_wait_all:
  end: 1685571746.7802243
  start: 1685571695.9898841
