event_sleeping_wait_all:
  end: 1685566854.3690562
  start: 1685566515.9286757
