event_sleeping_wait_all:
  end: 1685568024.3516018
  start: 1685567685.9720075
