event_sleeping_wait_all:
  end: 1685569194.3681438
  start: 1685569050.8935707
