event_sleeping_wait_all:
  end: 1685567244.2957003
  start: 1685567193.545228
