event_sleeping_wait_all:
  end: 1685571059.3679314
  start: 1685570806.0201654
