event_sleeping_wait_all:
  end: 1685568914.368951
  start: 1685568770.9410937
