event_sleeping_wait_all:
  end: 1685568524.368299
  start: 1685568271.0125751
