event_sleeping_wait_all:
  end: 1685570279.328026
  start: 1685569940.9784856
