event_sleeping_wait_all:
  end: 1685565879.2692611
  start: 1685565541.0245044
