event_sleeping_wait_all:
  end: 1685567634.3247387
  start: 1685567295.9792802
