event_sleeping:
  end: 1685565294.278447
  start: 1685565294.2780147
