event_sleeping_wait_all:
  end: 1685569499.3692408
  start: 1685569246.03965
