event_sleeping_wait_all:
  end: 1685570754.3320527
  start: 1685570526.0364769
