event_sleeping_wait_all:
  end: 1685569584.3018517
  start: 1685569551.0488784
