event_sleeping_wait_all:
  end: 1685571644.2720053
  start: 1685571483.4910147
