event_sleeping_wait_all:
  end: 1685567141.8693652
  start: 1685566906.0085518
