event_sleeping_wait_all:
  end: 1685568719.2880743
  start: 1685568576.043048
