event_sleeping_wait_all:
  end: 1685566184.3685064
  start: 1685565930.921596
