event_sleeping_wait_all:
  end: 1685570474.3681617
  start: 1685570330.9648867
