event_sleeping_wait_all:
  end: 1685566464.2760613
  start: 1685566236.0474908
