event_sleeping_wait_all:
  end: 1685568999.302067
  start: 1685568966.023916
