event_sleeping_wait_all:
  end: 1685569889.2890697
  start: 1685569635.965478
