event_sleeping_wait_all:
  end: 1685571431.8679926
  start: 1685571111.0400074
