event_sleeping_wait_all:
  end: 1685565489.3679533
  start: 1685565345.905581
