event_sleeping_wait_all:
  end: 1685568219.3687353
  start: 1685568076.0204818
