event_sleeping_wait_all:
  end: 1685568024.3534265
  start: 1685567881.0213525
