event_sleeping_wait_all:
  end: 1685571644.2722049
  start: 1685571483.4184458
