event_sleeping_wait_all:
  end: 1685571144.3015351
  start: 1685571111.0538654
