event_sleeping_wait_all:
  end: 1685571059.3758435
  start: 1685570823.4927738
