event_sleeping_wait_all:
  end: 1685573399.295529
  start: 1685573255.9959846
