event_sleeping_wait_all:
  end: 1685570771.8198595
  start: 1685570720.9407966
