event_sleeping_wait_all:
  end: 1685569974.3684857
  start: 1685569830.9680893
