event_sleeping_wait_all:
  end: 1685572229.368766
  start: 1685571695.9276128
