event_sleeping_wait_all:
  end: 1685569779.2999847
  start: 1685569745.9286008
