event_sleeping_wait_all:
  end: 1685567354.3437738
  start: 1685567193.546494
