event_sleeping_wait_all:
  end: 1685565989.3081598
  start: 1685565735.9455974
