event_sleeping_wait_all:
  end: 1685574459.368055
  start: 1685574315.9722822
