event_sleeping_wait_all:
  end: 1685565684.2839947
  start: 1685565651.052145
