event_sleeping_wait_all:
  end: 1685567829.368078
  start: 1685567583.4667513
