event_sleeping_wait_all:
  end: 1685573204.3161278
  start: 1685573060.9940822
