event_sleeping_wait_all:
  end: 1685565599.3687468
  start: 1685565455.9808936
