event_sleeping_wait_all:
  end: 1685569694.28408
  start: 1685568660.9461925
