event_sleeping_wait_all:
  end: 1685568524.3684669
  start: 1685568075.9967115
