event_sleeping_wait_all:
  end: 1685572619.3483198
  start: 1685572476.046953
