event_sleeping_wait_all:
  end: 1685574264.2840924
  start: 1685574035.9411733
