event_sleeping_wait_all:
  end: 1685574959.3080173
  start: 1685574510.9798982
