event_sleeping_wait_all:
  end: 1685573484.3004725
  start: 1685573450.9518797
