event_sleeping_wait_all:
  end: 1685575824.34812
  start: 1685575401.000393
