event_sleeping_wait_all:
  end: 1685570364.3688264
  start: 1685570221.0518513
