event_sleeping_wait_all:
  end: 1685572704.3017695
  start: 1685572671.064449
