event_sleeping:
  end: 1685565404.2980075
  start: 1685565294.2811015
