event_sleeping_wait_all:
  end: 1685566269.3159642
  start: 1685566218.5204253
