event_sleeping_wait_all:
  end: 1685570669.2869225
  start: 1685570415.98696
