event_sleeping_wait_all:
  end: 1685573679.368682
  start: 1685573535.9428608
