event_sleeping_wait_all:
  end: 1685576409.3678508
  start: 1685576266.04964
