event_sleeping_wait_all:
  end: 1685575349.3452382
  start: 1685575206.013797
