event_sleeping_wait_all:
  end: 1685572424.3679197
  start: 1685572281.0698583
