event_sleeping_wait_all:
  end: 1685576696.8519776
  start: 1685576461.0204442
