event_sleeping_wait_all:
  end: 1685575154.3683188
  start: 1685575011.0217383
