event_sleeping_wait_all:
  end: 1685566769.2838113
  start: 1685566320.9380188
