event_sleeping_wait_all:
  end: 1685566166.8600852
  start: 1685566040.9518735
