event_sleeping_wait_all:
  end: 1685568609.2879283
  start: 1685568576.0586042
