event_sleeping_wait_all:
  end: 1685573009.344954
  start: 1685572755.9456463
