event_sleeping_wait_all:
  end: 1685573984.324102
  start: 1685573731.0134466
