event_sleeping_wait_all:
  end: 1685570169.367991
  start: 1685570026.0651531
