event_sleeping_wait_all:
  end: 1685576214.3687248
  start: 1685575876.066712
