event_sleeping_wait_all:
  end: 1685566871.804169
  start: 1685566820.9655023
