event_sleeping_wait_all:
  end: 1685567141.8687263
  start: 1685566923.4858835
