event_sleeping_wait_all:
  end: 1685571431.7785242
  start: 1685571195.928992
