event_sleeping_wait_all:
  end: 1685567531.8163524
  start: 1685567406.0058668
