event_sleeping_wait_all:
  end: 1685565599.3691142
  start: 1685565455.9662147
