event_sleeping_wait_all:
  end: 1685567336.772105
  start: 1685567101.0135057
