event_sleeping_wait_all:
  end: 1685567726.868228
  start: 1685567490.926815
