event_sleeping_wait_all:
  end: 1685566379.3685915
  start: 1685566041.051471
