event_sleeping_wait_all:
  end: 1685568329.2923932
  start: 1685567973.5429292
