event_sleeping_wait_all:
  end: 1685566769.3154888
  start: 1685566608.5497046
