event_sleeping_wait_all:
  end: 1685570084.3481152
  start: 1685569356.051255
