event_sleeping_wait_all:
  end: 1685570669.3681083
  start: 1685570331.0224957
