event_sleeping_wait_all:
  end: 1685570949.3680565
  start: 1685570720.9816983
