event_sleeping_wait_all:
  end: 1685568719.3679557
  start: 1685568465.9743342
