event_sleeping_wait_all:
  end: 1685571746.8680875
  start: 1685571501.01825
