event_sleeping_wait_all:
  end: 1685571254.368732
  start: 1685571001.0425608
