event_sleeping_wait_all:
  end: 1685571449.36888
  start: 1685571306.0249798
