event_sleeping_wait_all:
  end: 1685566556.8554194
  start: 1685566431.0408788
