event_sleeping_wait_all:
  end: 1685570279.3365142
  start: 1685570136.0039942
