event_sleeping_wait_all:
  end: 1685565989.3680816
  start: 1685565651.052767
