event_sleeping_wait_all:
  end: 1685568414.3020818
  start: 1685568380.9845939
