event_sleeping_wait_all:
  end: 1685567439.2800384
  start: 1685567388.4945838
