event_sleeping_wait_all:
  end: 1685569304.3683906
  start: 1685569050.990937
