event_sleeping_wait_all:
  end: 1685567049.367996
  start: 1685566905.9553618
