event_sleeping_wait_all:
  end: 1685566854.273149
  start: 1685566820.9658835
