event_sleeping_wait_all:
  end: 1685568999.3681767
  start: 1685568770.9823666
