event_sleeping:
  end: 1685565404.3282473
  start: 1685565294.2782505
