event_sleeping_wait_all:
  end: 1685569889.3748062
  start: 1685569635.9170916
