event_sleeping_wait_all:
  end: 1685570949.2998316
  start: 1685570915.9890323
