event_sleeping_wait_all:
  end: 1685569481.8358803
  start: 1685569355.9456763
