event_sleeping_wait_all:
  end: 1685570576.8171382
  start: 1685570415.898518
