event_sleeping_wait_all:
  end: 1685566269.3678873
  start: 1685566125.9194212
