event_sleeping_wait_all:
  end: 1685574849.3679018
  start: 1685574706.00345
