event_sleeping_wait_all:
  end: 1685565489.2999349
  start: 1685565455.9654717
