event_sleeping_wait_all:
  end: 1685570364.3195865
  start: 1685570313.4673765
