event_sleeping_wait_all:
  end: 1685567354.3070045
  start: 1685567210.890054
