event_sleeping_wait_all:
  end: 1685573789.3687012
  start: 1685573645.8506215
