event_sleeping_wait_all:
  end: 1685569584.3022509
  start: 1685569533.4634383
