event_sleeping_wait_all:
  end: 1685569304.367986
  start: 1685569050.946692
