event_sleeping_wait_all:
  end: 1685566074.2923915
  start: 1685565540.8556917
