event_sleeping_wait_all:
  end: 1685567634.327081
  start: 1685567490.8292139
