event_sleeping_wait_all:
  end: 1685574459.3018878
  start: 1685574426.0136135
