event_sleeping_wait_all:
  end: 1685573594.2840617
  start: 1685573450.9302769
