event_sleeping_wait_all:
  end: 1685568999.3685179
  start: 1685568660.929093
