event_sleeping_wait_all:
  end: 1685567439.2687998
  start: 1685567405.8508384
