event_sleeping_wait_all:
  end: 1685570261.8685787
  start: 1685569940.9847045
