event_sleeping_wait_all:
  end: 1685573094.3639927
  start: 1685572950.8562562
