event_sleeping_wait_all:
  end: 1685575331.8041975
  start: 1685575205.945254
