event_sleeping_wait_all:
  end: 1685574654.3320847
  start: 1685574510.8272429
