event_sleeping_wait_all:
  end: 1685570864.3686523
  start: 1685570628.4412377
