event_sleeping_wait_all:
  end: 1685566854.3684435
  start: 1685566320.937585
