event_sleeping_wait_all:
  end: 1685572899.29214
  start: 1685572755.9314663
