event_sleeping_wait_all:
  end: 1685574374.3611474
  start: 1685574120.9102778
