event_sleeping_wait_all:
  end: 1685575154.3685756
  start: 1685574900.9291449
