event_sleeping_wait_all:
  end: 1685571254.369082
  start: 1685571000.9255595
