event_sleeping_wait_all:
  end: 1685573399.2960587
  start: 1685573145.9730775
