event_sleeping_wait_all:
  end: 1685574069.3030045
  start: 1685574035.932404
