event_sleeping_wait_all:
  end: 1685572034.3159783
  start: 1685571305.9839451
