event_sleeping_wait_all:
  end: 1685568609.3679247
  start: 1685568270.9587996
