event_sleeping_wait_all:
  end: 1685573984.3866768
  start: 1685573840.9628475
