event_sleeping:
  end: 1685565404.367995
  start: 1685565294.280231
