event_sleeping_wait_all:
  end: 1685572424.313725
  start: 1685572085.9320152
