event_sleeping_wait_all:
  end: 1685567159.312819
  start: 1685566905.951082
