event_sleeping_wait_all:
  end: 1685567921.8521442
  start: 1685567685.9488664
