event_sleeping_wait_all:
  end: 1685568219.3691907
  start: 1685567973.4436266
