event_sleeping_wait_all:
  end: 1685572704.3680413
  start: 1685572560.8718724
