event_sleeping_wait_all:
  end: 1685572509.29983
  start: 1685572475.889767
