event_sleeping:
  end: 1685566129.3679457
  start: 1685565986.3379893
