event_sleeping:
  end: 1685565934.368744
  start: 1685565596.3905027
