event_sleeping:
  end: 1685570809.3687315
  start: 1685570666.3449414
