event_sleeping:
  end: 1685568859.356148
  start: 1685568716.4067073
