event_sleeping:
  end: 1685568469.296023
  start: 1685568326.217697
