event_sleeping:
  end: 1685568664.3480678
  start: 1685568521.3365176
