event_sleeping_wait_all:
  end: 1685572954.3680608
  start: 1685572811.323126
