event_sleeping_wait_all:
  end: 1685576074.3686702
  start: 1685575931.3693295
