event_sleeping:
  end: 1685567104.2839272
  start: 1685566961.3290677
