event_sleeping_wait_all:
  end: 1685576464.348133
  start: 1685576126.3999062
