event_sleeping:
  end: 1685565544.3080971
  start: 1685565401.0076814
