event_sleeping_wait_all:
  end: 1685575489.3685186
  start: 1685575346.447374
