event_sleeping:
  end: 1685566714.332121
  start: 1685566571.2837155
