event_sleeping:
  end: 1685570614.3543837
  start: 1685570276.4203384
