event_sleeping:
  end: 1685566909.3535943
  start: 1685566766.3605654
