event_sleeping_wait_all:
  end: 1685573149.3388264
  start: 1685573006.3693256
