event_sleeping:
  end: 1685567689.2719011
  start: 1685567546.3464627
