event_sleeping:
  end: 1685567494.368744
  start: 1685567351.4082975
