event_sleeping_wait_all:
  end: 1685572564.3679607
  start: 1685572421.3555493
