event_sleeping:
  end: 1685568274.2751918
  start: 1685567941.4175835
