event_sleeping_wait_all:
  end: 1685576659.359342
  start: 1685576516.3248906
