event_sleeping_wait_all:
  end: 1685575099.3200738
  start: 1685574566.3108876
