event_sleeping:
  end: 1685565349.3251407
  start: 1685565294.2768736
