event_sleeping_wait_all:
  end: 1685575684.3321118
  start: 1685575541.3944697
