event_sleeping:
  end: 1685569054.3687918
  start: 1685568911.342317
