event_sleeping:
  end: 1685569639.3689005
  start: 1685569496.3598382
