event_sleeping:
  end: 1685571394.2850924
  start: 1685570861.428569
