event_sleeping:
  end: 1685567299.3689454
  start: 1685567156.2699409
