event_sleeping_wait_all:
  end: 1685574514.2718892
  start: 1685574176.2873173
