event_sleeping:
  end: 1685567884.3480632
  start: 1685567741.278677
