event_sleeping_wait_all:
  end: 1685573539.3687127
  start: 1685573396.4202578
