event_sleeping:
  end: 1685571784.368765
  start: 1685571446.3336518
