event_sleeping_wait_all:
  end: 1685573344.3687284
  start: 1685573201.3764534
