event_sleeping:
  end: 1685570224.34815
  start: 1685570081.408214
