event_sleeping:
  end: 1685569444.316139
  start: 1685569106.4727209
