event_sleeping_wait_all:
  end: 1685572759.3040202
  start: 1685572616.3361056
