event_sleeping_wait_all:
  end: 1685575294.3685906
  start: 1685575151.3278148
