event_sleeping:
  end: 1685566519.2799368
  start: 1685566376.3348167
