event_sleeping:
  end: 1685570029.368856
  start: 1685569886.3642972
