event_sleeping_wait_all:
  end: 1685574124.2880437
  start: 1685573591.349084
