event_sleeping_wait_all:
  end: 1685572174.3615324
  start: 1685571836.3970058
