event_sleeping_wait_all:
  end: 1685575879.3690178
  start: 1685575736.3640568
