event_sleeping:
  end: 1685566324.3480608
  start: 1685566181.3679662
