event_sleeping_wait_all:
  end: 1685572369.3397954
  start: 1685572226.3470476
