event_sleeping:
  end: 1684051877.861182
  start: 1684051326.079231
