event_sleeping:
  end: 1684050902.8274488
  start: 1684050833.6766448
