event_sleeping:
  end: 1684051275.291376
  start: 1684051241.1387734
