event_sleeping:
  end: 1684050782.8610864
  start: 1684050638.623224
