event_sleeping:
  end: 1684049342.8614464
  start: 1684049198.650905
