event_sleeping:
  end: 1684052165.3275764
  start: 1684051928.644449
