event_sleeping:
  end: 1684050587.8594375
  start: 1684050351.1102958
