event_sleeping:
  end: 1684048952.8595703
  start: 1684048791.0402787
