event_sleeping:
  end: 1684050002.7887003
  start: 1684049858.6282165
