event_sleeping:
  end: 1684048740.2796004
  start: 1684048350.2645595
