event_sleeping:
  end: 1684051190.3595135
  start: 1684050953.6228054
