event_sleeping:
  end: 1684049807.8594542
  start: 1684049393.6382515
