event_sleeping:
  end: 1684050300.2949407
  start: 1684050266.1571455
