event_sleeping:
  end: 1684050215.3595362
  start: 1684050053.6134987
