event_sleeping:
  end: 1684049147.8608198
  start: 1684049003.6106312
