event_sleeping:
  end: 1684052250.359429
  start: 1684052123.680296
