event_sleeping:
  end: 1684050317.8273833
  start: 1684050248.6676512
