event_sleeping:
  end: 1684051080.3003945
  start: 1684050936.1662812
