event_sleeping:
  end: 1684048952.8116155
  start: 1684048901.135856
