event_sleeping:
  end: 1684050885.3504605
  start: 1684050741.1637948
