event_sleeping:
  end: 1684050690.3422096
  start: 1684050546.1541488
