event_sleeping:
  end: 1684050197.8595912
  start: 1684050071.1825361
