event_sleeping:
  end: 1684049715.2951503
  start: 1684049681.139651
