event_sleeping:
  end: 1684052072.8607764
  start: 1684051131.087835
