event_sleeping:
  end: 1684049325.3462942
  start: 1684049003.5904846
