event_sleeping:
  end: 1684048562.838523
  start: 1684048401.064079
