event_sleeping:
  end: 1684048350.2649117
  start: 1684048350.2648911
