event_sleeping:
  end: 1684050495.343594
  start: 1684050368.622181
