event_sleeping:
  end: 1684050020.359626
  start: 1684049766.0545623
