event_sleeping:
  end: 1684048850.3425639
  start: 1684048613.6161282
