event_sleeping:
  end: 1684049630.3609197
  start: 1684049376.1281276
