event_sleeping:
  end: 1684050800.271618
  start: 1684050638.6077578
