event_sleeping:
  end: 1684051275.2914388
  start: 1684051241.1586633
