event_sleeping:
  end: 1684050197.8086443
  start: 1684049978.631166
