event_sleeping:
  end: 1684050902.8116086
  start: 1684050851.0745845
