event_sleeping:
  end: 1684050300.326441
  start: 1684050248.5950422
