event_sleeping:
  end: 1684049222.8315892
  start: 1684049078.6396585
