event_sleeping:
  end: 1684049715.3596277
  start: 1684049393.579528
