event_sleeping:
  end: 1684049027.8330128
  start: 1684048401.0566616
