event_sleeping:
  end: 1684049927.8599226
  start: 1684049766.171234
