event_sleeping:
  end: 1684052555.279712
  start: 1684052106.1392858
