event_sleeping:
  end: 1684050587.7931056
  start: 1684050351.1287808
