event_sleeping:
  end: 1684051665.303588
  start: 1684051326.0454025
