event_sleeping:
  end: 1684049342.8391645
  start: 1684049273.6827943
