event_sleeping:
  end: 1684048350.2987306
  start: 1684048350.2986789
