event_sleeping:
  end: 1684052055.3596652
  start: 1684051716.1325598
