event_sleeping:
  end: 1684051190.3628778
  start: 1684050953.6386433
