event_sleeping:
  end: 1684050977.8770359
  start: 1684050833.6761742
