event_sleeping:
  end: 1684049807.818046
  start: 1684049663.6522205
