event_sleeping:
  end: 1684048442.8564458
  start: 1684048350.2745173
