event_sleeping:
  end: 1684048935.343569
  start: 1684048791.1054096
