event_sleeping:
  end: 1684052055.264268
  start: 1684052021.1680472
