event_sleeping:
  end: 1684050392.8395238
  start: 1684049978.6325803
