event_sleeping:
  end: 1684050512.8275316
  start: 1684050443.6299446
