event_sleeping:
  end: 1684049927.8236055
  start: 1684049858.6132522
