event_sleeping:
  end: 1684049612.8609018
  start: 1684049376.1274724
