event_sleeping:
  end: 1684051970.3540738
  start: 1684051521.0990295
