event_sleeping:
  end: 1684049130.2915866
  start: 1684048986.156588
