event_sleeping:
  end: 1684048740.3594298
  start: 1684048493.6600792
