event_sleeping:
  end: 1684051470.323479
  start: 1684051028.6765568
