event_sleeping:
  end: 1684050782.8617878
  start: 1684050563.6228487
