event_sleeping:
  end: 1684049325.3740768
  start: 1684049181.065273
