event_sleeping:
  end: 1684052555.3594177
  start: 1684052106.0184505
