event_sleeping:
  end: 1684052537.8595233
  start: 1684052123.561154
