event_sleeping:
  end: 1684050105.3554935
  start: 1684049876.0485642
