event_sleeping:
  end: 1684049342.8128335
  start: 1684049291.0138144
