event_sleeping:
  end: 1684051775.3609974
  start: 1684051631.080661
