event_sleeping:
  end: 1684049825.3595016
  start: 1684049681.0774198
