event_sleeping:
  end: 1684048350.2991838
  start: 1684048350.2991347
