event_sleeping:
  end: 1684048655.287437
  start: 1684048401.0152173
