event_sleeping:
  end: 1684050977.8437517
  start: 1684050656.088067
