event_sleeping:
  end: 1684048740.291492
  start: 1684048706.013544
