event_sleeping:
  end: 1684051080.300297
  start: 1684051028.5770786
