event_sleeping:
  end: 1684052072.8611605
  start: 1684051911.044828
