event_sleeping:
  end: 1684049240.2716062
  start: 1684048791.000814
