event_sleeping:
  end: 1684050410.3609405
  start: 1684050156.0545979
