event_sleeping:
  end: 1684051275.3593569
  start: 1684051131.0216074
