event_sleeping:
  end: 1684051860.2833695
  start: 1684051826.1329231
