event_sleeping:
  end: 1684049630.3515387
  start: 1684049393.5225255
