event_sleeping:
  end: 1684050605.359465
  start: 1684050461.0911467
