event_sleeping:
  end: 1684051580.3580525
  start: 1684051326.04633
