event_sleeping:
  end: 1684049965.3596134
  start: 1684049821.5055737
