event_sleeping:
  end: 1684048795.3035622
  start: 1684048651.4096866
