event_sleeping:
  end: 1684051915.3595433
  start: 1684051186.5027215
