event_sleeping:
  end: 1684052110.358753
  start: 1684051966.4514503
