event_sleeping:
  end: 1684050355.3593516
  start: 1684050211.403012
