event_sleeping:
  end: 1684048405.315928
  start: 1684048350.2635221
