event_sleeping:
  end: 1684050745.283594
  start: 1684050601.4438174
