event_sleeping:
  end: 1684049575.3593187
  start: 1684049431.4456258
