event_sleeping:
  end: 1684050550.3541746
  start: 1684050406.3982408
