event_sleeping:
  end: 1684049380.3216484
  start: 1684049236.4390743
