event_sleeping:
  end: 1684051135.3594422
  start: 1684050991.4827046
