event_sleeping:
  end: 1684049185.3282838
  start: 1684049041.4433496
