event_sleeping:
  end: 1684048990.3595223
  start: 1684048846.4482872
