event_sleeping:
  end: 1684049770.3595085
  start: 1684049626.4376223
