event_sleeping:
  end: 1684048600.281454
  start: 1684048456.1437044
