event_sleeping:
  end: 1684050160.2985613
  start: 1684050069.4906433
