event_sleeping:
  end: 1684050940.3609674
  start: 1684050796.3620691
