event_sleeping:
  end: 1685759909.868581
  start: 1685759714.792994
