event_sleeping:
  end: 1685759714.7928908
  start: 1685759714.7926853
