event_sleeping:
  end: 1685759824.9043708
  start: 1685759714.7924545
