event_sleeping:
  end: 1685759824.903311
  start: 1685759714.7912185
