event_sleeping:
  end: 1685759824.8680556
  start: 1685759714.7902656
