event_sleeping:
  end: 1685759769.8412223
  start: 1685759714.7928457
