event_sleeping:
  end: 1685759964.831947
  start: 1685759821.553213
