event_sleeping:
  end: 1685685386.8205845
  start: 1685685191.818125
