event_sleeping_wait_all:
  end: 1685685989.3081927
  start: 1685685846.2675555
