event_sleeping_wait_all:
  end: 1685687429.4001095
  start: 1685686896.386243
