event_sleeping_wait_all:
  end: 1685686649.4040287
  start: 1685686236.3827748
