event_sleeping_wait_all:
  end: 1685685691.8937142
  start: 1685685438.7912996
