event_sleeping_wait_all:
  end: 1685686184.4001727
  start: 1685686041.2981827
