event_sleeping_wait_all:
  end: 1685686844.4040956
  start: 1685686701.3455572
