event_sleeping_wait_all:
  end: 1685685794.323923
  start: 1685685743.876788
