event_sleeping_wait_all:
  end: 1685686081.816683
  start: 1685685846.1134183
