event_sleeping_wait_all:
  end: 1685687039.4078512
  start: 1685686803.4770763
