event_sleeping_wait_all:
  end: 1685685794.4080594
  start: 1685685456.0603554
