event_sleeping_wait_all:
  end: 1685685404.3743052
  start: 1685685243.4646306
