event_sleeping_wait_all:
  end: 1685686751.836073
  start: 1685686413.586609
