event_sleeping:
  end: 1685685191.8168676
  start: 1685685191.81679
