event_sleeping_wait_all:
  end: 1685686361.9079516
  start: 1685686133.4704652
