event_sleeping_wait_all:
  end: 1685687039.352088
  start: 1685686821.0243232
