event_sleeping_wait_all:
  end: 1685686064.4080613
  start: 1685685920.9922037
