event_sleeping_wait_all:
  end: 1685685869.3399944
  start: 1685685633.4974844
