event_sleeping_wait_all:
  end: 1685685581.8414807
  start: 1685685548.5481827
