event_sleeping:
  end: 1685685301.908065
  start: 1685685191.8144643
