event_sleeping_wait_all:
  end: 1685686184.315948
  start: 1685686116.0541463
