event_sleeping_wait_all:
  end: 1685686666.8551943
  start: 1685686236.0037017
