event_sleeping_wait_all:
  end: 1685685496.9080358
  start: 1685685353.5716538
