event_sleeping_wait_all:
  end: 1685686769.3588898
  start: 1685686718.5371125
