event_sleeping_wait_all:
  end: 1685686769.3909357
  start: 1685686701.022847
