event_sleeping_wait_all:
  end: 1685686649.3362668
  start: 1685686506.1047697
