event_sleeping_wait_all:
  end: 1685687234.39215
  start: 1685686998.5040836
