event_sleeping_wait_all:
  end: 1685686946.8440857
  start: 1685686820.9833684
