event_sleeping_wait_all:
  end: 1685685886.8412743
  start: 1685685548.5209737
