event_sleeping_wait_all:
  end: 1685686276.9079978
  start: 1685685938.5012038
