event_sleeping:
  end: 1685685284.3161452
  start: 1685685191.8179607
