event_sleeping_wait_all:
  end: 1685686454.4041476
  start: 1685686328.561475
