event_sleeping_wait_all:
  end: 1685685496.8480055
  start: 1685685336.0127888
