event_sleeping_wait_all:
  end: 1685685971.8118658
  start: 1685685438.4791138
