event_sleeping_wait_all:
  end: 1685687531.8726177
  start: 1685687388.4509652
