event_sleeping:
  end: 1685685301.8760946
  start: 1685685191.8161287
