event_sleeping_wait_all:
  end: 1685686184.4098504
  start: 1685686023.413815
