event_sleeping_wait_all:
  end: 1685687056.8280048
  start: 1685686803.4773233
