event_sleeping_wait_all:
  end: 1685687251.890256
  start: 1685687108.3618348
