event_sleeping_wait_all:
  end: 1685685386.8514366
  start: 1685685353.4261289
