event_sleeping_wait_all:
  end: 1685686751.845908
  start: 1685686236.0384438
