event_sleeping_wait_all:
  end: 1685687819.368205
  start: 1685687583.500514
