event_sleeping_wait_all:
  end: 1685687336.841202
  start: 1685687303.4923322
