event_sleeping_wait_all:
  end: 1685687781.883036
  start: 1685687638.848566
