event_sleeping_wait_all:
  end: 1685687196.9078875
  start: 1685687053.7629669
