event_sleeping_wait_all:
  end: 1685687391.854491
  start: 1685687248.9591112
