event_sleeping:
  end: 1685686611.8324263
  start: 1685686468.9709194
