event_sleeping:
  end: 1685685831.9080563
  start: 1685685493.8546116
