event_sleeping:
  end: 1685685246.8441029
  start: 1685685191.8172662
