event_sleeping:
  end: 1685686806.908229
  start: 1685686663.9391437
