event_sleeping:
  end: 1685686026.9080167
  start: 1685685883.9030638
