event_sleeping:
  end: 1685685441.8267548
  start: 1685685314.146783
