event_sleeping:
  end: 1685686416.9081085
  start: 1685686273.9396808
