event_sleeping:
  end: 1685687001.8203745
  start: 1685686858.9043908
