event_sleeping:
  end: 1685686221.9061918
  start: 1685686078.908685
