event_sleeping_wait_all:
  end: 1685687586.8640785
  start: 1685687443.9064367
