event_sleeping:
  end: 1685051516.6596055
  start: 1685051447.7764137
