event_sleeping:
  end: 1685049464.190956
  start: 1685049229.030591
