event_sleeping:
  end: 1685051201.6820805
  start: 1685050667.7950716
