event_sleeping:
  end: 1685050421.691392
  start: 1685050007.7431982
