event_sleeping:
  end: 1685049761.66009
  start: 1685049617.668112
