event_sleeping:
  end: 1685049566.642356
  start: 1685049515.2878878
