event_sleeping:
  end: 1685051396.6894832
  start: 1685051252.721216
