event_sleeping:
  end: 1685050616.6909301
  start: 1685050472.7860677
