event_sleeping:
  end: 1685049176.6044388
  start: 1685048981.6062884
