event_sleeping:
  end: 1685049956.6906447
  start: 1685049812.6971388
