event_sleeping:
  end: 1685051804.1240149
  start: 1685051567.7645235
