event_sleeping:
  end: 1685049566.688737
  start: 1685049227.4123259
