event_sleeping:
  end: 1685048981.600184
  start: 1685048981.5998335
