event_sleeping:
  end: 1685051694.1882188
  start: 1685051372.4408815
