event_sleeping:
  end: 1685051321.6012976
  start: 1685050982.4657102
