event_sleeping:
  end: 1685050811.624428
  start: 1685050592.428127
