event_sleeping:
  end: 1685049176.6041322
  start: 1685049032.3737166
