event_sleeping:
  end: 1685050931.6598766
  start: 1685050862.4415226
