event_sleeping:
  end: 1685049854.1879973
  start: 1685049617.44548
