event_sleeping:
  end: 1685050541.6282613
  start: 1685050202.4750614
