event_sleeping:
  end: 1685050151.6293368
  start: 1685049904.9699707
