event_sleeping:
  end: 1685050811.6241007
  start: 1685050592.3971815
