event_sleeping:
  end: 1685051006.6761837
  start: 1685050862.4266238
