event_sleeping:
  end: 1685050421.690747
  start: 1685050007.458823
