event_sleeping:
  end: 1685049956.6600707
  start: 1685049887.4936943
