event_sleeping:
  end: 1685049354.1427712
  start: 1685049302.4845357
