event_sleeping:
  end: 1685050541.628945
  start: 1685050472.497307
