event_sleeping:
  end: 1685049056.66567
  start: 1685048981.6001198
