event_sleeping:
  end: 1685049251.6641018
  start: 1685049107.4666991
