event_sleeping:
  end: 1685051694.1400526
  start: 1685051567.4634867
