event_sleeping:
  end: 1685049641.688092
  start: 1685049404.939068
