event_sleeping:
  end: 1685051201.6160738
  start: 1685051057.4940338
