event_sleeping:
  end: 1685049836.6483376
  start: 1685049692.4767902
