event_sleeping:
  end: 1685051516.659836
  start: 1685051252.4308498
