event_sleeping:
  end: 1685050421.691981
  start: 1685050277.4447534
