event_sleeping:
  end: 1685049056.6280468
  start: 1685048981.6023629
