event_sleeping:
  end: 1685050541.6677172
  start: 1685050472.4939144
