event_sleeping:
  end: 1685050226.626319
  start: 1685050082.443979
