event_sleeping:
  end: 1685051126.619912
  start: 1685051057.469968
