event_sleeping:
  end: 1685050736.6681085
  start: 1685050592.4696755
