event_sleeping:
  end: 1685050031.6523497
  start: 1685049692.412465
