event_sleeping:
  end: 1685051591.6666162
  start: 1685051447.4828403
