event_sleeping:
  end: 1685051006.6879299
  start: 1685050787.4734035
