event_sleeping:
  end: 1685049641.6280432
  start: 1685049319.9776928
