event_sleeping:
  end: 1685049269.1880693
  start: 1685049107.410717
