event_sleeping:
  end: 1685051396.6891723
  start: 1685051177.4078777
