event_sleeping:
  end: 1685051126.6603324
  start: 1685051057.4687393
