event_sleeping:
  end: 1685049956.691847
  start: 1685049812.4037888
