event_sleeping:
  end: 1685050811.6888783
  start: 1685050574.7947335
