event_sleeping:
  end: 1685049056.6642745
  start: 1685048981.5985627
