event_sleeping:
  end: 1685050524.0918791
  start: 1685050007.4244506
