event_sleeping:
  end: 1685051591.7014158
  start: 1685051354.9479349
