event_sleeping:
  end: 1685051006.7068982
  start: 1685050862.4370527
