event_sleeping:
  end: 1685049761.69229
  start: 1685049227.3585935
