event_sleeping:
  end: 1685051304.1907032
  start: 1685051177.3540015
