event_sleeping:
  end: 1685049176.6621788
  start: 1685049107.3785896
