event_sleeping:
  end: 1685050969.1277077
  start: 1685050825.2865958
