event_sleeping:
  end: 1685049604.1879241
  start: 1685049265.2501996
