event_sleeping:
  end: 1685049799.1480722
  start: 1685049655.2230656
