event_sleeping:
  end: 1685051359.1520772
  start: 1685051215.295298
