event_sleeping:
  end: 1685050774.1268213
  start: 1685050650.506074
