event_sleeping:
  end: 1685050579.1640224
  start: 1685050435.2961998
