event_sleeping:
  end: 1685049019.1322882
  start: 1685048981.60529
