event_sleeping:
  end: 1685050189.1909385
  start: 1685050045.2721443
