event_sleeping:
  end: 1685051554.1258175
  start: 1685051410.2683709
