event_sleeping:
  end: 1685049214.126768
  start: 1685049069.977679
