event_sleeping:
  end: 1685050384.1908615
  start: 1685050240.3393557
