event_sleeping:
  end: 1685051164.1684349
  start: 1685051020.2741685
