event_sleeping:
  end: 1685049994.0921001
  start: 1685049850.3008766
