event_sleeping:
  end: 1683001619.2236128
  start: 1682999380.700061
