event_sleeping_wait_all:
  end: 1683001916.7249238
  start: 1683001883.3883083
