event_sleeping_wait_all:
  end: 1683003086.7915063
  start: 1683002960.9895937
