event_sleeping_wait_all:
  end: 1683004349.291361
  start: 1683004028.4590704
