event_sleeping_wait_all:
  end: 1683001831.7516797
  start: 1683001670.869484
