event_sleeping_wait_all:
  end: 1683003671.739544
  start: 1683003620.8898113
