event_sleeping_wait_all:
  end: 1683003001.7915025
  start: 1683002858.401421
