event_sleeping_wait_all:
  end: 1683002806.7915535
  start: 1683002645.9372318
