event_sleeping_wait_all:
  end: 1683002306.7475462
  start: 1683002163.3197317
