event_sleeping_wait_all:
  end: 1683003569.2916703
  start: 1683003333.4373803
