event_sleeping_wait_all:
  end: 1683004739.2184098
  start: 1683004503.7187877
