event_sleeping_wait_all:
  end: 1683003781.7916365
  start: 1683002748.678801
