event_sleeping_wait_all:
  end: 1683004274.2916467
  start: 1683004113.7766874
