event_sleeping_wait_all:
  end: 1683002696.7234542
  start: 1683002663.766552
