event_sleeping:
  end: 1683001441.7860663
  start: 1682999380.6988041
