event_sleeping_wait_all:
  end: 1683004171.7915606
  start: 1683003443.602844
