event_sleeping_wait_all:
  end: 1683004349.2916434
  start: 1683004223.4409437
