event_sleeping_wait_all:
  end: 1683002806.735696
  start: 1683002570.8340654
