event_sleeping_wait_all:
  end: 1683003086.7922535
  start: 1683002858.3939958
