event_sleeping_wait_all:
  end: 1683004739.21876
  start: 1683004400.9033098
