event_sleeping_wait_all:
  end: 1683002519.2424324
  start: 1683002468.3847513
