event_sleeping:
  end: 1683001526.7377262
  start: 1683001493.5252347
