event_sleeping:
  end: 1683002306.7917268
  start: 1683002078.4575517
