event_sleeping_wait_all:
  end: 1683003689.2593877
  start: 1683003620.9342175
