event_sleeping_wait_all:
  end: 1683004451.7250144
  start: 1683004418.4760745
