event_sleeping_wait_all:
  end: 1683003921.791713
  start: 1683003778.3463018
