event_sleeping:
  end: 1683003531.7920568
  start: 1683003193.3780642
