event_sleeping:
  end: 1683001386.727704
  start: 1682999380.6950758
