event_sleeping:
  end: 1683001776.7915292
  start: 1683001633.3825934
