event_sleeping:
  end: 1683002556.7917764
  start: 1683002413.4071896
