event_sleeping:
  end: 1683003726.767591
  start: 1683003584.8342824
