event_sleeping:
  end: 1685742958.272516
  start: 1685742780.7596529
