event_sleeping:
  end: 1685742958.348077
  start: 1685742832.8573961
