event_sleeping:
  end: 1685742780.758451
  start: 1685742780.7578886
