event_sleeping:
  end: 1685742873.3440244
  start: 1685742780.7588983
