event_sleeping:
  end: 1685742855.8274505
  start: 1685742780.7582772
