event_sleeping:
  end: 1685743013.3501508
  start: 1685742869.998357
