event_sleeping:
  end: 1685742818.2890542
  start: 1685742780.7554646
