event_sleeping:
  end: 1685505312.4177048
  start: 1685504922.3343062
