event_sleeping:
  end: 1685504922.3260949
  start: 1685504922.3260117
