event_sleeping:
  end: 1685504922.3258324
  start: 1685504922.3257647
