event_sleeping:
  end: 1685505014.8200893
  start: 1685504922.3271663
