event_sleeping:
  end: 1685504922.3279736
  start: 1685504922.3278863
