event_sleeping:
  end: 1685504977.3718693
  start: 1685504922.3238451
