event_sleeping:
  end: 1685505367.4163036
  start: 1685505225.1164074
