event_sleeping:
  end: 1685505172.416201
  start: 1685505045.2530437
