event_sleeping_wait_all:
  end: 1683030559.3150342
  start: 1683030398.4553905
