event_sleeping_wait_all:
  end: 1683033076.8168468
  start: 1683032755.9895144
