event_sleeping_wait_all:
  end: 1683032704.3121521
  start: 1683032560.9139547
