event_sleeping_wait_all:
  end: 1683030644.247374
  start: 1683030611.0971665
