event_sleeping_wait_all:
  end: 1683032009.3118684
  start: 1683031866.0319684
