event_sleeping_wait_all:
  end: 1683031814.311847
  start: 1683031688.4364135
