event_sleeping_wait_all:
  end: 1683032509.2844315
  start: 1683032365.961174
