event_sleeping_wait_all:
  end: 1683030949.3146293
  start: 1683030695.8715763
