event_sleeping_wait_all:
  end: 1683031636.8153296
  start: 1683031000.9088914
