event_sleeping:
  end: 1683030346.8155458
  start: 1683030059.2241685
