event_sleeping_wait_all:
  end: 1683032314.3114758
  start: 1683032060.9424238
