event_sleeping:
  end: 1683030839.3115594
  start: 1683030527.124946
