event_sleeping_wait_all:
  end: 1683031729.2435951
  start: 1683031585.9299943
