event_sleeping_wait_all:
  end: 1683032399.2476408
  start: 1683032348.484714
