event_sleeping_wait_all:
  end: 1683032686.814736
  start: 1683032450.9746852
