event_sleeping_wait_all:
  end: 1683032296.8149414
  start: 1683032060.9021974
