event_sleeping_wait_all:
  end: 1683031321.8148012
  start: 1683031085.976569
