event_sleeping_wait_all:
  end: 1683031534.3120828
  start: 1683031373.4646428
