event_sleeping:
  end: 1683030059.2220905
  start: 1683030059.2219765
