event_sleeping_wait_all:
  end: 1683031831.7655523
  start: 1683031780.857655
