event_sleeping_wait_all:
  end: 1683032009.270594
  start: 1683031883.4480271
