event_sleeping:
  end: 1683030466.815198
  start: 1683030110.8419185
