event_sleeping_wait_all:
  end: 1683031034.3144479
  start: 1683030890.99079
