event_sleeping_wait_all:
  end: 1683033001.8149529
  start: 1683032841.2514136
