event_sleeping_wait_all:
  end: 1683033179.2395394
  start: 1683033053.7636936
