event_sleeping:
  end: 1683030169.3156576
  start: 1683030059.2282207
