event_sleeping_wait_all:
  end: 1683032509.2526374
  start: 1683031476.2256565
