event_sleeping:
  end: 1683030346.8145938
  start: 1683030221.2426026
