event_sleeping_wait_all:
  end: 1683031424.2483773
  start: 1683031391.1970732
