event_sleeping_wait_all:
  end: 1683030839.3202279
  start: 1683030713.8083696
