event_sleeping_wait_all:
  end: 1683032611.765163
  start: 1683032561.199229
