event_sleeping_wait_all:
  end: 1683031339.2154155
  start: 1683030891.2585778
