event_sleeping_wait_all:
  end: 1683032789.3147964
  start: 1683032663.6656415
