event_sleeping_wait_all:
  end: 1683033466.7675297
  start: 1683033231.2317312
