event_sleeping_wait_all:
  end: 1683030661.8150823
  start: 1683030398.747216
