event_sleeping_wait_all:
  end: 1683030559.3146534
  start: 1683030306.074961
