event_sleeping_wait_all:
  end: 1683032899.279637
  start: 1683032170.9524436
