event_sleeping_wait_all:
  end: 1683031814.3114882
  start: 1683031585.930348
