event_sleeping_wait_all:
  end: 1683033076.8148656
  start: 1683032950.89033
