event_sleeping_wait_all:
  end: 1683032119.314556
  start: 1683031866.0393085
