event_sleeping:
  end: 1683030151.807334
  start: 1683030059.2279203
