event_sleeping_wait_all:
  end: 1683030736.79418
  start: 1683030610.9240873
