event_sleeping_wait_all:
  end: 1683031144.2527034
  start: 1683030788.4210947
