event_sleeping_wait_all:
  end: 1683031246.765392
  start: 1683031195.8397563
