event_sleeping_wait_all:
  end: 1683030254.248492
  start: 1683030203.544374
