event_sleeping_wait_all:
  end: 1683033466.8117065
  start: 1683033128.4547758
