event_sleeping_wait_all:
  end: 1683031534.3115144
  start: 1683031298.390155
