event_sleeping:
  end: 1683030169.231554
  start: 1683030059.228839
