event_sleeping:
  end: 1683030754.3115332
  start: 1683030500.9851737
