event_sleeping_wait_all:
  end: 1683033094.3164263
  start: 1683032755.989718
