event_sleeping:
  end: 1683032296.8157375
  start: 1683032170.9515743
