event_sleeping_wait_all:
  end: 1683033179.249724
  start: 1683033145.9765186
