event_sleeping:
  end: 1683031034.3148742
  start: 1683030805.93318
