event_sleeping_wait_all:
  end: 1683032704.3115144
  start: 1683032468.45942
