event_sleeping_wait_all:
  end: 1683032416.7825363
  start: 1683032348.4934824
