event_sleeping:
  end: 1683031814.2314487
  start: 1683031475.9222853
