event_sleeping:
  end: 1683032119.3115666
  start: 1683031865.885419
