event_sleeping:
  end: 1683031424.2394202
  start: 1683031086.0195932
