event_sleeping:
  end: 1683030254.2480874
  start: 1683030220.8728573
