event_sleeping:
  end: 1683030449.3115945
  start: 1683030305.9258811
