event_sleeping:
  end: 1683030114.2475624
  start: 1683030059.219413
