event_sleeping_wait_all:
  end: 1683032844.2688155
  start: 1683032700.9334266
