event_sleeping:
  end: 1683030699.2155945
  start: 1683030555.897178
