event_sleeping:
  end: 1683031479.3147287
  start: 1683031335.8605876
