event_sleeping_wait_all:
  end: 1683032649.2957847
  start: 1683032505.8801763
