event_sleeping:
  end: 1683031869.3146744
  start: 1683031725.840417
