event_sleeping:
  end: 1683031674.276112
  start: 1683031530.8948355
