event_sleeping:
  end: 1683032259.2796152
  start: 1683031920.8981586
