event_sleeping:
  end: 1683030504.2716346
  start: 1683030360.873299
