event_sleeping:
  end: 1683031089.3149087
  start: 1683030750.8078878
