event_sleeping:
  end: 1683030309.2759717
  start: 1683030165.831122
