event_sleeping:
  end: 1683032454.3116841
  start: 1683032312.3131933
