event_sleeping_wait_all:
  end: 1683033039.311519
  start: 1683032895.8576276
