event_sleeping:
  end: 1683031284.2235563
  start: 1683031140.8952982
