event_sleeping_wait_all:
  end: 1685470346.4080307
  start: 1685470203.3850114
