event_sleeping_wait_all:
  end: 1685470151.4113975
  start: 1685470008.218069
