event_sleeping:
  end: 1685469743.9583216
  start: 1685469353.8735864
