event_sleeping_wait_all:
  end: 1685470811.399971
  start: 1685470398.322368
