event_sleeping_wait_all:
  end: 1685471303.8443286
  start: 1685471270.7857015
