event_sleeping_wait_all:
  end: 1685471218.8583813
  start: 1685471058.275815
