event_sleeping_wait_all:
  end: 1685471006.3321948
  start: 1685470863.325338
