event_sleeping_wait_all:
  end: 1685469956.316009
  start: 1685469795.912646
