event_sleeping_wait_all:
  end: 1685471591.3223948
  start: 1685471355.7807562
