event_sleeping:
  end: 1685469353.815798
  start: 1685469353.815747
