event_sleeping_wait_all:
  end: 1685469956.3599832
  start: 1685469905.5602198
