event_sleeping_wait_all:
  end: 1685470718.8445563
  start: 1685470685.5364928
