event_sleeping_wait_all:
  end: 1685470633.9079707
  start: 1685470380.5446625
