event_sleeping_wait_all:
  end: 1685471023.8641472
  start: 1685470770.5167813
