event_sleeping_wait_all:
  end: 1685469566.411576
  start: 1685469405.4479294
