event_sleeping_wait_all:
  end: 1685470328.9079282
  start: 1685470007.9949527
