event_sleeping_wait_all:
  end: 1685471201.4083529
  start: 1685471075.5284483
