event_sleeping_wait_all:
  end: 1685469853.911402
  start: 1685469618.1485717
