event_sleeping_wait_all:
  end: 1685470718.9079416
  start: 1685470397.9556668
