event_sleeping_wait_all:
  end: 1685470226.3441234
  start: 1685470083.0541275
