event_sleeping_wait_all:
  end: 1685471201.4079597
  start: 1685470983.022537
