event_sleeping_wait_all:
  end: 1685470346.3599305
  start: 1685470278.0256925
