event_sleeping_wait_all:
  end: 1685470031.4112384
  start: 1685469405.5362804
