event_sleeping_wait_all:
  end: 1685470931.3241313
  start: 1685470770.5171492
