event_sleeping:
  end: 1685469353.8179903
  start: 1685469353.817906
