event_sleeping_wait_all:
  end: 1685470811.3287013
  start: 1685470668.1050384
