event_sleeping_wait_all:
  end: 1685470133.8200943
  start: 1685469990.4856658
