event_sleeping_wait_all:
  end: 1685471396.3162644
  start: 1685470983.0768256
