event_sleeping:
  end: 1685469446.396203
  start: 1685469353.8218806
