event_sleeping_wait_all:
  end: 1685470328.8601487
  start: 1685470185.4784782
