event_sleeping_wait_all:
  end: 1685469938.8440912
  start: 1685469795.5015712
