event_sleeping_wait_all:
  end: 1685470616.4116714
  start: 1685470380.544862
