event_sleeping_wait_all:
  end: 1685469743.8360996
  start: 1685469498.0928867
