event_sleeping_wait_all:
  end: 1685470931.3800373
  start: 1685470862.982134
