event_sleeping_wait_all:
  end: 1685469743.8466675
  start: 1685469710.466562
