event_sleeping_wait_all:
  end: 1685470828.907965
  start: 1685470685.3888717
