event_sleeping_wait_all:
  end: 1685471413.812051
  start: 1685471160.42429
