event_sleeping_wait_all:
  end: 1685471608.9114432
  start: 1685471465.3621588
