event_sleeping_wait_all:
  end: 1685471981.404188
  start: 1685471660.5349255
