event_sleeping_wait_all:
  end: 1685470346.3121505
  start: 1685470295.503155
