event_sleeping_wait_all:
  end: 1685470633.8200526
  start: 1685470397.9094071
