event_sleeping_wait_all:
  end: 1685470243.9110441
  start: 1685469795.4485164
