event_sleeping_wait_all:
  end: 1685471108.8421576
  start: 1685470880.5028014
