event_sleeping:
  end: 1685469353.8206503
  start: 1685469353.820252
