event_sleeping_wait_all:
  end: 1685469658.9111414
  start: 1685469405.4581978
