event_sleeping:
  end: 1685470773.8840828
  start: 1685470630.825955
