event_sleeping:
  end: 1685471163.907994
  start: 1685471020.915414
