event_sleeping_wait_all:
  end: 1685471748.828091
  start: 1685471605.8885016
