event_sleeping:
  end: 1685470968.9116297
  start: 1685470825.9367604
