event_sleeping_wait_all:
  end: 1685471553.8839276
  start: 1685471410.813451
