event_sleeping:
  end: 1685470578.823984
  start: 1685470435.9510758
