event_sleeping:
  end: 1685469993.8201392
  start: 1685469850.8502445
