event_sleeping_wait_all:
  end: 1685471358.8359306
  start: 1685471215.8740537
