event_sleeping:
  end: 1685470383.9115005
  start: 1685470240.8726344
