event_sleeping:
  end: 1685470188.8601124
  start: 1685470045.8530219
