event_sleeping:
  end: 1685469798.8762271
  start: 1685469655.895895
