event_sleeping:
  end: 1685469408.87028
  start: 1685469353.822511
