event_sleeping:
  end: 1685469603.911426
  start: 1685469476.2732875
