event_sleeping_wait_all:
  end: 1685471943.8520212
  start: 1685471800.8363733
