event_sleeping:
  end: 1685508944.4975712
  start: 1685508749.414519
