event_sleeping:
  end: 1685508749.4073567
  start: 1685508749.4072626
