event_sleeping:
  end: 1685508859.4640975
  start: 1685508749.4085994
