event_sleeping:
  end: 1685508841.993997
  start: 1685508749.4095356
