event_sleeping:
  end: 1685508859.4999232
  start: 1685508749.4110973
