event_sleeping:
  end: 1685508804.4444168
  start: 1685508749.4104862
