event_sleeping:
  end: 1685508999.464112
  start: 1685508860.7809298
