event_sleeping:
  end: 1682985099.383121
  start: 1682984903.2930593
