event_sleeping:
  end: 1682984921.8073497
  start: 1682984903.2945318
