event_sleeping:
  end: 1682985014.331682
  start: 1682984903.2952285
