event_sleeping:
  end: 1682984996.8796682
  start: 1682984903.295579
