event_sleeping:
  end: 1682985014.3314793
  start: 1682984903.2954755
