event_sleeping:
  end: 1682984959.345161
  start: 1682984903.294779
