event_sleeping:
  end: 1682985154.3874826
  start: 1682985027.2317936
