event_sleeping_wait_all:
  end: 1685646943.6509023
  start: 1685646307.9752023
