event_sleeping_wait_all:
  end: 1685645968.6185296
  start: 1685645900.5841348
