event_sleeping_wait_all:
  end: 1685645068.650888
  start: 1685644925.5301101
