event_sleeping_wait_all:
  end: 1685644018.6013753
  start: 1685643968.112951
