event_sleeping_wait_all:
  end: 1685644213.648084
  start: 1685644070.5361872
