event_sleeping_wait_all:
  end: 1685644873.5640998
  start: 1685644460.5770538
