event_sleeping_wait_all:
  end: 1685644408.6495075
  start: 1685644265.565377
