event_sleeping_wait_all:
  end: 1685643916.150748
  start: 1685643663.0395174
