event_sleeping_wait_all:
  end: 1685645653.6507864
  start: 1685645120.624876
