event_sleeping_wait_all:
  end: 1685646256.0569193
  start: 1685646020.500916
