event_sleeping:
  end: 1685643611.1479123
  start: 1685643416.0618353
