event_sleeping_wait_all:
  end: 1685645848.6512954
  start: 1685645705.5919507
