event_sleeping_wait_all:
  end: 1685647138.5560555
  start: 1685647087.7598825
