event_sleeping_wait_all:
  end: 1685646146.0519998
  start: 1685645807.838211
