event_sleeping_wait_all:
  end: 1685645756.16255
  start: 1685645435.2687788
