event_sleeping_wait_all:
  end: 1685647036.082192
  start: 1685646892.7166603
