event_sleeping_wait_all:
  end: 1685645263.564827
  start: 1685645027.8040009
