event_sleeping_wait_all:
  end: 1685644018.647882
  start: 1685643680.2617633
