event_sleeping_wait_all:
  end: 1685644586.1480796
  start: 1685644357.784177
