event_sleeping:
  end: 1685643416.0575407
  start: 1685643416.0571976
