event_sleeping_wait_all:
  end: 1685644976.1510344
  start: 1685644637.839189
