event_sleeping_wait_all:
  end: 1685644306.1480272
  start: 1685644070.302243
