event_sleeping_wait_all:
  end: 1685646646.132045
  start: 1685646392.808141
