event_sleeping_wait_all:
  end: 1685646341.1509717
  start: 1685646197.6740294
