event_sleeping_wait_all:
  end: 1685645383.576091
  start: 1685645315.2367706
