event_sleeping_wait_all:
  end: 1685646841.053375
  start: 1685646697.797049
