event_sleeping_wait_all:
  end: 1685643628.571963
  start: 1685643467.7401946
