event_sleeping_wait_all:
  end: 1685643806.084218
  start: 1685643772.7814813
