event_sleeping_wait_all:
  end: 1685646146.06394
  start: 1685646020.252358
