event_sleeping_wait_all:
  end: 1685644891.1481383
  start: 1685644460.281732
