event_sleeping_wait_all:
  end: 1685644993.599912
  start: 1685644942.7868345
