event_sleeping_wait_all:
  end: 1685647798.6508634
  start: 1685646782.7104704
