event_sleeping_wait_all:
  end: 1685644408.6083658
  start: 1685644340.226569
