event_sleeping:
  end: 1685643526.155691
  start: 1685643416.0596817
