event_sleeping_wait_all:
  end: 1685643721.1200202
  start: 1685643577.8431516
