event_sleeping_wait_all:
  end: 1685645653.6511185
  start: 1685645527.7975686
