event_sleeping_wait_all:
  end: 1685645263.5641534
  start: 1685645045.1824348
