event_sleeping_wait_all:
  end: 1685646731.0841515
  start: 1685646697.7821274
