event_sleeping_wait_all:
  end: 1685644288.6040921
  start: 1685644145.311115
