event_sleeping_wait_all:
  end: 1685645968.6040993
  start: 1685645705.306371
