event_sleeping_wait_all:
  end: 1685645476.1509538
  start: 1685645315.215435
