event_sleeping_wait_all:
  end: 1685646646.140204
  start: 1685646197.7173154
