event_sleeping_wait_all:
  end: 1685644093.6508195
  start: 1685643857.7227538
