event_sleeping_wait_all:
  end: 1685645848.650657
  start: 1685645630.2671933
