event_sleeping_wait_all:
  end: 1685644501.0798237
  start: 1685644162.8099258
