event_sleeping:
  end: 1685643508.6441445
  start: 1685643416.061177
