event_sleeping_wait_all:
  end: 1685646043.6459792
  start: 1685645900.3091984
