event_sleeping_wait_all:
  end: 1685645578.5882363
  start: 1685645510.354417
