event_sleeping_wait_all:
  end: 1685643721.1289635
  start: 1685643560.320194
