event_sleeping_wait_all:
  end: 1685644993.6263626
  start: 1685644925.3273928
