event_sleeping_wait_all:
  end: 1685645171.1510112
  start: 1685645045.2624915
