event_sleeping_wait_all:
  end: 1685644873.6479466
  start: 1685644730.3422322
