event_sleeping_wait_all:
  end: 1685644111.124007
  start: 1685643772.7912474
