event_sleeping_wait_all:
  end: 1685645458.6508331
  start: 1685645222.793157
