event_sleeping_wait_all:
  end: 1685644678.6361678
  start: 1685644552.7121234
