event_sleeping_wait_all:
  end: 1685645756.1240523
  start: 1685645612.6907535
