event_sleeping_wait_all:
  end: 1685644408.6483226
  start: 1685644247.6828685
