event_sleeping_wait_all:
  end: 1685645561.084225
  start: 1685645527.6820323
