event_sleeping_wait_all:
  end: 1685646043.6555173
  start: 1685645807.7521424
