event_sleeping:
  end: 1685643526.138097
  start: 1685643416.0587714
