event_sleeping_wait_all:
  end: 1685644976.0601358
  start: 1685644460.2187219
