event_sleeping_wait_all:
  end: 1685645281.0549865
  start: 1685645027.6916416
