event_sleeping_wait_all:
  end: 1685643611.0843654
  start: 1685643577.745784
