event_sleeping_wait_all:
  end: 1685644196.092549
  start: 1685643662.662407
