event_sleeping_wait_all:
  end: 1685645476.0600398
  start: 1685645332.6531684
