event_sleeping_wait_all:
  end: 1685646981.148179
  start: 1685646838.2355783
