event_sleeping_wait_all:
  end: 1685647761.0799801
  start: 1685647618.0945504
