event_sleeping:
  end: 1685645226.108181
  start: 1685645083.1072145
