event_sleeping:
  end: 1685644251.148056
  start: 1685644108.0894866
