event_sleeping:
  end: 1685645031.1001341
  start: 1685644888.212232
