event_sleeping:
  end: 1685645616.124098
  start: 1685645473.2724483
