event_sleeping_wait_all:
  end: 1685647566.0692322
  start: 1685647228.1764743
