event_sleeping:
  end: 1685643666.144141
  start: 1685643526.8452108
