event_sleeping:
  end: 1685644056.0602179
  start: 1685643718.2071521
