event_sleeping:
  end: 1685644836.1510437
  start: 1685644693.1670146
