event_sleeping_wait_all:
  end: 1685647176.1082048
  start: 1685647033.1432796
