event_sleeping:
  end: 1685645811.1240273
  start: 1685645668.148535
