event_sleeping:
  end: 1685646006.1361907
  start: 1685645863.188992
