event_sleeping_wait_all:
  end: 1685646786.150794
  start: 1685646643.2293384
