event_sleeping:
  end: 1685644641.0521638
  start: 1685644498.1500585
