event_sleeping:
  end: 1685644446.1513023
  start: 1685644303.1869762
