event_sleeping_wait_all:
  end: 1685646591.1508145
  start: 1685646448.0828044
