event_sleeping:
  end: 1685645421.1510973
  start: 1685645278.123671
