event_sleeping:
  end: 1685643471.1088629
  start: 1685643416.0613503
