event_sleeping_wait_all:
  end: 1685646396.0920465
  start: 1685646058.170082
