event_sleeping_wait_all:
  end: 1685621491.152104
  start: 1685621255.6718795
