event_sleeping_wait_all:
  end: 1685621576.1230404
  start: 1685621543.095586
