event_sleeping_wait_all:
  end: 1685622643.627696
  start: 1685622500.650449
