event_sleeping_wait_all:
  end: 1685621966.1110497
  start: 1685621823.1291683
