event_sleeping_wait_all:
  end: 1685621771.1680198
  start: 1685621627.9925954
