event_sleeping_wait_all:
  end: 1685622448.6899228
  start: 1685622018.0333257
