event_sleeping:
  end: 1685621203.6736023
  start: 1685621008.5999238
