event_sleeping:
  end: 1685621008.5986824
  start: 1685621008.5986578
