event_sleeping_wait_all:
  end: 1685622161.102716
  start: 1685621932.8418074
