event_sleeping_wait_all:
  end: 1685622568.6882145
  start: 1685622212.759529
