event_sleeping_wait_all:
  end: 1685621186.1400635
  start: 1685621060.3011038
