event_sleeping_wait_all:
  end: 1685621881.1899803
  start: 1685621627.8377893
