event_sleeping_wait_all:
  end: 1685621576.1880338
  start: 1685621237.7999284
