event_sleeping:
  end: 1685621101.1864674
  start: 1685621008.5983403
