event_sleeping_wait_all:
  end: 1685621863.671992
  start: 1685621720.2408981
