event_sleeping_wait_all:
  end: 1685621381.0959027
  start: 1685621347.808939
