event_sleeping_wait_all:
  end: 1685621668.595406
  start: 1685621432.7440624
