event_sleeping_wait_all:
  end: 1685622466.1901839
  start: 1685622017.7456357
