event_sleeping_wait_all:
  end: 1685621296.1454759
  start: 1685621152.8555446
