event_sleeping_wait_all:
  end: 1685622568.6408205
  start: 1685622517.8407063
