event_sleeping_wait_all:
  end: 1685621966.119568
  start: 1685621915.333176
