event_sleeping_wait_all:
  end: 1685621278.6808147
  start: 1685621152.778746
