event_sleeping_wait_all:
  end: 1685622076.160083
  start: 1685621737.8425817
