event_sleeping_wait_all:
  end: 1685622551.1408465
  start: 1685622500.2657108
