event_sleeping_wait_all:
  end: 1685622763.6001053
  start: 1685622602.7405405
