event_sleeping:
  end: 1685621101.1800418
  start: 1685621008.597493
