event_sleeping_wait_all:
  end: 1685622271.1879694
  start: 1685622127.8091085
