event_sleeping_wait_all:
  end: 1685621686.164179
  start: 1685621330.331664
