event_sleeping_wait_all:
  end: 1685622448.597153
  start: 1685622322.8423376
