event_sleeping_wait_all:
  end: 1685621788.6364465
  start: 1685621255.2333684
