event_sleeping_wait_all:
  end: 1685622551.1878939
  start: 1685622035.2391582
