event_sleeping_wait_all:
  end: 1685621203.6401377
  start: 1685621152.779054
