event_sleeping_wait_all:
  end: 1685622838.5929518
  start: 1685622602.7478561
