event_sleeping:
  end: 1685621101.1813266
  start: 1685621008.5994413
