event_sleeping_wait_all:
  end: 1685621983.6239672
  start: 1685621840.2779624
