event_sleeping:
  end: 1685621631.187857
  start: 1685621293.0940359
