event_sleeping:
  end: 1685621046.1168067
  start: 1685621008.5954926
