event_sleeping_wait_all:
  end: 1685622801.1162665
  start: 1685622658.1192412
