event_sleeping:
  end: 1685621241.1040533
  start: 1685621097.823334
