event_sleeping:
  end: 1685621826.1600475
  start: 1685621686.8925915
