event_sleeping:
  end: 1685622411.1900656
  start: 1685622268.2734213
