event_sleeping:
  end: 1685622606.1364243
  start: 1685622463.2056727
