event_sleeping:
  end: 1685622021.1160617
  start: 1685621878.2431986
