event_sleeping:
  end: 1685622216.188084
  start: 1685622073.1832838
