event_sleeping:
  end: 1686213096.105392
  start: 1686212952.131188
