event_sleeping:
  end: 1686212603.605996
  start: 1686212371.8990295
