event_sleeping:
  end: 1686213756.0716248
  start: 1686213612.1843786
