event_sleeping:
  end: 1686212316.1076727
  start: 1686212121.0169835
