event_sleeping:
  end: 1686212706.0569117
  start: 1686212654.701005
