event_sleeping:
  end: 1686212901.0316217
  start: 1686212757.1336875
