event_sleeping:
  end: 1686213681.070995
  start: 1686213342.2097452
