event_sleeping:
  end: 1686212993.6035411
  start: 1686212757.1772773
