event_sleeping:
  end: 1686212706.1035411
  start: 1686212367.1721208
