event_sleeping:
  end: 1686213951.1063504
  start: 1686213732.144759
