event_sleeping:
  end: 1686213291.1034055
  start: 1686213044.695742
