event_sleeping:
  end: 1686212316.1034849
  start: 1686212181.4213932
