event_sleeping:
  end: 1686212121.0127664
  start: 1686212121.012397
