event_sleeping:
  end: 1686212391.1035774
  start: 1686212247.1517305
