event_sleeping:
  end: 1686213951.1056702
  start: 1686213732.1837287
