event_sleeping:
  end: 1686212781.1035638
  start: 1686212544.6649399
