event_sleeping:
  end: 1686213681.0698094
  start: 1686213612.1653566
