event_sleeping:
  end: 1686213561.1038349
  start: 1686213147.1857166
