event_sleeping:
  end: 1686212493.5436418
  start: 1686212442.1879036
