event_sleeping:
  end: 1686212976.009893
  start: 1686212832.1884265
