event_sleeping:
  end: 1686213096.075099
  start: 1686213027.076888
