event_sleeping:
  end: 1686212196.083446
  start: 1686212121.0147953
