event_sleeping:
  end: 1686212781.0315685
  start: 1686212459.7023606
