event_sleeping:
  end: 1686213171.0770729
  start: 1686212832.1272142
