event_sleeping:
  end: 1686213876.1055923
  start: 1686213732.127672
