event_sleeping:
  end: 1686213681.031622
  start: 1686213612.1642513
