event_sleeping:
  end: 1686213366.103468
  start: 1686213222.1791103
