event_sleeping:
  end: 1686212408.603419
  start: 1686212247.2289314
