event_sleeping:
  end: 1686213561.052557
  start: 1686213417.1696286
