event_sleeping:
  end: 1686212196.0839558
  start: 1686212121.016645
