event_sleeping:
  end: 1686212196.083647
  start: 1686212121.0171328
