event_sleeping:
  end: 1686212316.007444
  start: 1686212247.1075003
