event_sleeping:
  end: 1686212901.0646467
  start: 1686212366.9851599
