event_sleeping:
  end: 1686213951.1059883
  start: 1686213714.5855002
