event_sleeping:
  end: 1686213663.6056323
  start: 1686213147.0917816
