event_sleeping:
  end: 1686213096.0716639
  start: 1686212952.0170326
