event_sleeping:
  end: 1686213523.5088696
  start: 1686213379.6373134
