event_sleeping:
  end: 1686213718.5394657
  start: 1686213574.613243
