event_sleeping:
  end: 1686212938.5390232
  start: 1686212794.6465943
