event_sleeping:
  end: 1686212158.5437896
  start: 1686212121.0083542
