event_sleeping:
  end: 1686212743.5284212
  start: 1686212404.6899753
