event_sleeping:
  end: 1686212353.5915935
  start: 1686212209.3935943
