event_sleeping:
  end: 1686213328.5302227
  start: 1686213184.7331517
