event_sleeping:
  end: 1686213133.6036189
  start: 1686212989.622749
