event_sleeping_wait_all:
  end: 1685474962.040899
  start: 1685474818.9686995
