event_sleeping_wait_all:
  end: 1685476419.5160801
  start: 1685476276.4712715
