event_sleeping_wait_all:
  end: 1685475639.452137
  start: 1685475478.8597186
