event_sleeping_wait_all:
  end: 1685475426.944108
  start: 1685475013.9884121
