event_sleeping_wait_all:
  end: 1685476521.971782
  start: 1685476471.4307904
