event_sleeping_wait_all:
  end: 1685474767.040722
  start: 1685474606.4080553
