event_sleeping:
  end: 1685474164.5403173
  start: 1685473986.9516273
