event_sleeping_wait_all:
  end: 1685474469.5321393
  start: 1685474216.466915
