event_sleeping_wait_all:
  end: 1685474554.4736161
  start: 1685474521.465467
