event_sleeping_wait_all:
  end: 1685476224.5399053
  start: 1685475691.426217
