event_sleeping_wait_all:
  end: 1685474164.5399573
  start: 1685474038.6605046
