event_sleeping_wait_all:
  end: 1685475547.004136
  start: 1685475208.5947292
