event_sleeping_wait_all:
  end: 1685477181.9935014
  start: 1685476946.2022676
