event_sleeping_wait_all:
  end: 1685476327.0406227
  start: 1685475988.6628673
