event_sleeping_wait_all:
  end: 1685475156.964055
  start: 1685474893.642805
