event_sleeping_wait_all:
  end: 1685474841.9721377
  start: 1685474606.1843152
