event_sleeping_wait_all:
  end: 1685474554.5401752
  start: 1685474216.178802
