event_sleeping_wait_all:
  end: 1685476894.524008
  start: 1685476751.154376
