event_sleeping_wait_all:
  end: 1685475936.9923694
  start: 1685475886.1508596
