event_sleeping_wait_all:
  end: 1685476699.515936
  start: 1685476378.7094805
