event_sleeping:
  end: 1685473986.9514873
  start: 1685473986.9514675
