event_sleeping_wait_all:
  end: 1685474859.5160975
  start: 1685474716.085884
