event_sleeping_wait_all:
  end: 1685475444.4667385
  start: 1685474996.1069276
