event_sleeping_wait_all:
  end: 1685475529.4641325
  start: 1685475496.0899944
