event_sleeping_wait_all:
  end: 1685474944.4739256
  start: 1685474911.1896315
