event_sleeping_wait_all:
  end: 1685474359.4915316
  start: 1685474308.7287047
