event_sleeping_wait_all:
  end: 1685475816.968217
  start: 1685475581.128114
