event_sleeping_wait_all:
  end: 1685474664.4840436
  start: 1685474411.1406214
