event_sleeping_wait_all:
  end: 1685476522.0398808
  start: 1685476276.1061838
