event_sleeping_wait_all:
  end: 1685474257.0407028
  start: 1685474131.1097338
