event_sleeping:
  end: 1685474079.4759777
  start: 1685473986.9508586
