event_sleeping_wait_all:
  end: 1685476224.4639719
  start: 1685476063.6589942
