event_sleeping_wait_all:
  end: 1685476012.0000532
  start: 1685475868.647376
