event_sleeping_wait_all:
  end: 1685475427.040189
  start: 1685475301.217089
