event_sleeping_wait_all:
  end: 1685477979.4642463
  start: 1685477726.219271
