event_sleeping_wait_all:
  end: 1685474664.539907
  start: 1685474326.182057
