event_sleeping_wait_all:
  end: 1685477089.4639711
  start: 1685477056.1266587
