event_sleeping_wait_all:
  end: 1685476012.0398998
  start: 1685475776.186749
