event_sleeping:
  end: 1685474062.0178354
  start: 1685473986.951266
