event_sleeping_wait_all:
  end: 1685475249.5321252
  start: 1685475106.1961625
