event_sleeping_wait_all:
  end: 1685477394.5409005
  start: 1685477141.1065102
