event_sleeping_wait_all:
  end: 1685474274.5241134
  start: 1685474113.6576283
