event_sleeping_wait_all:
  end: 1685477004.4663749
  start: 1685476666.1824565
