event_sleeping_wait_all:
  end: 1685475054.5241156
  start: 1685474716.1375747
