event_sleeping_wait_all:
  end: 1685476614.5367858
  start: 1685476453.7295372
