event_sleeping_wait_all:
  end: 1685475724.540044
  start: 1685475598.7201564
