event_sleeping_wait_all:
  end: 1685475547.0080578
  start: 1685475478.7052052
