event_sleeping_wait_all:
  end: 1685476402.0407326
  start: 1685476166.150652
