event_sleeping_wait_all:
  end: 1685478741.9482682
  start: 1685478031.1469007
