event_sleeping_wait_all:
  end: 1685477674.524139
  start: 1685477446.2325819
