event_sleeping_wait_all:
  end: 1685476114.464211
  start: 1685476063.657344
