event_sleeping_wait_all:
  end: 1685475529.5401492
  start: 1685474996.1444488
