event_sleeping_wait_all:
  end: 1685476912.0405478
  start: 1685476666.1450295
