event_sleeping_wait_all:
  end: 1685476614.5371764
  start: 1685476378.6647542
