event_sleeping_wait_all:
  end: 1685475834.5540173
  start: 1685475581.1236324
