event_sleeping_wait_all:
  end: 1685476131.9438808
  start: 1685476081.1268775
