event_sleeping_wait_all:
  end: 1685476327.0410643
  start: 1685476183.5846934
