event_sleeping_wait_all:
  end: 1685474944.540028
  start: 1685474801.1349983
