event_sleeping_wait_all:
  end: 1685474164.471848
  start: 1685474131.0972195
