event_sleeping_wait_all:
  end: 1685474749.515917
  start: 1685474216.0502448
