event_sleeping:
  end: 1685474079.4660876
  start: 1685473986.9500391
