event_sleeping_wait_all:
  end: 1685476029.5320725
  start: 1685475886.1512318
