event_sleeping:
  end: 1685474609.5320878
  start: 1685474271.4811678
