event_sleeping_wait_all:
  end: 1685477339.4840157
  start: 1685477196.5871198
