event_sleeping:
  end: 1685474999.4641118
  start: 1685474856.4497676
