event_sleeping:
  end: 1685476559.5161917
  start: 1685476416.6325073
