event_sleeping_wait_all:
  end: 1685477144.5408173
  start: 1685477001.5340347
