event_sleeping:
  end: 1685474804.4441433
  start: 1685474661.5238366
