event_sleeping:
  end: 1685474024.4800012
  start: 1685473986.950163
