event_sleeping:
  end: 1685475389.5321066
  start: 1685475246.4854484
