event_sleeping:
  end: 1685474219.5161004
  start: 1685474080.128249
