event_sleeping_wait_all:
  end: 1685477534.4640596
  start: 1685477391.4388754
