event_sleeping:
  end: 1685475779.4640758
  start: 1685475636.5235138
