event_sleeping:
  end: 1685476364.5081134
  start: 1685476221.5572844
