event_sleeping:
  end: 1685476169.5405257
  start: 1685476026.491028
