event_sleeping_wait_all:
  end: 1685477729.466772
  start: 1685477586.4398417
