event_sleeping_wait_all:
  end: 1685476949.499061
  start: 1685476611.5798724
