event_sleeping_wait_all:
  end: 1685478704.4648979
  start: 1685478561.539663
