event_sleeping_wait_all:
  end: 1685478119.5405552
  start: 1685477781.5529518
