event_sleeping:
  end: 1685475194.4642403
  start: 1685475051.4359484
