event_sleeping_wait_all:
  end: 1685478314.5398755
  start: 1685478171.5157475
