event_sleeping:
  end: 1685475584.508075
  start: 1685475441.5784326
