event_sleeping_wait_all:
  end: 1685478509.5404866
  start: 1685478366.528364
