event_sleeping:
  end: 1685475974.464996
  start: 1685475831.4922605
