event_sleeping:
  end: 1684855864.86399
  start: 1684855474.7777967
