event_sleeping:
  end: 1684856077.3081238
  start: 1684855916.758811
