event_sleeping_wait_all:
  end: 1684856467.3280904
  start: 1684856324.3236647
