event_sleeping_wait_all:
  end: 1684856272.3483193
  start: 1684856129.2314992
