event_sleeping_wait_all:
  end: 1684857322.3226478
  start: 1684857196.492525
