event_sleeping_wait_all:
  end: 1684856754.8639464
  start: 1684856501.4755626
