event_sleeping_wait_all:
  end: 1684856449.8252761
  start: 1684856128.9951174
