event_sleeping_wait_all:
  end: 1684856839.799391
  start: 1684856806.4908583
