event_sleeping_wait_all:
  end: 1684855974.812127
  start: 1684855739.0389798
