event_sleeping_wait_all:
  end: 1684857144.864971
  start: 1684856891.4954736
