event_sleeping_wait_all:
  end: 1684856077.3176703
  start: 1684856026.4462235
