event_sleeping:
  end: 1684855474.7761333
  start: 1684855474.775603
