event_sleeping:
  end: 1684855474.7760825
  start: 1684855474.7753673
