event_sleeping_wait_all:
  end: 1684856347.3640242
  start: 1684856203.9749885
