event_sleeping_wait_all:
  end: 1684856467.3270066
  start: 1684856399.0131893
