event_sleeping:
  end: 1684856152.3092554
  start: 1684855526.3835368
