event_sleeping_wait_all:
  end: 1684855864.7728317
  start: 1684855618.9236076
