event_sleeping:
  end: 1684855567.2692728
  start: 1684855474.7765872
