event_sleeping_wait_all:
  end: 1684856254.832944
  start: 1684856111.5034792
