event_sleeping_wait_all:
  end: 1684856059.8331184
  start: 1684855916.41998
