event_sleeping_wait_all:
  end: 1684856737.2936208
  start: 1684856501.4655135
