event_sleeping:
  end: 1684855474.7767315
  start: 1684855474.7763822
