event_sleeping:
  end: 1684856467.3170626
  start: 1684856416.4515862
