event_sleeping:
  end: 1684855864.80714
  start: 1684855831.4168718
