event_sleeping:
  end: 1684856364.8609707
  start: 1684855916.3742146
