event_sleeping:
  end: 1684855779.7729664
  start: 1684855526.4016848
