event_sleeping:
  end: 1684855919.8663008
  start: 1684855776.8597972
