event_sleeping:
  end: 1684856309.8640041
  start: 1684856166.8529735
