event_sleeping:
  end: 1684856504.780075
  start: 1684856361.8551936
