event_sleeping:
  end: 1684855529.7737498
  start: 1684855474.769514
