event_sleeping_wait_all:
  end: 1684856894.780163
  start: 1684856751.9021065
