event_sleeping_wait_all:
  end: 1684857284.7960703
  start: 1684857141.826113
