event_sleeping_wait_all:
  end: 1684856699.8662374
  start: 1684856556.8142254
