event_sleeping:
  end: 1684855724.8663926
  start: 1684855581.7899241
