event_sleeping_wait_all:
  end: 1684857089.863899
  start: 1684856946.8064208
