event_sleeping:
  end: 1684856114.866351
  start: 1684855971.8438394
