event_sleeping:
  end: 1683087339.407687
  start: 1683086661.8892674
