event_sleeping_wait_all:
  end: 1683089214.4162903
  start: 1683089146.0876222
