event_sleeping_wait_all:
  end: 1683089094.4776354
  start: 1683088951.1074636
