event_sleeping_wait_all:
  end: 1683087654.3961198
  start: 1683087511.1764333
