event_sleeping_wait_all:
  end: 1683087459.445876
  start: 1683087391.0807242
