event_sleeping_wait_all:
  end: 1683087339.4756277
  start: 1683087213.536042
