event_sleeping_wait_all:
  end: 1683090459.4778748
  start: 1683090223.520565
