event_sleeping_wait_all:
  end: 1683089001.9779809
  start: 1683088858.564365
