event_sleeping_wait_all:
  end: 1683089891.9753635
  start: 1683089638.5828295
