event_sleeping_wait_all:
  end: 1683088806.9286244
  start: 1683088756.161517
