event_sleeping_wait_all:
  end: 1683087161.9036026
  start: 1683086926.0815845
