event_sleeping_wait_all:
  end: 1683088704.477636
  start: 1683088486.0840187
