event_sleeping_wait_all:
  end: 1683088434.44568
  start: 1683088366.4424126
