event_sleeping_wait_all:
  end: 1683088824.4754283
  start: 1683088663.902878
