event_sleeping:
  end: 1683086771.9754639
  start: 1683086661.8824708
