event_sleeping_wait_all:
  end: 1683088611.9755301
  start: 1683088486.3846817
