event_sleeping_wait_all:
  end: 1683087339.4753554
  start: 1683087018.8962002
