event_sleeping_wait_all:
  end: 1683089094.475588
  start: 1683088951.1093996
