event_sleeping_wait_all:
  end: 1683088239.4460316
  start: 1683088171.226657
