event_sleeping_wait_all:
  end: 1683086966.9779606
  start: 1683086806.0074072
