event_sleeping_wait_all:
  end: 1683087849.4780524
  start: 1683087603.5396693
