event_sleeping_wait_all:
  end: 1683087051.910846
  start: 1683087018.6399324
