event_sleeping_wait_all:
  end: 1683087551.933336
  start: 1683087103.588453
