event_sleeping:
  end: 1683086754.3914814
  start: 1683086661.8885105
