event_sleeping_wait_all:
  end: 1683088629.478326
  start: 1683088291.088568
