event_sleeping_wait_all:
  end: 1683087831.9282758
  start: 1683087781.142625
