event_sleeping:
  end: 1683088666.9677896
  start: 1683088523.5878367
