event_sleeping:
  end: 1683086716.9314997
  start: 1683086661.8867342
