event_sleeping:
  end: 1683088471.977875
  start: 1683088328.6443162
