event_sleeping_wait_all:
  end: 1683089641.9676044
  start: 1683089303.6015902
