event_sleeping:
  end: 1683088276.9777575
  start: 1683088133.6569161
