event_sleeping:
  end: 1683088861.9755373
  start: 1683088718.6035745
