event_sleeping:
  end: 1683087886.9778578
  start: 1683087748.9308991
