event_sleeping:
  end: 1683086911.88767
  start: 1683086772.4311514
