event_sleeping:
  end: 1683087301.903526
  start: 1683086963.5097053
