event_sleeping_wait_all:
  end: 1684077432.9996097
  start: 1684077289.6491556
