event_sleeping_wait_all:
  end: 1684077237.9789495
  start: 1684077077.0882418
