event_sleeping_wait_all:
  end: 1684078093.035992
  start: 1684077679.640193
