event_sleeping_wait_all:
  end: 1684078872.9568734
  start: 1684078637.072683
