event_sleeping:
  end: 1684077025.454537
  start: 1684076635.4424088
