event_sleeping_wait_all:
  end: 1684077628.0353448
  start: 1684077484.6867874
