event_sleeping_wait_all:
  end: 1684078585.446637
  start: 1684078552.2061498
