event_sleeping_wait_all:
  end: 1684078288.0355039
  start: 1684078144.6727476
