event_sleeping_wait_all:
  end: 1684078500.5354617
  start: 1684078339.7006824
