event_sleeping_wait_all:
  end: 1684078000.4793615
  start: 1684077967.174482
