event_sleeping_wait_all:
  end: 1684077915.5358224
  start: 1684077662.1622012
