event_sleeping_wait_all:
  end: 1684077610.5354273
  start: 1684077289.6496189
