event_sleeping_wait_all:
  end: 1684077135.5035846
  start: 1684076899.6076784
