event_sleeping:
  end: 1684076635.4415576
  start: 1684076635.4415352
