event_sleeping_wait_all:
  end: 1684077237.9883869
  start: 1684077187.172783
