event_sleeping_wait_all:
  end: 1684078483.023582
  start: 1684078357.2223551
