event_sleeping_wait_all:
  end: 1684078305.535887
  start: 1684078052.1190937
