event_sleeping_wait_all:
  end: 1684076847.956879
  start: 1684076687.104057
