event_sleeping_wait_all:
  end: 1684078000.44669
  start: 1684077679.6601996
