event_sleeping_wait_all:
  end: 1684077313.0356302
  start: 1684076687.0594168
