event_sleeping_wait_all:
  end: 1684077628.0036056
  start: 1684077559.7287595
