event_sleeping_wait_all:
  end: 1684078213.0393715
  start: 1684078052.0914369
