event_sleeping:
  end: 1684076635.4417007
  start: 1684076635.4416788
