event_sleeping_wait_all:
  end: 1684077508.0355375
  start: 1684077364.7067695
