event_sleeping_wait_all:
  end: 1684078482.9581203
  start: 1684078264.6754017
