event_sleeping_wait_all:
  end: 1684077415.5355706
  start: 1684077272.183694
