event_sleeping_wait_all:
  end: 1684078213.003346
  start: 1684078144.7118459
