event_sleeping_wait_all:
  end: 1684078093.035486
  start: 1684077949.663296
