event_sleeping_wait_all:
  end: 1684077898.0316918
  start: 1684077662.140548
