event_sleeping_wait_all:
  end: 1684077025.5354202
  start: 1684076779.6873567
