event_sleeping_wait_all:
  end: 1684077220.5275373
  start: 1684077077.1793394
