event_sleeping_wait_all:
  end: 1684077610.459449
  start: 1684077467.1729674
