event_sleeping_wait_all:
  end: 1684078677.967681
  start: 1684078264.6082704
