event_sleeping:
  end: 1684076728.02762
  start: 1684076635.4425204
