event_sleeping:
  end: 1684076635.4425642
  start: 1684076635.441416
