event_sleeping_wait_all:
  end: 1684076940.4948666
  start: 1684076687.0252097
