event_sleeping_wait_all:
  end: 1684077915.5354385
  start: 1684077679.50924
