event_sleeping_wait_all:
  end: 1684077025.4698985
  start: 1684076992.075629
