event_sleeping_wait_all:
  end: 1684077525.4597208
  start: 1684077077.077016
