event_sleeping_wait_all:
  end: 1684079263.0356746
  start: 1684078942.1197758
