event_sleeping_wait_all:
  end: 1684077627.9532065
  start: 1684077577.0310392
