event_sleeping_wait_all:
  end: 1684078390.5355308
  start: 1684078162.0672224
