event_sleeping_wait_all:
  end: 1684078890.5354562
  start: 1684078747.1509094
