event_sleeping_wait_all:
  end: 1684078110.5354662
  start: 1684077967.1483438
