event_sleeping_wait_all:
  end: 1684078695.5356138
  start: 1684078442.1427524
