event_sleeping:
  end: 1684076690.4914608
  start: 1684076635.4418538
