event_sleeping:
  end: 1684077860.532092
  start: 1684077717.4533737
