event_sleeping:
  end: 1684078445.4876199
  start: 1684078302.5462508
