event_sleeping_wait_all:
  end: 1684078640.5360532
  start: 1684078497.4783099
