event_sleeping_wait_all:
  end: 1684078835.535526
  start: 1684078692.5325506
