event_sleeping_wait_all:
  end: 1684079030.465722
  start: 1684078887.503546
