event_sleeping:
  end: 1684078055.5311534
  start: 1684077912.5330503
