event_sleeping:
  end: 1684077080.5360265
  start: 1684076937.5167499
