event_sleeping:
  end: 1684077665.455606
  start: 1684077522.4691718
