event_sleeping:
  end: 1684077275.4709108
  start: 1684077132.4854527
