event_sleeping:
  end: 1684078250.5356326
  start: 1684078107.5415196
