event_sleeping_wait_all:
  end: 1684079225.535431
  start: 1684079082.4764996
