event_sleeping:
  end: 1684076885.536173
  start: 1684076757.8764913
