event_sleeping:
  end: 1684077470.5359576
  start: 1684077327.4568143
