event_sleeping:
  end: 1682993637.0027213
  start: 1682993619.4913232
