event_sleeping:
  end: 1682993619.4904523
  start: 1682993619.4898834
