event_sleeping:
  end: 1682993711.9915404
  start: 1682993619.4916008
