event_sleeping:
  end: 1682993619.4935875
  start: 1682993619.4935343
