event_sleeping:
  end: 1682993674.5394564
  start: 1682993619.4866414
