event_sleeping:
  end: 1682994454.5840774
  start: 1682994311.0834093
