event_sleeping:
  end: 1682994259.5354922
  start: 1682994116.0572252
