event_sleeping:
  end: 1682994064.495457
  start: 1682993921.1547842
