event_sleeping:
  end: 1686217142.6443942
  start: 1686216998.6521063
