event_sleeping:
  end: 1686214625.1435678
  start: 1686214022.561162
