event_sleeping:
  end: 1686216455.143507
  start: 1686216311.1382554
