event_sleeping:
  end: 1686215675.0476258
  start: 1686215531.234756
