event_sleeping:
  end: 1686215887.553671
  start: 1686215726.1098537
