event_sleeping:
  end: 1686216260.0628455
  start: 1686215938.6458902
