event_sleeping:
  end: 1686215480.15487
  start: 1686215243.7599325
