event_sleeping:
  end: 1686217550.106169
  start: 1686217193.729854
