event_sleeping:
  end: 1686215015.1434116
  start: 1686214871.1759698
