event_sleeping:
  end: 1686216947.608507
  start: 1686216803.6964295
