event_sleeping:
  end: 1686214820.103706
  start: 1686214676.2044122
