event_sleeping:
  end: 1686218117.6394866
  start: 1686217601.2035818
