event_sleeping:
  end: 1686216752.643401
  start: 1686216626.1306653
