event_sleeping:
  end: 1686215192.6446047
  start: 1686215066.2133653
