event_sleeping:
  end: 1686216575.0796459
  start: 1686216506.1708002
