event_sleeping:
  end: 1686218210.1435747
  start: 1686217796.147642
