event_sleeping:
  end: 1686215990.052762
  start: 1686215921.2222023
