event_sleeping:
  end: 1686215497.6434226
  start: 1686214853.736414
