event_sleeping:
  end: 1686214625.095643
  start: 1686214573.643671
