event_sleeping:
  end: 1686214802.6446853
  start: 1686214676.2032442
