event_sleeping:
  end: 1686214235.079601
  start: 1686214022.5599267
