event_sleeping:
  end: 1686217745.0657551
  start: 1686217583.6933298
