event_sleeping:
  end: 1686217532.5748317
  start: 1686217498.6870887
