event_sleeping:
  end: 1686216557.607606
  start: 1686216413.6590075
