event_sleeping:
  end: 1686217252.5963542
  start: 1686216998.632441
