event_sleeping:
  end: 1686216167.6434667
  start: 1686216041.1299787
