event_sleeping:
  end: 1686216862.6315773
  start: 1686216608.7128563
