event_sleeping:
  end: 1686216947.5782866
  start: 1686216913.7333167
