event_sleeping:
  end: 1686214522.5996268
  start: 1686214286.1590743
