event_sleeping:
  end: 1686217447.6435978
  start: 1686217303.6997168
