event_sleeping:
  end: 1686216362.570286
  start: 1686216218.7528336
