event_sleeping:
  end: 1686215870.1435943
  start: 1686215548.7477517
