event_sleeping:
  end: 1686215870.0545704
  start: 1686215651.1551273
