event_sleeping:
  end: 1686217057.644483
  start: 1686216803.720691
