event_sleeping:
  end: 1686216575.1134098
  start: 1686216523.6786382
