event_sleeping:
  end: 1686218227.591699
  start: 1686217498.643542
