event_sleeping:
  end: 1686216752.6444342
  start: 1686216626.1760592
