event_sleeping:
  end: 1686214700.1442149
  start: 1686214378.6759253
