event_sleeping:
  end: 1686214895.0936937
  start: 1686214751.2232902
