event_sleeping:
  end: 1686215972.5675833
  start: 1686215921.1103685
