event_sleeping:
  end: 1686214132.6433897
  start: 1686214022.553913
