event_sleeping:
  end: 1686216260.0630846
  start: 1686216023.6189232
