event_sleeping:
  end: 1686215015.0476575
  start: 1686214946.221381
