event_sleeping:
  end: 1686214327.5919714
  start: 1686214183.73064
