event_sleeping:
  end: 1686216472.583668
  start: 1686216311.1376529
