event_sleeping:
  end: 1686215600.1041625
  start: 1686215548.6325321
