event_sleeping:
  end: 1686217447.591542
  start: 1686217303.655988
