event_sleeping:
  end: 1686217252.583561
  start: 1686217108.7249308
