event_sleeping:
  end: 1686215497.5743096
  start: 1686215066.0862882
