event_sleeping:
  end: 1686216752.5955245
  start: 1686216701.2523556
