event_sleeping:
  end: 1686214327.5917222
  start: 1686214166.256097
