event_sleeping:
  end: 1686216185.111669
  start: 1686216116.2504501
