event_sleeping:
  end: 1686218032.644371
  start: 1686217778.7495515
