event_sleeping:
  end: 1686216065.1446068
  start: 1686215651.154342
