event_sleeping:
  end: 1686214412.5781271
  start: 1686214378.688295
