event_sleeping:
  end: 1686215600.071686
  start: 1686215531.1680124
