event_sleeping:
  end: 1686214912.6312847
  start: 1686214463.6748972
