event_sleeping:
  end: 1686215480.1157138
  start: 1686215336.2137144
