event_sleeping:
  end: 1686217727.644568
  start: 1686217583.722933
