event_sleeping:
  end: 1686215285.1444614
  start: 1686214963.734637
