event_sleeping:
  end: 1686216650.1434934
  start: 1686216506.1637344
