event_sleeping:
  end: 1686217532.6435869
  start: 1686217388.6855586
