event_sleeping:
  end: 1686216455.0476794
  start: 1686216236.2072992
