event_sleeping:
  end: 1686214115.140101
  start: 1686214022.5532749
