event_sleeping:
  end: 1686217337.5516794
  start: 1686216803.687526
