event_sleeping:
  end: 1686217642.6446605
  start: 1686217498.6023302
