event_sleeping:
  end: 1686217922.6447556
  start: 1686217796.1025462
