event_sleeping:
  end: 1686217252.5956028
  start: 1686216998.6260889
