event_sleeping:
  end: 1686217745.066382
  start: 1686217693.6748362
