event_sleeping:
  end: 1686215582.5782526
  start: 1686215548.6307776
