event_sleeping:
  end: 1686215972.5678244
  start: 1686215633.5529838
