event_sleeping:
  end: 1686214802.6444273
  start: 1686214073.252862
