event_sleeping:
  end: 1686217447.6441927
  start: 1686217303.6552248
