event_sleeping:
  end: 1686216650.144268
  start: 1686216328.6398106
