event_sleeping:
  end: 1686216277.644791
  start: 1686216023.5634851
