event_sleeping:
  end: 1686214022.5539696
  start: 1686214022.5537221
