event_sleeping:
  end: 1686215497.6436663
  start: 1686215243.6533484
