event_sleeping:
  end: 1686216947.643516
  start: 1686216701.1629696
