event_sleeping:
  end: 1686215192.6448367
  start: 1686215066.0567849
