event_sleeping:
  end: 1686215015.0792077
  start: 1686214853.6296139
