event_sleeping:
  end: 1686216027.6443605
  start: 1686215883.7059937
