event_sleeping:
  end: 1686216417.607686
  start: 1686216273.7367785
