event_sleeping:
  end: 1686215637.5756373
  start: 1686215493.7735093
