event_sleeping:
  end: 1686217782.644366
  start: 1686217638.7314441
