event_sleeping:
  end: 1686217002.5996907
  start: 1686216663.7493749
