event_sleeping:
  end: 1686214077.5995486
  start: 1686214022.5505943
