event_sleeping:
  end: 1686215052.6300635
  start: 1686214908.7423372
