event_sleeping:
  end: 1686217587.6275964
  start: 1686217053.7094848
