event_sleeping:
  end: 1686215832.6381187
  start: 1686215738.8497357
