event_sleeping:
  end: 1686215247.6444876
  start: 1686215103.7342358
