event_sleeping:
  end: 1686215442.6444936
  start: 1686215298.7600274
