event_sleeping:
  end: 1686216612.6369288
  start: 1686216468.6824567
