event_sleeping:
  end: 1686216222.619691
  start: 1686216078.72201
