event_sleeping:
  end: 1686214272.6156507
  start: 1686214128.4459193
