event_sleeping:
  end: 1686214857.6444125
  start: 1686214713.7425165
