event_sleeping:
  end: 1686214662.6442587
  start: 1686214323.7124019
