event_sleeping:
  end: 1683322723.8674235
  start: 1683322584.6388824
