event_sleeping:
  end: 1683322528.8804462
  start: 1683321943.785336
