event_sleeping:
  end: 1683322213.8674488
  start: 1683322003.9419405
