event_sleeping:
  end: 1683321943.7774765
  start: 1683321943.777395
