event_sleeping:
  end: 1683322426.3673613
  start: 1683322267.6107156
