event_sleeping:
  end: 1683322621.3675106
  start: 1683322480.1775992
