event_sleeping:
  end: 1683322231.3772218
  start: 1683321943.784992
