event_sleeping:
  end: 1683322333.8074338
  start: 1683322285.4176347
