event_sleeping:
  end: 1683323383.86703
  start: 1683322387.8785796
