event_sleeping:
  end: 1683322138.831499
  start: 1683322072.5092502
