event_sleeping:
  end: 1683322723.868052
  start: 1683322462.6265833
