event_sleeping:
  end: 1683322408.8674934
  start: 1683322192.6002636
