event_sleeping:
  end: 1683322018.7934747
  start: 1683321943.7836406
