event_sleeping:
  end: 1683321943.7847548
  start: 1683321943.7847066
