event_sleeping:
  end: 1683322723.835595
  start: 1683322387.581094
