event_sleeping:
  end: 1683322333.8674827
  start: 1683321997.560339
