event_sleeping:
  end: 1683322566.337902
  start: 1683322425.034733
