event_sleeping:
  end: 1683322371.3675153
  start: 1683322229.9678478
