event_sleeping:
  end: 1683321981.3075593
  start: 1683321943.773208
