event_sleeping:
  end: 1683322176.303633
  start: 1683322034.968104
