event_sleeping_wait_all:
  end: 1685706657.7612891
  start: 1685706514.6316745
