event_sleeping_wait_all:
  end: 1685706360.2550526
  start: 1685706124.7106907
