event_sleeping:
  end: 1685706072.7936177
  start: 1685705877.6998806
