event_sleeping_wait_all:
  end: 1685706462.736137
  start: 1685706412.1976676
