event_sleeping:
  end: 1685705877.6943011
  start: 1685705877.6939528
