event_sleeping_wait_all:
  end: 1685706750.1880982
  start: 1685706514.468986
