event_sleeping_wait_all:
  end: 1685706072.7847235
  start: 1685705929.3397012
