event_sleeping_wait_all:
  end: 1685707047.7856872
  start: 1685706801.8435159
