event_sleeping_wait_all:
  end: 1685706462.7842553
  start: 1685706124.3772416
