event_sleeping:
  end: 1685705952.7240849
  start: 1685705877.6951725
