event_sleeping_wait_all:
  end: 1685706147.7281115
  start: 1685706004.334978
