event_sleeping_wait_all:
  end: 1685706250.2040493
  start: 1685706199.4140403
