event_sleeping_wait_all:
  end: 1685706537.7840314
  start: 1685706301.8908021
