event_sleeping_wait_all:
  end: 1685706165.220099
  start: 1685706004.3955197
