event_sleeping_wait_all:
  end: 1685706537.7241037
  start: 1685706216.8901305
