event_sleeping:
  end: 1685705952.7608306
  start: 1685705877.6914184
