event_sleeping:
  end: 1685705952.7599776
  start: 1685705877.6960146
