event_sleeping_wait_all:
  end: 1685706657.7987266
  start: 1685706124.3263948
