event_sleeping_wait_all:
  end: 1685706072.7517889
  start: 1685706004.3347049
