event_sleeping:
  end: 1685705915.22428
  start: 1685705877.694513
