event_sleeping:
  end: 1685706110.2243323
  start: 1685705982.552636
