event_sleeping:
  end: 1685706500.2854514
  start: 1685706162.3140838
