event_sleeping_wait_all:
  end: 1685706695.260215
  start: 1685706552.3248293
