event_sleeping_wait_all:
  end: 1685706890.2043803
  start: 1685706747.2970662
