event_sleeping_wait_all:
  end: 1685707085.2840428
  start: 1685706942.2822833
