event_sleeping_wait_all:
  end: 1682997963.9713705
  start: 1682997728.1714275
