event_sleeping_wait_all:
  end: 1682998921.4839127
  start: 1682998490.6188674
