event_sleeping_wait_all:
  end: 1682998353.9715014
  start: 1682998100.6300304
