event_sleeping_wait_all:
  end: 1682998048.9442189
  start: 1682997710.697539
