event_sleeping_wait_all:
  end: 1682999041.4715776
  start: 1682998685.5953145
