event_sleeping_wait_all:
  end: 1682997658.9348986
  start: 1682997533.0358522
