event_sleeping_wait_all:
  end: 1682998141.4715822
  start: 1682997905.848143
