event_sleeping_wait_all:
  end: 1682997853.9035196
  start: 1682997820.8321445
