event_sleeping_wait_all:
  end: 1682998438.9242184
  start: 1682998388.3560278
