event_sleeping_wait_all:
  end: 1682998743.971466
  start: 1682998600.6269548
