event_sleeping_wait_all:
  end: 1682999236.4736788
  start: 1682999075.6430354
