event_sleeping_wait_all:
  end: 1682998921.4516404
  start: 1682998795.6043894
