event_sleeping_wait_all:
  end: 1682999023.888735
  start: 1682998973.1855824
