event_sleeping:
  end: 1682997573.9745326
  start: 1682997462.8812165
