event_sleeping_wait_all:
  end: 1682998158.9715993
  start: 1682997803.140455
