event_sleeping_wait_all:
  end: 1682999311.4733653
  start: 1682999075.645022
