event_sleeping_wait_all:
  end: 1682998456.4736626
  start: 1682998313.1120806
