event_sleeping_wait_all:
  end: 1682999273.9736242
  start: 1682999130.582706
