event_sleeping:
  end: 1682998493.9036403
  start: 1682998350.608782
