event_sleeping:
  end: 1682997713.971602
  start: 1682997570.522957
