event_sleeping:
  end: 1682998688.8795826
  start: 1682998545.5121691
