event_sleeping:
  end: 1685564628.9280865
  start: 1685564433.8405805
