event_sleeping_wait_all:
  end: 1685565018.8608983
  start: 1685564968.3273852
