event_sleeping:
  end: 1685564916.3481715
  start: 1685564686.8705354
