event_sleeping:
  end: 1685564433.8414187
  start: 1685564433.841362
