event_sleeping:
  end: 1685564628.928968
  start: 1685564496.8513136
