event_sleeping_wait_all:
  end: 1685565018.852198
  start: 1685564680.6049209
