event_sleeping_wait_all:
  end: 1685565093.8684165
  start: 1685564858.0775836
