event_sleeping:
  end: 1685564508.9044812
  start: 1685564433.8389862
