event_sleeping_wait_all:
  end: 1685564703.9288793
  start: 1685564560.600071
