event_sleeping_wait_all:
  end: 1685564806.3800056
  start: 1685564755.591558
