event_sleeping_wait_all:
  end: 1685565093.8681083
  start: 1685564773.106828
