event_sleeping_wait_all:
  end: 1685564721.4279819
  start: 1685564560.5605745
