event_sleeping:
  end: 1685564508.9047768
  start: 1685564433.8400586
