event_sleeping_wait_all:
  end: 1685565213.9289417
  start: 1685564680.464185
