event_sleeping_wait_all:
  end: 1685564628.8958433
  start: 1685564560.4777904
