event_sleeping:
  end: 1685564508.8904483
  start: 1685564433.8411748
