event_sleeping:
  end: 1685564471.368673
  start: 1685564433.8347697
