event_sleeping:
  end: 1685564666.4160132
  start: 1685564523.4349275
