event_sleeping:
  end: 1685565056.4289072
  start: 1685564718.4253416
