event_sleeping_wait_all:
  end: 1685565251.4199471
  start: 1685565108.4373848
