event_sleeping:
  end: 1685743530.7759411
  start: 1685743335.6896756
