event_sleeping:
  end: 1685743513.2540839
  start: 1685743387.7225149
