event_sleeping:
  end: 1685743335.687915
  start: 1685743335.6878185
