event_sleeping:
  end: 1685743428.252071
  start: 1685743335.6848643
