event_sleeping:
  end: 1685743428.2957199
  start: 1685743335.6894014
