event_sleeping:
  end: 1685743428.2524805
  start: 1685743335.688856
