event_sleeping:
  end: 1685743568.2796621
  start: 1685743424.898621
