event_sleeping:
  end: 1685743373.1879563
  start: 1685743335.6828582
