event_sleeping:
  end: 1685359412.1358967
  start: 1685359250.6552572
