event_sleeping:
  end: 1685360072.0545225
  start: 1685359658.1335578
