event_sleeping:
  end: 1685362514.631919
  start: 1685362388.253566
