event_sleeping:
  end: 1685359199.569506
  start: 1685359165.7533429
