event_sleeping:
  end: 1685358809.6015413
  start: 1685358632.045111
