event_sleeping:
  end: 1685360869.6319911
  start: 1685360335.684234
