event_sleeping:
  end: 1685361454.635738
  start: 1685361218.1004107
