event_sleeping:
  end: 1685362337.1318505
  start: 1685362175.7580585
