event_sleeping:
  end: 1685361167.0359867
  start: 1685361115.7332168
