event_sleeping:
  end: 1685360284.5920525
  start: 1685360123.1239793
