event_sleeping:
  end: 1685361064.6357098
  start: 1685360920.7169046
