event_sleeping:
  end: 1685362124.6355407
  start: 1685361505.723397
