event_sleeping:
  end: 1685359114.6357198
  start: 1685358860.6852303
