event_sleeping:
  end: 1685359607.0359726
  start: 1685359463.2133396
