event_sleeping:
  end: 1685360479.6171343
  start: 1685360242.8470607
