event_sleeping:
  end: 1685358809.6023076
  start: 1685358682.8485274
