event_sleeping:
  end: 1685358632.044962
  start: 1685358632.0439348
