event_sleeping:
  end: 1685362234.6358206
  start: 1685362072.9363632
