event_sleeping:
  end: 1685359487.0810819
  start: 1685359250.4000053
