event_sleeping:
  end: 1685361539.6356783
  start: 1685361395.4629471
