event_sleeping:
  end: 1685360582.087382
  start: 1685360530.4280167
