event_sleeping:
  end: 1685361344.635693
  start: 1685361022.9195867
