event_sleeping:
  end: 1685362337.084101
  start: 1685362285.4388888
