event_sleeping:
  end: 1685360972.1355398
  start: 1685360632.8682108
