event_sleeping:
  end: 1685360192.0562384
  start: 1685359852.973868
