event_sleeping:
  end: 1685361827.1354449
  start: 1685361590.457735
