event_sleeping:
  end: 1685362514.659572
  start: 1685362387.9191804
