event_sleeping:
  end: 1685359802.1358962
  start: 1685359537.8970613
