event_sleeping:
  end: 1685360657.0841231
  start: 1685360512.8978782
