event_sleeping:
  end: 1685359004.5401175
  start: 1685358952.865427
