event_sleeping:
  end: 1685360462.083436
  start: 1685360225.3348792
