event_sleeping:
  end: 1685359309.5359578
  start: 1685359055.3328507
