event_sleeping:
  end: 1685360174.5689583
  start: 1685360140.4194133
