event_sleeping:
  end: 1685361929.5874765
  start: 1685361877.8576756
