event_sleeping:
  end: 1685359504.6356626
  start: 1685359360.2998023
