event_sleeping:
  end: 1685359589.5695677
  start: 1685359555.4296658
