event_sleeping:
  end: 1685361827.0508134
  start: 1685361395.4855592
