event_sleeping:
  end: 1685360089.6318893
  start: 1685359640.348353
