event_sleeping:
  end: 1685361344.6359794
  start: 1685361217.9186075
