event_sleeping:
  end: 1685358902.07879
  start: 1685358775.442622
