event_sleeping:
  end: 1685363014.635434
  start: 1685361980.3674152
