event_sleeping:
  end: 1685360869.5560136
  start: 1685360707.883393
