event_sleeping:
  end: 1685358724.6279733
  start: 1685358632.0446684
