event_sleeping:
  end: 1685361167.0960019
  start: 1685360920.344076
