event_sleeping:
  end: 1685360072.0538728
  start: 1685359945.42015
