event_sleeping:
  end: 1685362319.6360993
  start: 1685362090.4199545
