event_sleeping:
  end: 1685358707.088135
  start: 1685358632.0433567
