event_sleeping:
  end: 1685361734.5699666
  start: 1685361700.4517198
