event_sleeping:
  end: 1685359309.6320074
  start: 1685358970.3914127
