event_sleeping:
  end: 1685362039.6235912
  start: 1685361785.3704937
