event_sleeping:
  end: 1685362624.6199768
  start: 1685362370.437252
