event_sleeping:
  end: 1685359894.6355894
  start: 1685359750.4177606
