event_sleeping:
  end: 1685360657.1323879
  start: 1685360420.461206
