event_sleeping:
  end: 1685358919.631964
  start: 1685358757.8966544
