event_sleeping:
  end: 1685360759.537368
  start: 1685360707.887147
