event_sleeping:
  end: 1685360192.0445013
  start: 1685360122.8694143
