event_sleeping:
  end: 1685361047.1359923
  start: 1685360810.332748
