event_sleeping:
  end: 1685359699.635603
  start: 1685359360.427369
