event_sleeping:
  end: 1685361649.6159823
  start: 1685361310.409534
