event_sleeping:
  end: 1685360369.6281936
  start: 1685360242.8436158
