event_sleeping:
  end: 1685361259.6355894
  start: 1685361097.930162
