event_sleeping:
  end: 1685361947.0578558
  start: 1685361607.8532906
