event_sleeping:
  end: 1685360174.63187
  start: 1685359640.3376126
