event_sleeping:
  end: 1685359394.6277633
  start: 1685358860.3333542
