event_sleeping:
  end: 1685361259.6358955
  start: 1685361022.8758936
