event_sleeping:
  end: 1685358724.6286228
  start: 1685358632.042337
