event_sleeping:
  end: 1685358809.5700817
  start: 1685358775.3494608
