event_sleeping:
  end: 1685362624.5400696
  start: 1685362370.3730805
