event_sleeping:
  end: 1685360972.135804
  start: 1685360827.807039
