event_sleeping:
  end: 1685361557.1360397
  start: 1685361310.3440287
