event_sleeping:
  end: 1685362319.6357386
  start: 1685361997.8447492
