event_sleeping:
  end: 1685360674.557865
  start: 1685360530.370544
