event_sleeping:
  end: 1685359589.6319673
  start: 1685359445.3309855
