event_sleeping:
  end: 1685360479.6168454
  start: 1685360225.3489366
