event_sleeping:
  end: 1685359254.6358309
  start: 1685358915.775565
