event_sleeping:
  end: 1685361984.5545838
  start: 1685361840.806287
