event_sleeping:
  end: 1685358669.5492036
  start: 1685358632.041097
