event_sleeping:
  end: 1685361009.6280892
  start: 1685360865.795634
