event_sleeping:
  end: 1685360619.635998
  start: 1685360475.7936418
