event_sleeping:
  end: 1685360424.6354349
  start: 1685360280.8027172
