event_sleeping:
  end: 1685360229.6357884
  start: 1685360085.7307305
