event_sleeping:
  end: 1685361789.6359973
  start: 1685361645.6651402
