event_sleeping:
  end: 1685359449.631927
  start: 1685359305.7975147
