event_sleeping:
  end: 1685358864.6359267
  start: 1685358730.614377
