event_sleeping:
  end: 1685360814.6343186
  start: 1685360670.7585511
