event_sleeping:
  end: 1685362374.62006
  start: 1685362230.695984
