event_sleeping:
  end: 1685362179.5480788
  start: 1685362035.6811984
