event_sleeping:
  end: 1685361204.624694
  start: 1685361060.7926624
