event_sleeping:
  end: 1685359644.6358824
  start: 1685359500.7810788
