event_sleeping:
  end: 1685360034.5880823
  start: 1685359890.763086
