event_sleeping:
  end: 1685359839.635658
  start: 1685359695.7362092
