event_sleeping:
  end: 1685361594.5440636
  start: 1685361306.1624076
