event_sleeping:
  end: 1684824278.4639034
  start: 1684824100.9120595
