event_sleeping:
  end: 1684824278.4640958
  start: 1684824164.2652202
