event_sleeping:
  end: 1684824100.9093204
  start: 1684824100.9092193
