event_sleeping:
  end: 1684824193.4680943
  start: 1684824100.9166813
