event_sleeping:
  end: 1684824175.9440687
  start: 1684824100.9170976
