event_sleeping:
  end: 1684824193.468536
  start: 1684824100.9176853
