event_sleeping:
  end: 1684824333.5000908
  start: 1684824190.1642666
