event_sleeping:
  end: 1684824138.442165
  start: 1684824100.9070752
