event_sleeping:
  end: 1683312690.3674414
  start: 1683312629.0797267
