event_sleeping:
  end: 1683312575.3434384
  start: 1683312324.1467047
