event_sleeping:
  end: 1683313080.332079
  start: 1683312939.2581277
