event_sleeping:
  end: 1683312270.4075406
  start: 1683312075.3138323
