event_sleeping:
  end: 1683313715.3680873
  start: 1683313574.1248696
