event_sleeping:
  end: 1683314300.347526
  start: 1683313769.1198215
