event_sleeping:
  end: 1683313520.4034913
  start: 1683313134.092609
