event_sleeping:
  end: 1683312885.3966117
  start: 1683312744.0763211
