event_sleeping:
  end: 1683312300.3995955
  start: 1683312129.0570104
