event_sleeping:
  end: 1683312075.3136663
  start: 1683312075.3136125
