event_sleeping:
  end: 1683314055.3479164
  start: 1683313964.150971
