event_sleeping:
  end: 1683312690.3196023
  start: 1683312354.1381166
