event_sleeping:
  end: 1683313245.4069445
  start: 1683313019.077932
