event_sleeping:
  end: 1683313910.3188488
  start: 1683313689.1181512
