event_sleeping:
  end: 1683313635.4066076
  start: 1683313299.1656835
