event_sleeping:
  end: 1683312965.319483
  start: 1683312744.0748804
