event_sleeping:
  end: 1683313550.3339498
  start: 1683313134.372236
