event_sleeping:
  end: 1683313080.3324215
  start: 1683312989.4094265
