event_sleeping:
  end: 1683312185.4185674
  start: 1683312075.3123856
