event_sleeping:
  end: 1683312740.4035087
  start: 1683312519.3841748
