event_sleeping:
  end: 1683313910.3181431
  start: 1683313719.3743346
