event_sleeping:
  end: 1683313665.3678446
  start: 1683313604.391428
