event_sleeping:
  end: 1683312465.337292
  start: 1683312434.4505348
