event_sleeping:
  end: 1683312935.330237
  start: 1683312794.421665
