event_sleeping:
  end: 1683314135.4034982
  start: 1683313964.394823
