event_sleeping:
  end: 1683312380.36569
  start: 1683312239.4739661
