event_sleeping:
  end: 1683313665.4001288
  start: 1683313574.1263688
