event_sleeping:
  end: 1683313520.4091702
  start: 1683313379.1416998
