event_sleeping:
  end: 1683313830.3202386
  start: 1683313719.0818427
