event_sleeping:
  end: 1683312770.3995335
  start: 1683312434.0956833
