event_sleeping:
  end: 1683312380.3653924
  start: 1683312209.0964453
