event_sleeping:
  end: 1683313325.384674
  start: 1683313214.0389073
