event_sleeping:
  end: 1683314105.4035723
  start: 1683313884.0703828
