event_sleeping:
  end: 1683313160.3102489
  start: 1683312824.1163805
