event_sleeping:
  end: 1683312155.3436236
  start: 1683312075.3117795
