event_sleeping:
  end: 1683313080.3327606
  start: 1683312909.154314
