event_sleeping:
  end: 1683312185.3876576
  start: 1683312075.3140545
