event_sleeping:
  end: 1683313940.3500216
  start: 1683313689.1747491
