event_sleeping:
  end: 1683312270.3355558
  start: 1683312239.1225464
