event_sleeping:
  end: 1683313635.4034889
  start: 1683313134.1335373
