event_sleeping:
  end: 1683312855.343586
  start: 1683312324.077466
