event_sleeping:
  end: 1683312130.3595407
  start: 1683312075.3111634
