event_sleeping:
  end: 1683312910.3914661
  start: 1683312791.76547
