event_sleeping:
  end: 1683312325.3517509
  start: 1683312209.3524537
