event_sleeping:
  end: 1683313495.4034326
  start: 1683313376.7327003
