event_sleeping:
  end: 1683313885.4065516
  start: 1683313766.3921237
