event_sleeping:
  end: 1683313105.375846
  start: 1683312986.6745179
