event_sleeping:
  end: 1683313300.3657172
  start: 1683313175.8927765
