event_sleeping:
  end: 1683312715.403518
  start: 1683312379.0179327
