event_sleeping:
  end: 1683313690.3095853
  start: 1683313571.6683478
