event_sleeping:
  end: 1685747318.897363
  start: 1685746716.3160388
