event_sleeping:
  end: 1685746928.8441186
  start: 1685746716.3121479
