event_sleeping:
  end: 1685746826.3959098
  start: 1685746716.3074324
