event_sleeping:
  end: 1685746808.8438566
  start: 1685746716.3071673
