event_sleeping:
  end: 1685746716.3094354
  start: 1685746716.309342
