event_sleeping:
  end: 1685746966.325265
  start: 1685746839.3063726
