event_sleeping:
  end: 1685747356.3973107
  start: 1685747019.0433245
