event_sleeping:
  end: 1685746771.3554957
  start: 1685746716.309654
