event_sleeping:
  end: 1685509536.1088088
  start: 1685509341.0655267
