event_sleeping:
  end: 1685509341.0616658
  start: 1685509341.06157
