event_sleeping:
  end: 1685509451.1549852
  start: 1685509341.0627882
