event_sleeping:
  end: 1685509433.6202197
  start: 1685509341.0649953
