event_sleeping:
  end: 1685509451.1479552
  start: 1685509341.0653532
