event_sleeping:
  end: 1685509591.1519785
  start: 1685509464.1018355
