event_sleeping:
  end: 1685509396.1090953
  start: 1685509341.058609
