event_sleeping:
  end: 1685499983.4725606
  start: 1685499788.3849177
