event_sleeping:
  end: 1685499983.47222
  start: 1685499840.0108182
