event_sleeping:
  end: 1685499788.3799329
  start: 1685499788.3796926
