event_sleeping:
  end: 1685499898.3960557
  start: 1685499788.3818412
