event_sleeping:
  end: 1685499898.4719625
  start: 1685499788.3842528
