event_sleeping:
  end: 1685499898.39652
  start: 1685499788.384088
