event_sleeping:
  end: 1685500038.4720936
  start: 1685499895.088561
