event_sleeping:
  end: 1685499843.4240596
  start: 1685499788.376277
