event_sleeping:
  end: 1685030593.8465137
  start: 1685030449.81151
