event_sleeping:
  end: 1685029933.7881474
  start: 1685029789.9347644
