event_sleeping:
  end: 1685029738.84662
  start: 1685029594.824272
