event_sleeping:
  end: 1685029543.7720728
  start: 1685028941.2645037
