event_sleeping:
  end: 1685030111.34706
  start: 1685029984.85384
