event_sleeping:
  end: 1685030398.7481174
  start: 1685030162.442958
