event_sleeping:
  end: 1685029721.340411
  start: 1685029594.6244292
