event_sleeping:
  end: 1685029153.848067
  start: 1685028941.2625644
