event_sleeping:
  end: 1685029441.2969532
  start: 1685029204.6461487
