event_sleeping:
  end: 1685030416.343846
  start: 1685029772.1401253
