event_sleeping:
  end: 1685030788.846642
  start: 1685030467.1267796
