event_sleeping:
  end: 1685029543.8049011
  start: 1685029492.0919187
