event_sleeping:
  end: 1685029618.846497
  start: 1685029297.0709794
