event_sleeping:
  end: 1685029246.284014
  start: 1685029102.123726
