event_sleeping:
  end: 1685029813.846642
  start: 1685029669.6490314
