event_sleeping:
  end: 1685029933.8216548
  start: 1685029864.686118
