event_sleeping:
  end: 1685030518.7801666
  start: 1685030467.0854235
