event_sleeping:
  end: 1685029051.3040726
  start: 1685028941.260034
