event_sleeping:
  end: 1685030788.846915
  start: 1685030569.5947726
