event_sleeping:
  end: 1685030416.300012
  start: 1685029984.5982122
