event_sleeping:
  end: 1685029246.343999
  start: 1685029084.6474786
