event_sleeping:
  end: 1685029831.3132498
  start: 1685029382.0848105
