event_sleeping:
  end: 1685030398.8312542
  start: 1685030254.5847995
