event_sleeping:
  end: 1685030203.7898002
  start: 1685029882.1185935
