event_sleeping:
  end: 1685030518.7807322
  start: 1685030449.66341
