event_sleeping:
  end: 1685030983.7480023
  start: 1685030569.5972724
