event_sleeping:
  end: 1685029331.2806275
  start: 1685029297.1567256
