event_sleeping:
  end: 1685029033.7881186
  start: 1685028941.2617521
