event_sleeping:
  end: 1685030501.2806811
  start: 1685030467.097489
