event_sleeping:
  end: 1685029933.849376
  start: 1685029772.0847201
