event_sleeping:
  end: 1685030891.2601168
  start: 1685030552.041184
