event_sleeping:
  end: 1685028941.262885
  start: 1685028941.2627985
