event_sleeping:
  end: 1685030111.346723
  start: 1685029984.5857272
