event_sleeping:
  end: 1685029721.3400824
  start: 1685028992.0254607
