event_sleeping:
  end: 1685030416.3442025
  start: 1685030162.0818207
