event_sleeping:
  end: 1685028996.3042824
  start: 1685028941.2540555
