event_sleeping:
  end: 1685029191.2969687
  start: 1685029047.161049
