event_sleeping:
  end: 1685029581.2970402
  start: 1685029242.4645486
