event_sleeping:
  end: 1685029971.316455
  start: 1685029827.4186914
