event_sleeping:
  end: 1685029776.252078
  start: 1685029632.472866
