event_sleeping:
  end: 1685030166.3468251
  start: 1685030022.484005
