event_sleeping:
  end: 1685030556.3465326
  start: 1685030412.4368684
