event_sleeping:
  end: 1685030361.2761085
  start: 1685030217.5153656
