event_sleeping:
  end: 1685755595.6440692
  start: 1685755400.653007
