event_sleeping:
  end: 1685755400.6518927
  start: 1685755400.6518245
