event_sleeping:
  end: 1685755510.7162154
  start: 1685755400.6498873
