event_sleeping:
  end: 1685755493.2370584
  start: 1685755400.6522644
