event_sleeping:
  end: 1685755510.7439609
  start: 1685755400.6512954
