event_sleeping:
  end: 1685755455.695934
  start: 1685755400.6526496
