event_sleeping:
  end: 1685755650.7399797
  start: 1685755523.7287292
