event_sleeping:
  end: 1683139438.4315012
  start: 1683138790.0205765
