event_sleeping_wait_all:
  end: 1683139603.3996058
  start: 1683139490.1508749
