event_sleeping:
  end: 1683138738.4088864
  start: 1683138628.334423
