event_sleeping_wait_all:
  end: 1683140103.419483
  start: 1683139850.2716196
