event_sleeping_wait_all:
  end: 1683140493.4313347
  start: 1683140350.0375626
