event_sleeping_wait_all:
  end: 1683140853.3599956
  start: 1683140545.0880919
