event_sleeping_wait_all:
  end: 1683140298.4275603
  start: 1683140155.0195353
