event_sleeping_wait_all:
  end: 1683139798.4273815
  start: 1683139655.004219
