event_sleeping_wait_all:
  end: 1683140073.4283383
  start: 1683139850.0969648
