event_sleeping:
  end: 1683139128.3839116
  start: 1683138875.0601242
