event_sleeping:
  end: 1683139633.3946002
  start: 1683139570.02255
