event_sleeping_wait_all:
  end: 1683141358.427558
  start: 1683141130.0733533
