event_sleeping:
  end: 1683138823.4335992
  start: 1683138679.974725
