event_sleeping_wait_all:
  end: 1683142023.3597405
  start: 1683141715.0676532
