event_sleeping_wait_all:
  end: 1683140883.4310017
  start: 1683140515.0128145
