event_sleeping_wait_all:
  end: 1683141078.4362328
  start: 1683140935.0276868
