event_sleeping_wait_all:
  end: 1683140463.431506
  start: 1683140240.0593626
