event_sleeping:
  end: 1683138628.3389127
  start: 1683138628.3386548
