event_sleeping_wait_all:
  end: 1683140188.3996806
  start: 1683140125.0524626
