event_sleeping_wait_all:
  end: 1683141663.4312005
  start: 1683141410.078635
