event_sleeping:
  end: 1683139323.4275866
  start: 1683139180.0531106
