event_sleeping:
  end: 1683139518.4274814
  start: 1683139375.0189166
