event_sleeping_wait_all:
  end: 1683139798.4313822
  start: 1683139685.1317666
