event_sleeping:
  end: 1683139128.3834858
  start: 1683138679.9705284
