event_sleeping:
  end: 1683140268.4315832
  start: 1683139265.293573
