event_sleeping_wait_all:
  end: 1683141388.367699
  start: 1683141325.3470886
