event_sleeping_wait_all:
  end: 1683140383.3700433
  start: 1683140320.3360796
