event_sleeping:
  end: 1683139213.355367
  start: 1683139180.2765381
