event_sleeping_wait_all:
  end: 1683140578.4275646
  start: 1683140435.3109896
