event_sleeping_wait_all:
  end: 1683140773.4275486
  start: 1683140630.408245
