event_sleeping:
  end: 1683138628.3384056
  start: 1683138628.3383424
