event_sleeping_wait_all:
  end: 1683140968.4295094
  start: 1683140825.4254696
