event_sleeping_wait_all:
  end: 1683141273.4275546
  start: 1683141020.4208686
