event_sleeping:
  end: 1683139908.431182
  start: 1683139655.0568666
