event_sleeping:
  end: 1683138933.359567
  start: 1683138628.3405645
