event_sleeping_wait_all:
  end: 1683141273.4356027
  start: 1683140904.9967904
