event_sleeping:
  end: 1683139323.4273734
  start: 1683139069.9729385
