event_sleeping:
  end: 1683139018.359433
  start: 1683138985.0058877
