event_sleeping:
  end: 1683140853.3595858
  start: 1683140740.0661945
