event_sleeping:
  end: 1683139603.4361367
  start: 1683139375.0405874
