event_sleeping:
  end: 1683140688.4316044
  start: 1683139960.0503573
