event_sleeping_wait_all:
  end: 1683140968.3943546
  start: 1683140905.1658542
