event_sleeping_wait_all:
  end: 1683140853.4328299
  start: 1683140515.04964
