event_sleeping_wait_all:
  end: 1683140463.4321024
  start: 1683140240.059118
