event_sleeping_wait_all:
  end: 1683140188.389771
  start: 1683140125.089207
