event_sleeping:
  end: 1683138823.4236336
  start: 1683138628.3426566
