event_sleeping:
  end: 1683139213.355622
  start: 1683138875.060453
