event_sleeping_wait_all:
  end: 1683139908.4316342
  start: 1683139685.1314547
