event_sleeping_wait_all:
  end: 1683140073.4276881
  start: 1683139960.204904
