event_sleeping:
  end: 1683139633.3953795
  start: 1683139265.0100243
