event_sleeping:
  end: 1683139073.42742
  start: 1683138930.0661228
