event_sleeping:
  end: 1683140438.4275823
  start: 1683140295.0603807
