event_sleeping_wait_all:
  end: 1683141218.4290235
  start: 1683140880.0321205
