event_sleeping:
  end: 1683139658.427467
  start: 1683139515.016672
