event_sleeping:
  end: 1683138878.4235687
  start: 1683138628.3424916
