event_sleeping:
  end: 1683140828.4275749
  start: 1683140685.0004942
