event_sleeping:
  end: 1683139463.4276493
  start: 1683139320.0009358
