event_sleeping_wait_all:
  end: 1683141998.39872
  start: 1683141465.0146325
