event_sleeping:
  end: 1683140048.39685
  start: 1683139710.066251
