event_sleeping_wait_all:
  end: 1683141413.431349
  start: 1683141270.0333836
