event_sleeping:
  end: 1683140633.4309995
  start: 1683140490.072502
