event_sleeping:
  end: 1683139268.3995597
  start: 1683139124.982382
