event_sleeping:
  end: 1683140243.4311998
  start: 1683140100.0369513
