event_sleeping:
  end: 1684026922.612906
  start: 1684026685.921115
