event_sleeping:
  end: 1684027702.6315227
  start: 1684027380.9258933
