event_sleeping:
  end: 1684027897.6408756
  start: 1684027753.4198174
