event_sleeping:
  end: 1684028390.039553
  start: 1684028245.9125497
