event_sleeping:
  end: 1684026635.131862
  start: 1684026508.397796
