event_sleeping:
  end: 1684027117.565689
  start: 1684026973.444488
