event_sleeping:
  end: 1684027330.1314898
  start: 1684027168.3556876
