event_sleeping:
  end: 1684028195.131506
  start: 1684028068.3764474
