event_sleeping:
  end: 1684026262.566493
  start: 1684026118.4029121
