event_sleeping:
  end: 1684026457.6314988
  start: 1684026313.3246586
