event_sleeping:
  end: 1684028992.6237142
  start: 1684028635.847051
