event_sleeping:
  end: 1684026067.6315303
  start: 1684025465.047585
