event_sleeping:
  end: 1684029560.1345577
  start: 1684029043.4234724
