event_sleeping:
  end: 1684028017.6035433
  start: 1684027948.4583726
