event_sleeping:
  end: 1684028585.0555177
  start: 1684028440.8405564
