event_sleeping:
  end: 1684026940.1131148
  start: 1684026295.8897092
