event_sleeping:
  end: 1684026067.5354927
  start: 1684026015.898491
