event_sleeping:
  end: 1684028695.1313581
  start: 1684028440.863001
