event_sleeping:
  end: 1684027312.5536492
  start: 1684026990.8887696
