event_sleeping:
  end: 1684027432.5917313
  start: 1684027363.383536
