event_sleeping:
  end: 1684026245.1313841
  start: 1684026118.341492
