event_sleeping:
  end: 1684028000.0956357
  start: 1684027855.9520493
