event_sleeping:
  end: 1684027805.1316047
  start: 1684027660.9682736
