event_sleeping:
  end: 1684028975.0554466
  start: 1684028940.9349835
