event_sleeping:
  end: 1684029652.623556
  start: 1684029238.4082797
