event_sleeping:
  end: 1684028305.039482
  start: 1684028050.8783662
