event_sleeping:
  end: 1684029187.631663
  start: 1684029025.8781548
