event_sleeping:
  end: 1684028890.1323419
  start: 1684028745.987919
