event_sleeping:
  end: 1684025677.6329324
  start: 1684025465.045681
