event_sleeping:
  end: 1684027610.1348217
  start: 1684027483.3839495
