event_sleeping:
  end: 1684028390.0801427
  start: 1684028355.8686438
