event_sleeping:
  end: 1684025965.1314912
  start: 1684025728.4419374
