event_sleeping:
  end: 1684027042.58359
  start: 1684026990.9596572
