event_sleeping:
  end: 1684028695.13153
  start: 1684028550.9200616
