event_sleeping:
  end: 1684028890.13158
  start: 1684028745.9622939
