event_sleeping:
  end: 1684027915.1335661
  start: 1684027753.3196301
