event_sleeping:
  end: 1684028017.5516782
  start: 1684027965.910467
