event_sleeping:
  end: 1684029670.1314888
  start: 1684028940.9719357
