event_sleeping:
  end: 1684025770.1353571
  start: 1684025625.9124076
