event_sleeping:
  end: 1684025575.1353405
  start: 1684025465.040601
