event_sleeping:
  end: 1684026940.1515486
  start: 1684026508.3425446
