event_sleeping:
  end: 1684028195.1320605
  start: 1684028068.3359635
