event_sleeping:
  end: 1684027702.5435753
  start: 1684027465.8571079
