event_sleeping:
  end: 1684026337.5595233
  start: 1684026193.4885821
