event_sleeping:
  end: 1684028500.1315036
  start: 1684028245.905753
