event_sleeping:
  end: 1684026457.603377
  start: 1684026388.4149601
