event_sleeping:
  end: 1684027312.6315467
  start: 1684027093.403959
