event_sleeping:
  end: 1684027415.086662
  start: 1684027363.4088962
