event_sleeping:
  end: 1684027627.59485
  start: 1684027558.4006965
