event_sleeping:
  end: 1684025557.6276107
  start: 1684025465.042981
