event_sleeping:
  end: 1684027042.6206572
  start: 1684026973.4446495
