event_sleeping:
  end: 1684029170.1315114
  start: 1684029025.8788862
