event_sleeping:
  end: 1684025770.13156
  start: 1684025608.442899
