event_sleeping:
  end: 1684026727.5756736
  start: 1684026405.913488
