event_sleeping:
  end: 1684028975.1313462
  start: 1684028830.9321523
