event_sleeping:
  end: 1684026355.1314185
  start: 1684025905.8776023
