event_sleeping:
  end: 1684028195.0555575
  start: 1684028143.4301567
