event_sleeping:
  end: 1684026922.643554
  start: 1684026778.3762553
