event_sleeping:
  end: 1684028780.1116033
  start: 1684028245.8804238
