event_sleeping:
  end: 1684025855.0703938
  start: 1684025820.9188788
