event_sleeping:
  end: 1684027897.6315444
  start: 1684027678.4202068
