event_sleeping:
  end: 1684027507.6314828
  start: 1684027093.403302
