event_sleeping:
  end: 1684028092.6317036
  start: 1684027948.454394
