event_sleeping:
  end: 1684029475.131334
  start: 1684029220.9229267
