event_sleeping:
  end: 1684028890.0355167
  start: 1684028745.9557838
