event_sleeping:
  end: 1684025465.0428162
  start: 1684025465.042697
