event_sleeping:
  end: 1684028092.6314278
  start: 1684027770.881616
