event_sleeping:
  end: 1684028695.1316555
  start: 1684028440.838902
