event_sleeping:
  end: 1684027025.06745
  start: 1684026990.8711593
