event_sleeping:
  end: 1684027415.1316674
  start: 1684027075.790615
