event_sleeping:
  end: 1684027720.1354873
  start: 1684027465.8555965
