event_sleeping:
  end: 1684026245.131525
  start: 1684025515.7495635
