event_sleeping:
  end: 1684029365.1314406
  start: 1684029238.2535872
