event_sleeping:
  end: 1684026940.1136155
  start: 1684026685.9179535
