event_sleeping:
  end: 1684029085.0914497
  start: 1684028940.7905283
