event_sleeping:
  end: 1684026635.1315312
  start: 1684026508.2902536
