event_sleeping:
  end: 1684028390.0398097
  start: 1684028143.3863943
