event_sleeping:
  end: 1684029187.5357037
  start: 1684029135.8417933
