event_sleeping:
  end: 1684026457.5395935
  start: 1684026295.845256
