event_sleeping:
  end: 1684026105.1247294
  start: 1684025766.2336502
