event_sleeping:
  end: 1684027470.131459
  start: 1684027326.2219398
