event_sleeping:
  end: 1684027275.1034489
  start: 1684027182.7047865
