event_sleeping:
  end: 1684025520.0919285
  start: 1684025465.043958
