event_sleeping:
  end: 1684027665.0718305
  start: 1684027521.2240193
