event_sleeping:
  end: 1684028055.1254272
  start: 1684027911.198331
