event_sleeping:
  end: 1684029030.1314108
  start: 1684028496.2748787
