event_sleeping:
  end: 1684027080.1348264
  start: 1684026936.2456381
