event_sleeping:
  end: 1684026495.131676
  start: 1684026351.20116
