event_sleeping:
  end: 1684026690.0355446
  start: 1684026546.2508464
