event_sleeping:
  end: 1684028445.1348536
  start: 1684028106.2462986
