event_sleeping:
  end: 1684025715.1116767
  start: 1684025570.9389908
