event_sleeping:
  end: 1684026300.0475194
  start: 1684026156.2358696
