event_sleeping:
  end: 1684026885.1315281
  start: 1684026741.197593
