event_sleeping:
  end: 1684027860.0795863
  start: 1684027716.179041
