event_sleeping:
  end: 1684029225.1220636
  start: 1684029081.256428
