event_sleeping:
  end: 1686167531.9601676
  start: 1686166997.9655335
