event_sleeping:
  end: 1686167726.9952276
  start: 1686167583.0336173
