event_sleeping:
  end: 1686166286.9202878
  start: 1686166143.0837038
