event_sleeping:
  end: 1686166751.996214
  start: 1686166337.9832644
