event_sleeping:
  end: 1686167846.9195313
  start: 1686167778.0343518
