event_sleeping:
  end: 1686169194.496027
  start: 1686169050.5781217
