event_sleeping:
  end: 1686166946.8973284
  start: 1686166803.0840607
