event_sleeping:
  end: 1686165794.4076853
  start: 1686165541.5942218
