event_sleeping:
  end: 1686168134.4077682
  start: 1686167897.987205
