event_sleeping:
  end: 1686165896.9477072
  start: 1686165845.493468
