event_sleeping:
  end: 1686168821.9961815
  start: 1686168185.5093608
