event_sleeping:
  end: 1686168999.4800012
  start: 1686168873.0642457
