event_sleeping:
  end: 1686166091.9962401
  start: 1686165948.0466998
