event_sleeping:
  end: 1686165489.4618392
  start: 1686165294.40527
