event_sleeping:
  end: 1686166464.496149
  start: 1686166235.5484436
