event_sleeping:
  end: 1686168524.4956543
  start: 1686168270.523153
