event_sleeping:
  end: 1686165506.995666
  start: 1686165345.2252932
