event_sleeping:
  end: 1686166184.4556372
  start: 1686165948.0495613
