event_sleeping:
  end: 1686165896.9953928
  start: 1686165558.1027114
