event_sleeping:
  end: 1686167261.9650104
  start: 1686167193.006028
