event_sleeping:
  end: 1686169016.9068565
  start: 1686168965.5643868
