event_sleeping:
  end: 1686166854.496056
  start: 1686166515.5843549
