event_sleeping:
  end: 1686167141.9206061
  start: 1686166905.5870624
