event_sleeping:
  end: 1686167634.4719174
  start: 1686167313.0138328
