event_sleeping:
  end: 1686169194.4962714
  start: 1686169067.9828115
