event_sleeping:
  end: 1686168719.4962816
  start: 1686168575.5427496
