event_sleeping:
  end: 1686165294.405051
  start: 1686165294.404994
