event_sleeping:
  end: 1686168914.4638405
  start: 1686168770.5994043
