event_sleeping:
  end: 1686168024.496132
  start: 1686167685.5218818
