event_sleeping:
  end: 1686168219.5019834
  start: 1686168075.6096597
