event_sleeping:
  end: 1686166769.4182553
  start: 1686166338.0521011
