event_sleeping:
  end: 1686165599.5131757
  start: 1686165455.5454056
