event_sleeping:
  end: 1686167141.9955513
  start: 1686166923.0432224
