event_sleeping:
  end: 1686169676.9847617
  start: 1686168660.515586
