event_sleeping:
  end: 1686167846.9954863
  start: 1686167583.058569
