event_sleeping:
  end: 1686166166.9811087
  start: 1686166023.052535
