event_sleeping:
  end: 1686168609.427434
  start: 1686168575.5060904
