event_sleeping:
  end: 1686168524.4568353
  start: 1686168075.6093023
