event_sleeping:
  end: 1686165971.996101
  start: 1686165735.5290585
