event_sleeping:
  end: 1686166286.919976
  start: 1686166217.996285
