event_sleeping:
  end: 1686168024.4964318
  start: 1686167898.0311756
