event_sleeping:
  end: 1686165404.4973829
  start: 1686165294.4025118
