event_sleeping:
  end: 1686167531.9957309
  start: 1686167405.5628884
