event_sleeping:
  end: 1686166871.948026
  start: 1686166820.4979482
