event_sleeping:
  end: 1686165684.4236073
  start: 1686165650.5577395
