event_sleeping:
  end: 1686167354.4821742
  start: 1686167193.0501037
