event_sleeping:
  end: 1686167049.4916217
  start: 1686166923.0031621
