event_sleeping:
  end: 1686167726.995945
  start: 1686167508.0043433
