event_sleeping:
  end: 1686167456.9037137
  start: 1686167388.1073513
