event_sleeping:
  end: 1686168329.479671
  start: 1686167972.9875028
