event_sleeping:
  end: 1686165386.9781456
  start: 1686165294.4038541
