event_sleeping:
  end: 1686166379.495654
  start: 1686166040.5357842
