event_sleeping:
  end: 1686166556.962017
  start: 1686166430.5967062
