event_sleeping:
  end: 1686166871.9359493
  start: 1686166803.0855017
