event_sleeping:
  end: 1686168719.495659
  start: 1686168465.532897
