event_sleeping:
  end: 1686169304.4599693
  start: 1686169050.5679443
