event_sleeping:
  end: 1686167921.9042728
  start: 1686167778.090057
