event_sleeping:
  end: 1686168999.4797192
  start: 1686168770.570376
