event_sleeping:
  end: 1686166751.9968164
  start: 1686166608.0482934
