event_sleeping:
  end: 1686165599.4836185
  start: 1686165438.0707638
