event_sleeping:
  end: 1686167336.9905438
  start: 1686167100.535894
