event_sleeping:
  end: 1686168414.4298115
  start: 1686168380.574317
