event_sleeping:
  end: 1686165989.489749
  start: 1686165650.5570843
