event_sleeping:
  end: 1686167439.4297092
  start: 1686167405.443208
