event_sleeping:
  end: 1686165404.497097
  start: 1686165294.404657
