event_sleeping:
  end: 1686167634.4716535
  start: 1686167490.3935635
