event_sleeping:
  end: 1686168219.471664
  start: 1686167972.9910448
