event_sleeping:
  end: 1686169016.996267
  start: 1686168660.5041893
