event_sleeping:
  end: 1686167354.454562
  start: 1686167210.4081643
