event_sleeping:
  end: 1686169304.4596076
  start: 1686169067.9707074
