event_sleeping:
  end: 1686166074.492427
  start: 1686165540.4379008
