event_sleeping:
  end: 1686166286.9196668
  start: 1686166125.4695566
