event_sleeping:
  end: 1686168609.4955676
  start: 1686168270.4598775
