event_sleeping:
  end: 1686167921.9916062
  start: 1686167685.487678
