event_sleeping:
  end: 1686165489.430214
  start: 1686165455.4887335
