event_sleeping:
  end: 1686166854.4254181
  start: 1686166337.91336
