event_sleeping:
  end: 1686167159.4356003
  start: 1686166905.395016
