event_sleeping:
  end: 1686165349.4521675
  start: 1686165294.404487
