event_sleeping:
  end: 1686169054.4961903
  start: 1686168910.5669584
