event_sleeping:
  end: 1686165934.4664152
  start: 1686165595.5619378
