event_sleeping:
  end: 1686166324.4564037
  start: 1686166180.6326225
