event_sleeping:
  end: 1686168664.496059
  start: 1686168520.5812151
