event_sleeping:
  end: 1686168859.4962394
  start: 1686168715.5771809
