event_sleeping:
  end: 1686167104.4231246
  start: 1686166980.6173103
