event_sleeping:
  end: 1686168469.4960814
  start: 1686168325.5293458
