event_sleeping:
  end: 1686166909.4524934
  start: 1686166765.5756094
