event_sleeping:
  end: 1686167299.4316661
  start: 1686167155.5228555
