event_sleeping:
  end: 1686168274.4436727
  start: 1686167935.579418
