event_sleeping:
  end: 1686166714.496466
  start: 1686166570.5798013
