event_sleeping:
  end: 1686166519.4954138
  start: 1686166375.5748096
