event_sleeping:
  end: 1686167884.455703
  start: 1686167740.5558996
