event_sleeping:
  end: 1686166129.4962494
  start: 1686165985.5752807
