event_sleeping:
  end: 1686167494.4422681
  start: 1686167350.5338206
