event_sleeping:
  end: 1686165544.4396157
  start: 1686165400.2757368
