event_sleeping:
  end: 1686167689.4695408
  start: 1686167545.5360587
