event_sleeping:
  end: 1685027392.27019
  start: 1685027265.8833864
