event_sleeping:
  end: 1685027587.2889643
  start: 1685027443.3548908
