event_sleeping:
  end: 1685027782.30013
  start: 1685027638.383927
