event_sleeping:
  end: 1685025459.8518424
  start: 1685025315.8336096
