event_sleeping:
  end: 1685026899.8519561
  start: 1685026578.379551
