event_sleeping:
  end: 1685026119.8267157
  start: 1685025883.42457
