event_sleeping:
  end: 1685026527.2798512
  start: 1685026365.943025
