event_sleeping:
  end: 1685025832.3548243
  start: 1685025705.879097
