event_sleeping:
  end: 1685027094.800053
  start: 1685026950.9281886
