event_sleeping:
  end: 1685027214.8385074
  start: 1685027145.8840816
