event_sleeping:
  end: 1685025654.8518693
  start: 1685025510.9436293
