event_sleeping:
  end: 1685028189.772913
  start: 1685027833.4084907
