event_sleeping:
  end: 1685028757.3544776
  start: 1685028240.8996196
