event_sleeping:
  end: 1685025264.7730043
  start: 1685024662.2651165
