event_sleeping:
  end: 1685026314.8519425
  start: 1685026170.8954282
