event_sleeping:
  end: 1685024874.7800035
  start: 1685024662.2620661
