event_sleeping:
  end: 1685027892.354378
  start: 1685027638.0793831
