event_sleeping:
  end: 1685027502.3547769
  start: 1685027248.1332202
