event_sleeping:
  end: 1685028172.2884586
  start: 1685028138.123063
