event_sleeping:
  end: 1685027002.3545077
  start: 1685026858.1090624
