event_sleeping:
  end: 1685026509.8520234
  start: 1685026188.0870373
