event_sleeping:
  end: 1685026137.2811127
  start: 1685025493.0187488
