event_sleeping:
  end: 1685025162.354939
  start: 1685024925.5871568
