event_sleeping:
  end: 1685026807.3518996
  start: 1685026680.6142004
