event_sleeping:
  end: 1685027587.2887766
  start: 1685027553.1710927
