event_sleeping:
  end: 1685028849.8543885
  start: 1685028435.5638611
