event_sleeping:
  end: 1685025264.8074918
  start: 1685025213.1647272
