event_sleeping:
  end: 1685027197.3547397
  start: 1685027053.1907015
