event_sleeping:
  end: 1685026629.8221033
  start: 1685026560.6323647
