event_sleeping:
  end: 1685028384.7728722
  start: 1685028223.110728
