event_sleeping:
  end: 1685025442.26802
  start: 1685025315.6335938
