event_sleeping:
  end: 1685028087.3518443
  start: 1685027943.159347
