event_sleeping:
  end: 1685026137.3530235
  start: 1685025705.6018932
