event_sleeping:
  end: 1685027214.8040667
  start: 1685027163.1388147
