event_sleeping:
  end: 1685026239.8063147
  start: 1685026188.0896895
