event_sleeping:
  end: 1685028087.2604642
  start: 1685027943.1529682
