event_sleeping:
  end: 1685027697.3520668
  start: 1685027443.1346638
