event_sleeping:
  end: 1685026509.7800894
  start: 1685026290.6005352
