event_sleeping:
  end: 1685024772.3556068
  start: 1685024662.2622976
