event_sleeping:
  end: 1685025339.8545866
  start: 1685025018.1309652
