event_sleeping:
  end: 1685027112.3530297
  start: 1685026950.6261172
