event_sleeping:
  end: 1685026899.7976608
  start: 1685026663.102601
