event_sleeping:
  end: 1685027892.3481927
  start: 1685027748.1336842
