event_sleeping:
  end: 1685025534.7882237
  start: 1685025390.6683254
