event_sleeping:
  end: 1685026612.3064606
  start: 1685026560.573396
