event_sleeping:
  end: 1685028867.3545759
  start: 1685028138.0915215
