event_sleeping:
  end: 1685025654.8007712
  start: 1685025585.5707166
