event_sleeping:
  end: 1685024967.3548756
  start: 1685024823.172474
