event_sleeping:
  end: 1685027392.352031
  start: 1685027265.6127493
