event_sleeping:
  end: 1685027392.2700875
  start: 1685027340.6370354
