event_sleeping:
  end: 1685025552.352001
  start: 1685025103.101975
