event_sleeping:
  end: 1685025052.2906606
  start: 1685025018.1291084
