event_sleeping:
  end: 1685026119.8365946
  start: 1685025975.661852
