event_sleeping:
  end: 1685028672.3460958
  start: 1685028418.1482558
