event_sleeping:
  end: 1685026704.8418987
  start: 1685026290.6144118
