event_sleeping:
  end: 1685028172.3530161
  start: 1685028028.1971962
