event_sleeping:
  end: 1685026824.7961454
  start: 1685026755.6659112
