event_sleeping:
  end: 1685028367.3240974
  start: 1685028223.1263602
