event_sleeping:
  end: 1685027289.8520439
  start: 1685027145.6306436
