event_sleeping:
  end: 1685026239.805263
  start: 1685026170.672698
