event_sleeping:
  end: 1685027977.3544078
  start: 1685027443.0941923
