event_sleeping:
  end: 1685024754.7728786
  start: 1685024662.262518
