event_sleeping:
  end: 1685027094.8518503
  start: 1685026875.6224992
