event_sleeping:
  end: 1685024967.3545659
  start: 1685024805.5890577
