event_sleeping:
  end: 1685025924.8280387
  start: 1685025603.1252882
