event_sleeping:
  end: 1685026222.2878368
  start: 1685026187.9899929
