event_sleeping:
  end: 1685024662.2646863
  start: 1685024662.2646666
