event_sleeping:
  end: 1685026612.3521276
  start: 1685026273.0168507
