event_sleeping:
  end: 1685027587.351922
  start: 1685027340.527236
