event_sleeping:
  end: 1685025832.354542
  start: 1685025705.5734422
