event_sleeping:
  end: 1685025442.2800212
  start: 1685024712.9738238
