event_sleeping:
  end: 1685027289.788142
  start: 1685026968.0730884
