event_sleeping:
  end: 1685025654.8521533
  start: 1685025493.0050817
