event_sleeping:
  end: 1685027892.3521767
  start: 1685027638.0362601
