event_sleeping:
  end: 1685026137.2808821
  start: 1685025883.0890238
