event_sleeping:
  end: 1685028282.3546605
  start: 1685028137.991186
