event_sleeping:
  end: 1685026917.3370004
  start: 1685026663.0711935
