event_sleeping:
  end: 1685028384.8104944
  start: 1685028333.0988455
