event_sleeping:
  end: 1685028087.2601538
  start: 1685027943.1037111
