event_sleeping:
  end: 1685028562.354841
  start: 1685028435.5249293
