event_sleeping:
  end: 1685025302.3479762
  start: 1685024963.5219173
