event_sleeping:
  end: 1685024912.3520772
  start: 1685024768.1207163
