event_sleeping:
  end: 1685028422.2679179
  start: 1685028278.421212
