event_sleeping:
  end: 1685025692.3518376
  start: 1685025548.5086915
