event_sleeping:
  end: 1685028227.2850947
  start: 1685027693.4481738
