event_sleeping:
  end: 1685027057.308066
  start: 1685026913.465581
