event_sleeping:
  end: 1685025497.3346295
  start: 1685025353.509907
