event_sleeping:
  end: 1685026277.2804418
  start: 1685026133.4220505
