event_sleeping:
  end: 1685026082.3001454
  start: 1685025938.4422994
