event_sleeping:
  end: 1685026472.3478086
  start: 1685026378.711901
