event_sleeping:
  end: 1685027252.2663147
  start: 1685027108.4606142
