event_sleeping:
  end: 1685026667.354551
  start: 1685026523.490348
