event_sleeping:
  end: 1685027642.3357003
  start: 1685027303.3813534
