event_sleeping:
  end: 1685025887.3078952
  start: 1685025743.4715877
