event_sleeping:
  end: 1685024717.307882
  start: 1685024662.2604728
