event_sleeping:
  end: 1685026862.3547938
  start: 1685026718.5034423
