event_sleeping:
  end: 1685018461.6200135
  start: 1685018266.5308485
