event_sleeping:
  end: 1685018869.0748606
  start: 1685018817.7265263
