event_sleeping:
  end: 1685019919.0878708
  start: 1685019775.1486437
