event_sleeping:
  end: 1685021971.623922
  start: 1685021845.2110417
