event_sleeping:
  end: 1685018766.6237385
  start: 1685018512.7040133
