event_sleeping:
  end: 1685022166.5403142
  start: 1685022022.7335947
