event_sleeping:
  end: 1685019259.0360174
  start: 1685019115.0970528
