event_sleeping:
  end: 1685021106.532044
  start: 1685020870.1414247
