event_sleeping:
  end: 1685019064.0551186
  start: 1685018920.1104941
