event_sleeping:
  end: 1685020819.0879698
  start: 1685020750.1402998
