event_sleeping:
  end: 1685021794.1234703
  start: 1685021157.6281366
