event_sleeping:
  end: 1685020504.1200647
  start: 1685019970.177469
