event_sleeping:
  end: 1685019724.1206682
  start: 1685019310.0823927
