event_sleeping:
  end: 1685020699.074746
  start: 1685020555.1783445
