event_sleeping:
  end: 1685021886.6234555
  start: 1685021742.4163442
