event_sleeping:
  end: 1685022166.540093
  start: 1685022039.89756
