event_sleeping:
  end: 1685021989.051711
  start: 1685021937.4611294
