event_sleeping:
  end: 1685020234.0927165
  start: 1685020164.8570728
