event_sleeping:
  end: 1685020996.5400739
  start: 1685020657.4485545
