event_sleeping:
  end: 1685018479.088163
  start: 1685018317.3336263
