event_sleeping:
  end: 1685021691.623962
  start: 1685021547.4220324
