event_sleeping:
  end: 1685019156.558452
  start: 1685018919.948488
