event_sleeping:
  end: 1685019826.5280688
  start: 1685019487.377899
