event_sleeping:
  end: 1685018869.1200528
  start: 1685018529.9009407
