event_sleeping:
  end: 1685020606.623369
  start: 1685020284.8937836
