event_sleeping:
  end: 1685021191.580058
  start: 1685021047.352531
