event_sleeping:
  end: 1685018266.5343874
  start: 1685018266.5343437
