event_sleeping:
  end: 1685021496.623834
  start: 1685021242.374015
