event_sleeping:
  end: 1685019436.5441015
  start: 1685019207.374127
