event_sleeping:
  end: 1685020114.0265448
  start: 1685019877.3163738
