event_sleeping:
  end: 1685019741.524024
  start: 1685019309.843838
