event_sleeping:
  end: 1685018376.6243546
  start: 1685018266.5332441
