event_sleeping:
  end: 1685021581.5479147
  start: 1685021547.42014
