event_sleeping:
  end: 1685019259.0920305
  start: 1685019189.92562
