event_sleeping:
  end: 1685019844.071912
  start: 1685019792.3293579
