event_sleeping:
  end: 1685018944.02808
  start: 1685018707.37776
