event_sleeping:
  end: 1685022649.051945
  start: 1685021632.3366363
