event_sleeping:
  end: 1685018656.5574298
  start: 1685018622.4428678
