event_sleeping:
  end: 1685020819.1288404
  start: 1685020554.8476562
