event_sleeping:
  end: 1685018571.6239467
  start: 1685018427.3933513
