event_sleeping:
  end: 1685020114.0272286
  start: 1685019894.8654017
