event_sleeping:
  end: 1685019139.1000354
  start: 1685018994.8346603
