event_sleeping:
  end: 1685020504.0684462
  start: 1685020377.2998195
