event_sleeping:
  end: 1685021496.6234477
  start: 1685021047.4233418
