event_sleeping:
  end: 1685020326.5244336
  start: 1685020164.8556576
