event_sleeping:
  end: 1685020996.6199706
  start: 1685020869.903147
