event_sleeping:
  end: 1685019844.092107
  start: 1685019774.9077866
