event_sleeping:
  end: 1685020429.092723
  start: 1685020359.936787
