event_sleeping:
  end: 1685018571.6235826
  start: 1685018409.848892
