event_sleeping:
  end: 1685021971.6235409
  start: 1685021742.4575784
