event_sleeping:
  end: 1685020699.1210828
  start: 1685020479.8760822
