event_sleeping:
  end: 1685018961.5989807
  start: 1685018622.4421449
