event_sleeping:
  end: 1685020309.1236463
  start: 1685020072.445839
