event_sleeping:
  end: 1685021386.557552
  start: 1685021352.366686
