event_sleeping:
  end: 1685020021.624002
  start: 1685019894.8697634
