event_sleeping:
  end: 1685021301.5319607
  start: 1685020944.823124
