event_sleeping:
  end: 1685021691.6236184
  start: 1685021437.3819532
