event_sleeping:
  end: 1685019529.0421753
  start: 1685019402.3886807
