event_sleeping:
  end: 1685019351.5920334
  start: 1685019012.3626206
