event_sleeping:
  end: 1685020894.0605624
  start: 1685020749.9208899
