event_sleeping:
  end: 1685019724.119995
  start: 1685019579.8833647
