event_sleeping:
  end: 1685022276.6200302
  start: 1685022022.444872
