event_sleeping:
  end: 1685018359.062496
  start: 1685018266.5340075
