event_sleeping:
  end: 1685022276.5641978
  start: 1685022039.7760723
