event_sleeping:
  end: 1685020411.5578358
  start: 1685020377.2413294
