event_sleeping:
  end: 1685021989.0510747
  start: 1685021632.3360848
