event_sleeping:
  end: 1685019259.120827
  start: 1685019097.2873726
