event_sleeping:
  end: 1685020131.568611
  start: 1685019877.3644176
