event_sleeping:
  end: 1685020326.5240922
  start: 1685020182.3122964
