event_sleeping:
  end: 1685018461.557419
  start: 1685018427.3513415
