event_sleeping:
  end: 1685019826.6200206
  start: 1685019309.8407483
