event_sleeping:
  end: 1685021581.6199777
  start: 1685021242.3617942
