event_sleeping:
  end: 1685020606.6236396
  start: 1685020462.3200583
