event_sleeping:
  end: 1685020894.1198418
  start: 1685020657.3723938
