event_sleeping:
  end: 1685019046.5880587
  start: 1685018512.2911186
