event_sleeping:
  end: 1685018376.6246378
  start: 1685018266.5341542
