event_sleeping:
  end: 1685021191.621027
  start: 1685020944.815728
