event_sleeping:
  end: 1685020271.5406084
  start: 1685020127.7342548
