event_sleeping:
  end: 1685021246.5240707
  start: 1685020907.6991363
