event_sleeping:
  end: 1685020856.5721083
  start: 1685020712.7244954
