event_sleeping:
  end: 1685018906.6048214
  start: 1685018567.6987183
