event_sleeping:
  end: 1685019101.5632148
  start: 1685018957.7207148
