event_sleeping:
  end: 1685020466.6236103
  start: 1685020322.6751194
