event_sleeping:
  end: 1685020076.617128
  start: 1685019982.9786336
