event_sleeping:
  end: 1685021636.6233637
  start: 1685021492.7086112
