event_sleeping:
  end: 1685019296.523728
  start: 1685019152.6620135
