event_sleeping:
  end: 1685019881.5388048
  start: 1685019737.8034937
