event_sleeping:
  end: 1685018321.5799298
  start: 1685018266.5329587
