event_sleeping:
  end: 1685018516.5240414
  start: 1685018372.39939
