event_sleeping:
  end: 1685019686.6184702
  start: 1685019542.7068243
