event_sleeping:
  end: 1685021831.6234207
  start: 1685021687.7453501
