event_sleeping:
  end: 1685021441.5960648
  start: 1685021297.6499257
