event_sleeping:
  end: 1685019491.5480435
  start: 1685019347.6510503
