event_sleeping:
  end: 1685020661.6235068
  start: 1685020517.7639115
