event_sleeping:
  end: 1685022026.553729
  start: 1685021882.745827
