event_sleeping:
  end: 1684827634.256316
  start: 1684827439.1672187
