event_sleeping:
  end: 1684827439.16612
  start: 1684827439.165876
