event_sleeping:
  end: 1684827549.2559195
  start: 1684827439.1655927
