event_sleeping:
  end: 1684827531.7402034
  start: 1684827439.1670256
