event_sleeping:
  end: 1684827549.2120044
  start: 1684827439.1623025
