event_sleeping:
  end: 1684827689.2518322
  start: 1684827562.2426083
