event_sleeping:
  end: 1684827494.2129233
  start: 1684827439.1649961
