event_sleeping:
  end: 1683426150.1555707
  start: 1683425916.5030982
