event_sleeping:
  end: 1683423327.6557786
  start: 1683423101.3266618
