event_sleeping:
  end: 1683420707.6566064
  start: 1683420548.905798
