event_sleeping:
  end: 1683423522.602353
  start: 1683423381.384818
