event_sleeping:
  end: 1683421572.6554892
  start: 1683421346.370883
