event_sleeping:
  end: 1683425082.5882313
  start: 1683425051.3575504
