event_sleeping:
  end: 1683426660.0844505
  start: 1683426611.3884268
