event_sleeping:
  end: 1683424607.6571176
  start: 1683424356.3451316
