event_sleeping:
  end: 1683424217.6558807
  start: 1683423881.413402
