event_sleeping:
  end: 1683421962.5883546
  start: 1683421931.4020503
