event_sleeping:
  end: 1683424997.6315346
  start: 1683424856.3779519
