event_sleeping:
  end: 1683424302.5882134
  start: 1683424271.3652894
