event_sleeping:
  end: 1683423047.5675533
  start: 1683422888.8985438
