event_sleeping:
  end: 1683423827.6568937
  start: 1683423576.3344884
