event_sleeping:
  end: 1683425387.655429
  start: 1683425136.3518438
