event_sleeping:
  end: 1683420495.1554801
  start: 1683420178.3974714
