event_sleeping:
  end: 1683426557.6391656
  start: 1683426398.8661435
