event_sleeping:
  end: 1683426345.1555808
  start: 1683426203.9267538
