event_sleeping:
  end: 1683420122.655498
  start: 1683420012.5620234
