event_sleeping:
  end: 1683426930.1560578
  start: 1683426713.8382075
