event_sleeping:
  end: 1683420987.6557784
  start: 1683420846.3169749
