event_sleeping:
  end: 1683420792.5883584
  start: 1683420761.3877525
