event_sleeping:
  end: 1683421292.5836096
  start: 1683421041.4156826
