event_sleeping:
  end: 1683421877.6554885
  start: 1683421626.4130263
