event_sleeping:
  end: 1683422462.593966
  start: 1683422016.445506
