event_sleeping:
  end: 1683424802.6554706
  start: 1683424661.3554046
