event_sleeping:
  end: 1683422835.1561897
  start: 1683422516.3312283
