event_sleeping:
  end: 1683425862.5986981
  start: 1683425441.3683393
