event_sleeping:
  end: 1683420987.6555417
  start: 1683420761.4027443
