event_sleeping:
  end: 1683422640.1556032
  start: 1683422423.929249
