event_sleeping:
  end: 1683424217.655679
  start: 1683423966.3178408
