event_sleeping:
  end: 1683423242.6523964
  start: 1683423008.8289378
