event_sleeping:
  end: 1683420707.6568654
  start: 1683420566.3906398
