event_sleeping:
  end: 1683424497.5727992
  start: 1683424271.3680298
