event_sleeping:
  end: 1683420105.1479988
  start: 1683420012.563295
