event_sleeping:
  end: 1683422370.155518
  start: 1683422033.8878112
