event_sleeping:
  end: 1683422852.643893
  start: 1683422693.9520183
