event_sleeping:
  end: 1683425972.6557405
  start: 1683424941.3936882
