event_sleeping:
  end: 1683426735.1414948
  start: 1683426501.294521
