event_sleeping:
  end: 1683422955.0888145
  start: 1683422906.4169865
