event_sleeping:
  end: 1683421292.6554139
  start: 1683421041.4226909
