event_sleeping:
  end: 1683423912.5879242
  start: 1683423881.414216
