event_sleeping:
  end: 1683426057.5873885
  start: 1683426026.3459427
