event_sleeping:
  end: 1683424887.6035209
  start: 1683424838.8740628
