event_sleeping:
  end: 1683421877.6567614
  start: 1683421718.9336834
