event_sleeping:
  end: 1683426447.5882196
  start: 1683426416.2692232
