event_sleeping:
  end: 1683423540.1569242
  start: 1683423296.4313905
