event_sleeping:
  end: 1683421665.1555703
  start: 1683421346.3707452
