event_sleeping:
  end: 1683421980.1055448
  start: 1683421931.5406926
