event_sleeping:
  end: 1683420512.6554022
  start: 1683420165.3048866
