event_sleeping:
  end: 1683423827.6555097
  start: 1683423593.9190974
