event_sleeping:
  end: 1683426362.574392
  start: 1683426111.3416483
