event_sleeping:
  end: 1683424785.1146102
  start: 1683424551.3121817
