event_sleeping:
  end: 1683424497.6554751
  start: 1683424271.7646613
