event_sleeping:
  end: 1683421665.1568978
  start: 1683421431.6396313
