event_sleeping:
  end: 1683425565.1028218
  start: 1683425441.5939047
