event_sleeping:
  end: 1683420012.5638812
  start: 1683420012.5638504
