event_sleeping:
  end: 1683426447.655368
  start: 1683426111.641872
