event_sleeping:
  end: 1683421292.6557603
  start: 1683421059.143383
