event_sleeping:
  end: 1683423912.655326
  start: 1683423789.135162
