event_sleeping:
  end: 1683426057.5835161
  start: 1683425619.0967448
