event_sleeping:
  end: 1683422462.6553528
  start: 1683421931.8539155
