event_sleeping:
  end: 1683421377.5874045
  start: 1683421346.647888
