event_sleeping:
  end: 1683425387.5879729
  start: 1683425246.7226064
