event_sleeping:
  end: 1683420207.6570897
  start: 1683420066.6184816
