event_sleeping:
  end: 1683426930.079508
  start: 1683426696.7157705
