event_sleeping:
  end: 1683422937.5876613
  start: 1683422906.8096752
