event_sleeping:
  end: 1683423420.1554015
  start: 1683423296.7108953
