event_sleeping:
  end: 1683423632.6555328
  start: 1683423474.2208376
