event_sleeping:
  end: 1683421005.0786417
  start: 1683420956.662889
