event_sleeping:
  end: 1683422852.643547
  start: 1683422694.2075927
