event_sleeping:
  end: 1683424692.6554937
  start: 1683424551.68804
