event_sleeping:
  end: 1683423242.6571097
  start: 1683422991.629667
