event_sleeping:
  end: 1683426642.656911
  start: 1683426501.6864676
