event_sleeping:
  end: 1683425192.6558318
  start: 1683424746.6795359
