event_sleeping:
  end: 1683421877.6557646
  start: 1683421719.2287426
