event_sleeping:
  end: 1683420597.605989
  start: 1683420456.6898692
