event_sleeping:
  end: 1683420402.6314259
  start: 1683420261.7184012
