event_sleeping:
  end: 1683423735.1036816
  start: 1683423686.670359
