event_sleeping:
  end: 1683422640.1568635
  start: 1683422516.6296058
