event_sleeping:
  end: 1683424217.6548812
  start: 1683423966.6675994
