event_sleeping:
  end: 1683420902.6558313
  start: 1683420651.6402276
