event_sleeping:
  end: 1683425972.655472
  start: 1683425738.8669474
