event_sleeping:
  end: 1683422835.1556125
  start: 1683422601.2967093
