event_sleeping:
  end: 1683421980.1061695
  start: 1683421736.325402
