event_sleeping:
  end: 1683424107.6555462
  start: 1683423966.3195376
