event_sleeping:
  end: 1683420495.1564882
  start: 1683420371.4143896
