event_sleeping:
  end: 1683423522.6555226
  start: 1683423381.3627334
