event_sleeping:
  end: 1683420317.6554916
  start: 1683420012.5652268
