event_sleeping:
  end: 1683423327.59946
  start: 1683423203.8701117
