event_sleeping:
  end: 1683425582.6568656
  start: 1683425441.2999277
