event_sleeping:
  end: 1683425192.655526
  start: 1683425051.521667
