event_sleeping:
  end: 1683422937.6182773
  start: 1683422888.8951266
