event_sleeping:
  end: 1683420902.6555398
  start: 1683420548.9397552
