event_sleeping:
  end: 1683423717.6500058
  start: 1683423576.3504012
