event_sleeping:
  end: 1683422547.5878782
  start: 1683422516.377249
