event_sleeping:
  end: 1683424710.132395
  start: 1683424466.409237
