event_sleeping:
  end: 1683423150.1555736
  start: 1683422991.3762755
