event_sleeping:
  end: 1683422462.6556618
  start: 1683422033.8169808
