event_sleeping:
  end: 1683424412.656038
  start: 1683424161.3992896
