event_sleeping:
  end: 1683421682.6554363
  start: 1683421541.4217305
