event_sleeping:
  end: 1683426557.6716323
  start: 1683426306.394342
