event_sleeping:
  end: 1683423912.588084
  start: 1683423771.3892176
