event_sleeping:
  end: 1683421487.6553943
  start: 1683421236.3822057
