event_sleeping:
  end: 1683425387.5881867
  start: 1683425246.4088926
