event_sleeping:
  end: 1683421182.6555083
  start: 1683420956.367008
