event_sleeping:
  end: 1683426252.6539488
  start: 1683426026.379348
