event_sleeping:
  end: 1683425685.1056516
  start: 1683425636.325837
