event_sleeping:
  end: 1683424997.66528
  start: 1683424763.8964493
