event_sleeping:
  end: 1683420597.605743
  start: 1683420548.9386911
