event_sleeping:
  end: 1683424022.6572256
  start: 1683423864.0381837
