event_sleeping:
  end: 1683424887.6554635
  start: 1683424746.3722026
