event_sleeping:
  end: 1683421487.5788388
  start: 1683421236.3215566
