event_sleeping:
  end: 1683421097.6155527
  start: 1683420863.8632455
