event_sleeping:
  end: 1683425370.157569
  start: 1683425136.3521538
