event_sleeping:
  end: 1683423327.655396
  start: 1683423186.406092
