event_sleeping:
  end: 1683425082.5883791
  start: 1683424941.4054742
