event_sleeping:
  end: 1683425565.10348
  start: 1683425423.9438798
