event_sleeping:
  end: 1683421182.5628147
  start: 1683421151.390775
