event_sleeping:
  end: 1683420810.1554904
  start: 1683420651.3690755
