event_sleeping:
  end: 1683425972.656794
  start: 1683425813.91637
