event_sleeping:
  end: 1683423810.1553912
  start: 1683423668.9405317
