event_sleeping:
  end: 1683426930.155527
  start: 1683426696.4093661
