event_sleeping:
  end: 1683422742.6033888
  start: 1683422693.952939
