event_sleeping:
  end: 1683424607.657376
  start: 1683424356.3213603
