event_sleeping:
  end: 1683425760.1348543
  start: 1683425618.9171798
