event_sleeping:
  end: 1683423615.1515517
  start: 1683423381.3674204
