event_sleeping:
  end: 1683423132.6469336
  start: 1683422991.500779
