event_sleeping:
  end: 1683424302.5879476
  start: 1683424271.4962702
