event_sleeping:
  end: 1683426642.6554596
  start: 1683426128.863242
