event_sleeping:
  end: 1683420495.1561537
  start: 1683420158.9031196
