event_sleeping:
  end: 1683426075.1037025
  start: 1683426026.4335217
