event_sleeping:
  end: 1683422937.6553395
  start: 1683422796.3598387
