event_sleeping:
  end: 1683424692.5880048
  start: 1683424661.4308193
