event_sleeping:
  end: 1683422640.1572027
  start: 1683422321.5502753
