event_sleeping:
  end: 1683424217.6554027
  start: 1683424076.4185455
