event_sleeping:
  end: 1683420105.1474483
  start: 1683420012.5649068
