event_sleeping:
  end: 1683422267.6569204
  start: 1683421541.4653316
