event_sleeping:
  end: 1683421627.5873408
  start: 1683421096.3327513
