event_sleeping:
  end: 1683422992.5596216
  start: 1683422851.348352
