event_sleeping:
  end: 1683420847.6554356
  start: 1683420511.363414
