event_sleeping:
  end: 1683426307.5874174
  start: 1683426166.4365299
