event_sleeping:
  end: 1683425332.6235962
  start: 1683424801.294093
