event_sleeping:
  end: 1683422017.638747
  start: 1683421681.2967668
