event_sleeping:
  end: 1683422797.6555238
  start: 1683422656.317216
