event_sleeping:
  end: 1683424747.657042
  start: 1683424411.3464649
