event_sleeping:
  end: 1683420457.6555655
  start: 1683420316.252346
