event_sleeping:
  end: 1683422407.655598
  start: 1683422071.3505452
