event_sleeping:
  end: 1683425917.6572115
  start: 1683425776.3327248
