event_sleeping:
  end: 1683423382.657197
  start: 1683423241.2737467
