event_sleeping:
  end: 1683422602.6554646
  start: 1683422461.349188
