event_sleeping:
  end: 1683420262.5718756
  start: 1683420121.3046527
