event_sleeping:
  end: 1683421042.6488154
  start: 1683420901.3063972
