event_sleeping:
  end: 1683423187.6175373
  start: 1683423046.2633698
