event_sleeping:
  end: 1683425527.6568596
  start: 1683425386.3473086
