event_sleeping:
  end: 1683424357.6555333
  start: 1683423826.3349898
