event_sleeping:
  end: 1683420067.61155
  start: 1683420012.5609794
