event_sleeping:
  end: 1683426112.6555352
  start: 1683425971.33226
