event_sleeping:
  end: 1683426697.583638
  start: 1683426361.2683122
