event_sleeping:
  end: 1683423577.6002045
  start: 1683423436.3182971
