event_sleeping:
  end: 1683423772.6569576
  start: 1683423631.2428827
