event_sleeping:
  end: 1683425722.6416893
  start: 1683425581.3505104
