event_sleeping_wait_all:
  end: 1684938831.8368554
  start: 1684938688.9149237
