event_sleeping_wait_all:
  end: 1684939519.3519535
  start: 1684939376.2124152
