event_sleeping_wait_all:
  end: 1684937856.9105756
  start: 1684937621.3293297
