event_sleeping_wait_all:
  end: 1684939324.3079934
  start: 1684939181.277919
