event_sleeping:
  end: 1684937001.8560174
  start: 1684936399.3183284
