event_sleeping_wait_all:
  end: 1684938636.9052994
  start: 1684938316.2759826
