event_sleeping_wait_all:
  end: 1684938264.404875
  start: 1684938103.8214421
