event_sleeping_wait_all:
  end: 1684937569.4104512
  start: 1684937443.8401515
