event_sleeping_wait_all:
  end: 1684937196.9050045
  start: 1684937053.7744305
