event_sleeping_wait_all:
  end: 1684938051.9048054
  start: 1684937908.8634527
