event_sleeping_wait_all:
  end: 1684939129.308138
  start: 1684939003.8334575
