event_sleeping_wait_all:
  end: 1684939926.844183
  start: 1684939571.2748504
