event_sleeping_wait_all:
  end: 1684938951.8567367
  start: 1684938883.7814462
