event_sleeping_wait_all:
  end: 1684937391.8609517
  start: 1684937248.8289776
