event_sleeping_wait_all:
  end: 1684939824.3800228
  start: 1684939681.0591567
