event_sleeping_wait_all:
  end: 1684939909.338308
  start: 1684939876.035624
