event_sleeping_wait_all:
  end: 1684938544.3160822
  start: 1684938418.5262794
