event_sleeping_wait_all:
  end: 1684938366.8201523
  start: 1684938298.494263
