event_sleeping_wait_all:
  end: 1684938934.404981
  start: 1684938791.0464542
