event_sleeping_wait_all:
  end: 1684937874.4039915
  start: 1684937231.0850177
