event_sleeping_wait_all:
  end: 1684938739.3800528
  start: 1684938595.945937
