event_sleeping_wait_all:
  end: 1684937001.8557365
  start: 1684936951.0371077
