event_sleeping_wait_all:
  end: 1684937179.405394
  start: 1684937053.5409336
