event_sleeping_wait_all:
  end: 1684939629.4048963
  start: 1684939375.982335
