event_sleeping_wait_all:
  end: 1684936899.4050329
  start: 1684936663.5478022
