event_sleeping_wait_all:
  end: 1684939324.3360155
  start: 1684939291.0585806
