event_sleeping_wait_all:
  end: 1684939239.4048898
  start: 1684938986.102406
