event_sleeping_wait_all:
  end: 1684938246.8208094
  start: 1684937926.0446784
