event_sleeping_wait_all:
  end: 1684940121.8200924
  start: 1684939961.0483568
