event_sleeping:
  end: 1684936611.9052846
  start: 1684936399.3180153
