event_sleeping_wait_all:
  end: 1684939434.4040143
  start: 1684939181.0508056
