event_sleeping_wait_all:
  end: 1684938951.8559575
  start: 1684938901.021601
