event_sleeping_wait_all:
  end: 1684938636.9048777
  start: 1684938400.9586227
