event_sleeping_wait_all:
  end: 1684938349.3436756
  start: 1684938298.4945042
