event_sleeping_wait_all:
  end: 1684939824.4091072
  start: 1684939681.0896618
