event_sleeping_wait_all:
  end: 1684937271.827073
  start: 1684937128.5880723
