event_sleeping_wait_all:
  end: 1684938849.3721354
  start: 1684938688.5493088
