event_sleeping_wait_all:
  end: 1684937976.8560255
  start: 1684937925.9617274
