event_sleeping_wait_all:
  end: 1684939129.4041498
  start: 1684939003.545422
