event_sleeping_wait_all:
  end: 1684937076.9046607
  start: 1684936756.0651615
