event_sleeping_wait_all:
  end: 1684938246.8201513
  start: 1684938028.507034
