event_sleeping_wait_all:
  end: 1684937391.8731914
  start: 1684937323.509935
