event_sleeping_wait_all:
  end: 1684936704.4050722
  start: 1684936561.0813797
