event_sleeping_wait_all:
  end: 1684937874.3120365
  start: 1684937443.5313756
