event_sleeping_wait_all:
  end: 1684939629.4051714
  start: 1684939486.0550394
