event_sleeping_wait_all:
  end: 1684940604.4046497
  start: 1684939876.049748
