event_sleeping_wait_all:
  end: 1684940781.884231
  start: 1684940656.0518546
