event_sleeping:
  end: 1684936509.4070864
  start: 1684936399.3151608
