event_sleeping_wait_all:
  end: 1684937976.8876429
  start: 1684937908.583274
