event_sleeping_wait_all:
  end: 1684938831.8361537
  start: 1684938613.511987
