event_sleeping_wait_all:
  end: 1684939026.904048
  start: 1684938883.528706
