event_sleeping_wait_all:
  end: 1684938561.8732839
  start: 1684938493.5464613
