event_sleeping_wait_all:
  end: 1684936789.3387659
  start: 1684936756.0647504
