event_sleeping_wait_all:
  end: 1684937856.892162
  start: 1684937713.5255206
