event_sleeping_wait_all:
  end: 1684938441.8840759
  start: 1684938028.4986813
