event_sleeping_wait_all:
  end: 1684937289.40484
  start: 1684936840.9820886
