event_sleeping:
  end: 1684936491.9010303
  start: 1684936399.3148532
