event_sleeping_wait_all:
  end: 1684937661.9047902
  start: 1684937341.0478745
