event_sleeping_wait_all:
  end: 1684936704.4047282
  start: 1684936543.5884478
