event_sleeping_wait_all:
  end: 1684939026.9048638
  start: 1684938706.028739
