event_sleeping:
  end: 1684936399.3116565
  start: 1684936399.3113256
