event_sleeping_wait_all:
  end: 1684938654.4049284
  start: 1684938400.9277234
