event_sleeping_wait_all:
  end: 1684937391.9125369
  start: 1684937231.030521
