event_sleeping_wait_all:
  end: 1684938349.3081272
  start: 1684938010.9505765
