event_sleeping_wait_all:
  end: 1684937179.4049451
  start: 1684936450.902974
