event_sleeping_wait_all:
  end: 1684937569.3721287
  start: 1684937443.531576
