event_sleeping_wait_all:
  end: 1684937959.3383265
  start: 1684937925.9262123
