event_sleeping_wait_all:
  end: 1684937874.3124998
  start: 1684937621.0209794
