event_sleeping:
  end: 1684938989.372081
  start: 1684938846.3920863
