event_sleeping:
  end: 1684937234.4050634
  start: 1684937091.3418815
