event_sleeping:
  end: 1684938404.348365
  start: 1684938261.4253666
