event_sleeping:
  end: 1684936649.4039693
  start: 1684936509.9628162
