event_sleeping:
  end: 1684938014.4046938
  start: 1684937871.4504302
