event_sleeping_wait_all:
  end: 1684940549.4046361
  start: 1684940211.433201
