event_sleeping_wait_all:
  end: 1684940744.3482168
  start: 1684940601.4284623
