event_sleeping:
  end: 1684937819.4047709
  start: 1684937676.4184945
