event_sleeping_wait_all:
  end: 1684940159.4051857
  start: 1684940016.348924
