event_sleeping:
  end: 1684938599.404973
  start: 1684938456.4476244
