event_sleeping_wait_all:
  end: 1684939379.3074355
  start: 1684939041.3653924
