event_sleeping:
  end: 1684936454.3636942
  start: 1684936399.315781
