event_sleeping:
  end: 1684937039.3561997
  start: 1684936701.3794034
