event_sleeping:
  end: 1684937624.3502805
  start: 1684937481.3901641
