event_sleeping:
  end: 1684938209.4039807
  start: 1684938066.4643168
