event_sleeping:
  end: 1684937429.40406
  start: 1684937286.3649836
