event_sleeping_wait_all:
  end: 1684939964.3801355
  start: 1684939431.3091033
