event_sleeping:
  end: 1684938794.347841
  start: 1684938651.3839662
