event_sleeping:
  end: 1685735136.7120547
  start: 1685734976.169132
