event_sleeping_wait_all:
  end: 1685735991.7142494
  start: 1685735578.6260831
