event_sleeping_wait_all:
  end: 1685735526.6201649
  start: 1685735383.695267
