event_sleeping:
  end: 1685734924.2229595
  start: 1685734534.1331477
