event_sleeping:
  end: 1685735331.700133
  start: 1685735194.6605191
