event_sleeping_wait_all:
  end: 1685735814.212371
  start: 1685735560.8603718
