event_sleeping_wait_all:
  end: 1685735899.1472504
  start: 1685735865.8912714
