event_sleeping_wait_all:
  end: 1685736204.1800692
  start: 1685735950.812698
