event_sleeping:
  end: 1685734534.1226416
  start: 1685734534.1220276
