event_sleeping:
  end: 1685735034.1839108
  start: 1685734807.4038432
