event_sleeping:
  end: 1685734746.6996212
  start: 1685734585.7483387
