event_sleeping_wait_all:
  end: 1685735136.6243134
  start: 1685735085.8210812
