event_sleeping_wait_all:
  end: 1685735509.2121801
  start: 1685735188.3258302
