event_sleeping_wait_all:
  end: 1685736381.6359682
  start: 1685736255.8802497
