event_sleeping_wait_all:
  end: 1685735406.7140841
  start: 1685735263.3737552
