event_sleeping:
  end: 1685735211.6760345
  start: 1685734585.7797327
