event_sleeping:
  end: 1685734534.125243
  start: 1685734534.125097
