event_sleeping_wait_all:
  end: 1685735526.7011197
  start: 1685735458.393905
