event_sleeping_wait_all:
  end: 1685734924.1840785
  start: 1685734678.3630438
