event_sleeping_wait_all:
  end: 1685735509.212591
  start: 1685735365.8322923
