event_sleeping_wait_all:
  end: 1685735119.1926894
  start: 1685734975.8666615
