event_sleeping:
  end: 1685734626.6760254
  start: 1685734534.1238372
