event_sleeping_wait_all:
  end: 1685735796.6187925
  start: 1685735560.9068482
