event_sleeping_wait_all:
  end: 1685735314.196096
  start: 1685735170.8753512
