event_sleeping_wait_all:
  end: 1685736789.2118433
  start: 1685736645.811429
