event_sleeping:
  end: 1685734534.12575
  start: 1685734534.1256337
