event_sleeping:
  end: 1685735424.1880774
  start: 1685734975.7556183
