event_sleeping:
  end: 1685734924.1159337
  start: 1685734890.7726321
