event_sleeping_wait_all:
  end: 1685737161.6807947
  start: 1685736840.762593
