event_sleeping_wait_all:
  end: 1685736009.1720004
  start: 1685735865.8015969
