event_sleeping_wait_all:
  end: 1685736594.1814444
  start: 1685736340.7361116
