event_sleeping:
  end: 1685735526.664178
  start: 1685735475.825567
