event_sleeping_wait_all:
  end: 1685735814.2120266
  start: 1685735578.3170123
