event_sleeping:
  end: 1685734839.17731
  start: 1685734585.7443817
