event_sleeping_wait_all:
  end: 1685736289.164114
  start: 1685736060.7339098
