event_sleeping:
  end: 1685735174.185148
  start: 1685735031.1897535
