event_sleeping_wait_all:
  end: 1685736734.1211617
  start: 1685736591.2367897
