event_sleeping_wait_all:
  end: 1685736929.131948
  start: 1685736786.1959708
