event_sleeping_wait_all:
  end: 1685736149.2041523
  start: 1685736006.131065
