event_sleeping_wait_all:
  end: 1685736344.1719692
  start: 1685736201.2149613
