event_sleeping:
  end: 1685734589.1697745
  start: 1685734534.1176486
