event_sleeping:
  end: 1685735369.172062
  start: 1685735226.1784317
