event_sleeping_wait_all:
  end: 1685735954.1399925
  start: 1685735811.2713106
