event_sleeping:
  end: 1685735564.1435025
  start: 1685735421.2605457
