event_sleeping_wait_all:
  end: 1685735759.163918
  start: 1685735616.1573117
