event_sleeping_wait_all:
  end: 1685736539.1799848
  start: 1685736396.1258311
