event_sleeping_wait_all:
  end: 1685737124.2142134
  start: 1685736981.1907043
