event_sleeping:
  end: 1685734979.182897
  start: 1685734836.2671542
