event_sleeping:
  end: 1684824860.9912505
  start: 1684824665.899789
