event_sleeping:
  end: 1684824665.8956695
  start: 1684824665.8955674
