event_sleeping:
  end: 1684824843.3998408
  start: 1684824729.2052279
