event_sleeping:
  end: 1684824758.484061
  start: 1684824665.8963368
