event_sleeping:
  end: 1684824758.48466
  start: 1684824665.8968928
