event_sleeping:
  end: 1684824758.396103
  start: 1684824665.8976407
