event_sleeping:
  end: 1684824898.4880297
  start: 1684824755.106337
