event_sleeping:
  end: 1685037075.493284
  start: 1685036931.4765837
