event_sleeping:
  end: 1685035922.9934964
  start: 1685035687.7339199
