event_sleeping:
  end: 1685035635.4210696
  start: 1685035440.4078734
