event_sleeping:
  end: 1685036007.900034
  start: 1685035974.0977027
