event_sleeping:
  end: 1685039822.99331
  start: 1685039679.0273697
