event_sleeping:
  end: 1685039322.9934602
  start: 1685039179.085571
