event_sleeping:
  end: 1685036397.9921658
  start: 1685036254.0573196
