event_sleeping:
  end: 1685039127.9931448
  start: 1685039001.5281045
