event_sleeping:
  end: 1685037957.9268484
  start: 1685037924.0295951
