event_sleeping:
  end: 1685039627.9271946
  start: 1685039374.0889337
