event_sleeping:
  end: 1685036880.4005883
  start: 1685036449.0649488
