event_sleeping:
  end: 1685038262.9931316
  start: 1685038008.9846866
