event_sleeping:
  end: 1685036202.9721584
  start: 1685036059.0155072
