event_sleeping:
  end: 1685038950.4932437
  start: 1685038314.131202
