event_sleeping:
  end: 1685037872.9921649
  start: 1685037711.5340033
