event_sleeping:
  end: 1685037660.4441235
  start: 1685037126.5859582
