event_sleeping:
  end: 1685037287.916115
  start: 1685037051.2994971
