event_sleeping:
  end: 1685035617.993137
  start: 1685035491.2088253
