event_sleeping:
  end: 1685035440.4041183
  start: 1685035440.404098
