event_sleeping:
  end: 1685039322.9931793
  start: 1685039196.2114775
