event_sleeping:
  end: 1685037780.493134
  start: 1685037423.718994
