event_sleeping:
  end: 1685038635.493239
  start: 1685038398.7645319
