event_sleeping:
  end: 1685038347.992842
  start: 1685038203.8169086
