event_sleeping:
  end: 1685036312.9464364
  start: 1685036058.75101
