event_sleeping:
  end: 1685036007.900184
  start: 1685035668.8175972
