event_sleeping:
  end: 1685039712.944945
  start: 1685039661.2724397
