event_sleeping:
  end: 1685040000.4929342
  start: 1685039763.704045
