event_sleeping:
  end: 1685037000.4919803
  start: 1685036643.7582011
