event_sleeping:
  end: 1685036592.9933105
  start: 1685036363.7512863
