event_sleeping:
  end: 1685039145.4041748
  start: 1685039093.7807117
