event_sleeping:
  end: 1685039610.4919672
  start: 1685039373.8610728
