event_sleeping:
  end: 1685038152.9933448
  start: 1685037831.3306503
