event_sleeping:
  end: 1685037372.9271193
  start: 1685037338.7144182
