event_sleeping:
  end: 1685039042.9920025
  start: 1685038898.7639732
