event_sleeping:
  end: 1685038847.9639766
  start: 1685038686.3189902
