event_sleeping:
  end: 1685037660.4120507
  start: 1685037533.7803943
