event_sleeping:
  end: 1685035727.9321072
  start: 1685035583.7312596
