event_sleeping:
  end: 1685037000.4448335
  start: 1685036948.8346593
