event_sleeping:
  end: 1685038652.9933715
  start: 1685038203.8142157
