event_sleeping:
  end: 1685036295.4760332
  start: 1685036151.281419
