event_sleeping:
  end: 1685037287.9920259
  start: 1685037051.2539742
