event_sleeping:
  end: 1685036397.944804
  start: 1685036346.2907488
