event_sleeping:
  end: 1685039822.993065
  start: 1685038788.7320535
