event_sleeping:
  end: 1685036897.9930902
  start: 1685036448.7612984
