event_sleeping:
  end: 1685036100.4760814
  start: 1685035863.733304
