event_sleeping:
  end: 1685038737.927427
  start: 1685038703.809956
