event_sleeping:
  end: 1685038152.9936206
  start: 1685038026.2874563
