event_sleeping:
  end: 1685037482.9930696
  start: 1685037338.8064632
