event_sleeping:
  end: 1685037975.468087
  start: 1685037711.244222
