event_sleeping:
  end: 1685035532.9544048
  start: 1685035440.402384
