event_sleeping:
  end: 1685035812.9271996
  start: 1685035778.7349308
