event_sleeping:
  end: 1685037195.4119825
  start: 1685037033.734889
