event_sleeping:
  end: 1685037465.4407883
  start: 1685037246.235818
