event_sleeping:
  end: 1685036507.9930496
  start: 1685036168.786202
