event_sleeping:
  end: 1685038847.9641013
  start: 1685038611.2215765
