event_sleeping:
  end: 1685037872.9510093
  start: 1685037618.7608812
