event_sleeping:
  end: 1685038050.4280698
  start: 1685037923.7380643
