event_sleeping:
  end: 1685039432.9935098
  start: 1685039178.7364836
