event_sleeping:
  end: 1685039127.99291
  start: 1685038898.7668984
