event_sleeping:
  end: 1685035532.9879582
  start: 1685035440.4036658
