event_sleeping:
  end: 1685038560.4119987
  start: 1685038508.7245622
