event_sleeping:
  end: 1685037567.9567997
  start: 1685037516.224097
