event_sleeping:
  end: 1685036702.9920228
  start: 1685036558.83972
