event_sleeping:
  end: 1685036117.9932582
  start: 1685035761.242649
