event_sleeping:
  end: 1685040212.9931328
  start: 1685039483.802541
