event_sleeping:
  end: 1685036880.4335296
  start: 1685036753.794476
