event_sleeping:
  end: 1685035710.4281073
  start: 1685035583.736765
