event_sleeping:
  end: 1685036982.9450474
  start: 1685036931.2400482
