event_sleeping:
  end: 1685038457.9240556
  start: 1685038101.2383623
