event_sleeping:
  end: 1685040017.9931483
  start: 1685039781.1912704
