event_sleeping:
  end: 1685036982.9927418
  start: 1685036466.2647748
