event_sleeping:
  end: 1685038737.9920235
  start: 1685038398.7249641
