event_sleeping:
  end: 1685035532.9240642
  start: 1685035440.4060373
