event_sleeping:
  end: 1685039730.4629805
  start: 1685039661.2285407
