event_sleeping:
  end: 1685037270.4440403
  start: 1685037033.7247515
