event_sleeping:
  end: 1685039432.9932678
  start: 1685039178.6773767
