event_sleeping:
  end: 1685039127.9321065
  start: 1685038788.7280135
