event_sleeping:
  end: 1685035635.4201531
  start: 1685035583.6231515
