event_sleeping:
  end: 1685036415.4934888
  start: 1685036271.2543163
