event_sleeping:
  end: 1685036220.4932013
  start: 1685035686.1541781
