event_sleeping:
  end: 1685038067.9320729
  start: 1685037813.7405488
