event_sleeping:
  end: 1685038347.9641674
  start: 1685038118.6787858
