event_sleeping:
  end: 1685037482.991864
  start: 1685037321.1525362
