event_sleeping:
  end: 1685039610.4898415
  start: 1685039483.737267
