event_sleeping:
  end: 1685037762.993342
  start: 1685037618.645601
