event_sleeping:
  end: 1685037567.9275613
  start: 1685037533.7307525
