event_sleeping:
  end: 1685036842.9932137
  start: 1685036699.1548235
