event_sleeping:
  end: 1685038987.9932816
  start: 1685038844.1545155
