event_sleeping:
  end: 1685036062.993147
  start: 1685035724.1157012
