event_sleeping:
  end: 1685036257.9218042
  start: 1685036114.12578
