event_sleeping:
  end: 1685038012.9930785
  start: 1685037869.1139119
