event_sleeping:
  end: 1685036452.9881258
  start: 1685036309.0428681
