event_sleeping:
  end: 1685039767.980166
  start: 1685039624.1525905
