event_sleeping:
  end: 1685036647.993215
  start: 1685036504.1495907
