event_sleeping:
  end: 1685037427.993103
  start: 1685037304.1580822
