event_sleeping:
  end: 1685039572.9932666
  start: 1685039234.0617702
