event_sleeping:
  end: 1685037817.9932966
  start: 1685037674.113082
