event_sleeping:
  end: 1685038792.9800758
  start: 1685038649.1726036
