event_sleeping:
  end: 1685038597.9936583
  start: 1685038454.1560738
