event_sleeping:
  end: 1685035672.9931188
  start: 1685035528.820615
