event_sleeping:
  end: 1685037232.905589
  start: 1685037089.0387003
