event_sleeping:
  end: 1685039182.9141178
  start: 1685039039.1530373
