event_sleeping:
  end: 1685038402.9721422
  start: 1685038064.1294136
