event_sleeping:
  end: 1685037622.9930093
  start: 1685037479.1569824
