event_sleeping:
  end: 1685037037.9149835
  start: 1685036894.119842
