event_sleeping:
  end: 1685035477.933355
  start: 1685035440.4039598
