event_sleeping_wait_all:
  end: 1685619752.859883
  start: 1685619339.8180375
