event_sleeping:
  end: 1685618685.3647335
  start: 1685618295.2722826
