event_sleeping:
  end: 1685618897.86007
  start: 1685618737.2921605
