event_sleeping:
  end: 1685619092.8520877
  start: 1685618955.78952
