event_sleeping_wait_all:
  end: 1685619287.8721547
  start: 1685619144.8155458
