event_sleeping_wait_all:
  end: 1685618897.8118765
  start: 1685618846.9716823
