event_sleeping_wait_all:
  end: 1685619575.3642447
  start: 1685619321.8716006
