event_sleeping:
  end: 1685618795.3638506
  start: 1685618568.581198
