event_sleeping_wait_all:
  end: 1685620142.7819896
  start: 1685620017.0378919
