event_sleeping:
  end: 1685618507.806256
  start: 1685618346.92749
