event_sleeping_wait_all:
  end: 1685619660.2921126
  start: 1685619626.972076
