event_sleeping_wait_all:
  end: 1685619965.3605278
  start: 1685619711.9242585
