event_sleeping_wait_all:
  end: 1685619270.2680705
  start: 1685618949.418235
