event_sleeping:
  end: 1685618295.274331
  start: 1685618295.2743104
