event_sleeping_wait_all:
  end: 1685619167.8599033
  start: 1685619024.4165735
