event_sleeping:
  end: 1685618295.2745748
  start: 1685618295.2745557
