event_sleeping_wait_all:
  end: 1685619872.859855
  start: 1685619711.9248378
