event_sleeping_wait_all:
  end: 1685619287.8426404
  start: 1685619219.4769998
