event_sleeping:
  end: 1685618972.795975
  start: 1685618346.9715118
