event_sleeping_wait_all:
  end: 1685619660.2918983
  start: 1685619339.515525
