event_sleeping:
  end: 1685618387.8575695
  start: 1685618295.2753084
