event_sleeping_wait_all:
  end: 1685618685.3599162
  start: 1685618439.5193117
