event_sleeping_wait_all:
  end: 1685619075.3598483
  start: 1685618931.9558604
