event_sleeping_wait_all:
  end: 1685619557.8598793
  start: 1685619322.021464
