event_sleeping_wait_all:
  end: 1685619270.3601327
  start: 1685619126.9862535
