event_sleeping_wait_all:
  end: 1685618880.3598607
  start: 1685618737.0094976
