event_sleeping:
  end: 1685619287.8118885
  start: 1685619236.9449778
