event_sleeping:
  end: 1685618295.2757077
  start: 1685618295.2756698
