event_sleeping_wait_all:
  end: 1685620050.3638017
  start: 1685619821.8916032
