event_sleeping:
  end: 1685618600.3639574
  start: 1685618346.9340281
