event_sleeping:
  end: 1685618685.2959068
  start: 1685618652.0041766
