event_sleeping:
  end: 1685619185.3600163
  start: 1685618736.8190691
