event_sleeping_wait_all:
  end: 1685620550.3641229
  start: 1685620406.878322
