event_sleeping_wait_all:
  end: 1685620355.2840326
  start: 1685620101.9871728
