event_sleeping_wait_all:
  end: 1685620922.8441613
  start: 1685620601.9345787
