event_sleeping_wait_all:
  end: 1685619575.3644073
  start: 1685619339.3884187
