event_sleeping_wait_all:
  end: 1685620495.3639941
  start: 1685620352.2893403
