event_sleeping_wait_all:
  end: 1685620300.2718968
  start: 1685620157.3435495
