event_sleeping:
  end: 1685619130.3399932
  start: 1685618987.3777516
