event_sleeping_wait_all:
  end: 1685620690.3640265
  start: 1685620547.3736057
