event_sleeping:
  end: 1685618935.3601034
  start: 1685618792.2947025
