event_sleeping:
  end: 1685619325.3637388
  start: 1685619182.3979666
