event_sleeping:
  end: 1685618545.3600478
  start: 1685618402.335118
