event_sleeping_wait_all:
  end: 1685620105.3639147
  start: 1685619962.2932737
