event_sleeping_wait_all:
  end: 1685619910.359888
  start: 1685619767.3175204
