event_sleeping:
  end: 1685618350.3210166
  start: 1685618295.2691445
