event_sleeping:
  end: 1685618740.3599167
  start: 1685618597.356273
