event_sleeping_wait_all:
  end: 1685619715.3235133
  start: 1685619572.3562279
