event_sleeping_wait_all:
  end: 1685620885.351323
  start: 1685620742.3445535
