event_sleeping_wait_all:
  end: 1685619520.3599024
  start: 1685619377.3315465
