event_sleeping_wait_all:
  end: 1685666318.495928
  start: 1685666285.5341046
