event_sleeping_wait_all:
  end: 1685666708.588104
  start: 1685666565.5337636
