event_sleeping_wait_all:
  end: 1685667191.089607
  start: 1685666760.537888
