event_sleeping:
  end: 1685665945.9891224
  start: 1685665751.0054421
