event_sleeping_wait_all:
  end: 1685666233.5677068
  start: 1685665997.9734156
