event_sleeping_wait_all:
  end: 1685666513.5884566
  start: 1685666370.4167044
