event_sleeping_wait_all:
  end: 1685667386.0884488
  start: 1685667243.0323906
