event_sleeping_wait_all:
  end: 1685666318.5881605
  start: 1685665980.2536657
