event_sleeping:
  end: 1685665750.9993246
  start: 1685665750.9991968
