event_sleeping_wait_all:
  end: 1685667311.032698
  start: 1685666955.1825848
