event_sleeping_wait_all:
  end: 1685666623.5480993
  start: 1685666370.2410185
