event_sleeping_wait_all:
  end: 1685666903.5161088
  start: 1685666675.1980264
