event_sleeping_wait_all:
  end: 1685665928.588475
  start: 1685665802.6806228
