event_sleeping_wait_all:
  end: 1685666708.5392818
  start: 1685666657.7475674
