event_sleeping_wait_all:
  end: 1685666606.056098
  start: 1685666462.6368237
