event_sleeping_wait_all:
  end: 1685667208.5719974
  start: 1685666760.1651025
