event_sleeping_wait_all:
  end: 1685666411.0360239
  start: 1685666175.2041397
