event_sleeping_wait_all:
  end: 1685667311.0424552
  start: 1685667260.2535124
