event_sleeping_wait_all:
  end: 1685666123.521815
  start: 1685666090.1490777
