event_sleeping:
  end: 1685665843.5160317
  start: 1685665751.001138
