event_sleeping_wait_all:
  end: 1685666038.4920747
  start: 1685665895.227019
