event_sleeping:
  end: 1685665843.5839036
  start: 1685665751.000179
