event_sleeping_wait_all:
  end: 1685667191.0801618
  start: 1685667065.232707
