event_sleeping_wait_all:
  end: 1685667506.0121143
  start: 1685667345.1758046
