event_sleeping_wait_all:
  end: 1685666818.588039
  start: 1685666480.195133
