event_sleeping_wait_all:
  end: 1685666428.5080917
  start: 1685666072.7366805
