event_sleeping_wait_all:
  end: 1685667293.5440853
  start: 1685667242.719122
