event_sleeping_wait_all:
  end: 1685667013.5883424
  start: 1685666870.2339456
