event_sleeping_wait_all:
  end: 1685666021.0840814
  start: 1685665895.1884499
