event_sleeping_wait_all:
  end: 1685666531.0252938
  start: 1685665997.6246543
