event_sleeping_wait_all:
  end: 1685666726.0885446
  start: 1685666582.6583457
