event_sleeping_wait_all:
  end: 1685665946.0401604
  start: 1685665895.1881626
