event_sleeping:
  end: 1685665843.584213
  start: 1685665751.000843
