event_sleeping_wait_all:
  end: 1685667581.0520139
  start: 1685667345.1760318
