event_sleeping_wait_all:
  end: 1685667293.5878558
  start: 1685666777.723391
