event_sleeping:
  end: 1685666568.540102
  start: 1685666429.282422
