event_sleeping_wait_all:
  end: 1685667543.5842066
  start: 1685667400.579742
