event_sleeping:
  end: 1685667348.5400357
  start: 1685667205.5985718
