event_sleeping:
  end: 1685666958.550983
  start: 1685666815.6103163
