event_sleeping:
  end: 1685667153.5604398
  start: 1685667010.5852525
