event_sleeping:
  end: 1685665788.5294118
  start: 1685665750.9983232
