event_sleeping:
  end: 1685666373.5884426
  start: 1685666035.6229477
