event_sleeping:
  end: 1685665983.5884078
  start: 1685665840.311957
