event_sleeping:
  end: 1685666763.5878599
  start: 1685666620.635294
