event_sleeping:
  end: 1685655998.064099
  start: 1685655745.11399
