event_sleeping_wait_all:
  end: 1685658050.5825415
  start: 1685658000.084933
