event_sleeping_wait_all:
  end: 1685657948.1460392
  start: 1685657804.9747534
