event_sleeping:
  end: 1685656295.5801582
  start: 1685656135.013821
