event_sleeping:
  end: 1685656083.079872
  start: 1685656049.9819796
