event_sleeping:
  end: 1685655693.1571717
  start: 1685655515.560031
