event_sleeping_wait_all:
  end: 1685656955.6562486
  start: 1685656542.568265
