event_sleeping_wait_all:
  end: 1685657753.0969563
  start: 1685657220.0887036
