event_sleeping_wait_all:
  end: 1685656490.5849426
  start: 1685656347.5346036
