event_sleeping_wait_all:
  end: 1685657168.1509123
  start: 1685657007.5708656
