event_sleeping_wait_all:
  end: 1685656685.6094065
  start: 1685656422.3516052
