event_sleeping_wait_all:
  end: 1685656083.1480136
  start: 1685655744.8264883
