event_sleeping_wait_all:
  end: 1685657465.6014123
  start: 1685657414.702224
