event_sleeping_wait_all:
  end: 1685656370.6511455
  start: 1685656134.7865093
