event_sleeping:
  end: 1685655693.148021
  start: 1685655567.272767
