event_sleeping_wait_all:
  end: 1685657363.0841181
  start: 1685657127.2911704
