event_sleeping_wait_all:
  end: 1685657855.6506944
  start: 1685657517.251226
