event_sleeping_wait_all:
  end: 1685657075.6508877
  start: 1685656737.241525
