event_sleeping:
  end: 1685655515.5593503
  start: 1685655515.5592551
