event_sleeping_wait_all:
  end: 1685657058.0759907
  start: 1685657024.7444868
