event_sleeping_wait_all:
  end: 1685657540.5806744
  start: 1685657397.336975
