event_sleeping_wait_all:
  end: 1685658050.648063
  start: 1685657804.82389
