event_sleeping_wait_all:
  end: 1685657753.148064
  start: 1685657592.2429128
