event_sleeping_wait_all:
  end: 1685655888.0921555
  start: 1685655837.235247
