event_sleeping_wait_all:
  end: 1685656473.054654
  start: 1685656439.7593572
