event_sleeping:
  end: 1685655608.132063
  start: 1685655515.5587723
