event_sleeping_wait_all:
  end: 1685657345.6236603
  start: 1685657109.6997876
