event_sleeping_wait_all:
  end: 1685656973.106177
  start: 1685656524.753864
