event_sleeping_wait_all:
  end: 1685656193.1481423
  start: 1685655939.757951
