event_sleeping:
  end: 1685655785.570412
  start: 1685655659.8096795
