event_sleeping_wait_all:
  end: 1685656388.0807002
  start: 1685656244.7938056
