event_sleeping:
  end: 1685655590.628882
  start: 1685655515.559512
