event_sleeping_wait_all:
  end: 1685657540.6479037
  start: 1685657304.79687
