event_sleeping_wait_all:
  end: 1685656955.6241033
  start: 1685656829.7403293
