event_sleeping_wait_all:
  end: 1685657930.649833
  start: 1685657694.7452188
