event_sleeping_wait_all:
  end: 1685655803.1512153
  start: 1685655642.295957
