event_sleeping_wait_all:
  end: 1685657075.5529974
  start: 1685657007.283072
