event_sleeping_wait_all:
  end: 1685657253.151109
  start: 1685657127.2057397
