event_sleeping_wait_all:
  end: 1685656193.147881
  start: 1685655854.8006754
