event_sleeping_wait_all:
  end: 1685656583.132121
  start: 1685656244.7942946
