event_sleeping_wait_all:
  end: 1685657643.1000047
  start: 1685657592.3105865
