event_sleeping_wait_all:
  end: 1685656778.1160789
  start: 1685656634.8127322
