event_sleeping:
  end: 1685657660.5521388
  start: 1685657609.7310946
