event_sleeping:
  end: 1685655693.0719714
  start: 1685655659.726478
