event_sleeping:
  end: 1685657363.148096
  start: 1685657109.7128332
