event_sleeping:
  end: 1685656473.155276
  start: 1685656329.720784
