event_sleeping:
  end: 1685656278.1281283
  start: 1685655744.6756387
