event_sleeping:
  end: 1685657058.1480093
  start: 1685656524.7497199
