event_sleeping:
  end: 1685657558.1398475
  start: 1685657414.715931
