event_sleeping:
  end: 1685655608.1323526
  start: 1685655515.5598373
