event_sleeping_wait_all:
  end: 1685657893.084179
  start: 1685657750.1378977
