event_sleeping:
  end: 1685656723.1507978
  start: 1685656580.089627
