event_sleeping:
  end: 1685657308.052045
  start: 1685657165.058153
