event_sleeping:
  end: 1685655748.1505644
  start: 1685655605.1582818
