event_sleeping:
  end: 1685657698.0840764
  start: 1685657555.1680355
