event_sleeping:
  end: 1685655553.091175
  start: 1685655515.5566635
