event_sleeping:
  end: 1685656138.1281312
  start: 1685655800.224882
