event_sleeping:
  end: 1685657113.0520384
  start: 1685656970.195692
