event_sleeping:
  end: 1685656528.0599263
  start: 1685656385.2082372
