event_sleeping:
  end: 1685657503.100126
  start: 1685657360.1165931
