event_sleeping:
  end: 1685656918.1479676
  start: 1685656775.2180376
