event_sleeping_wait_all:
  end: 1685658088.0601842
  start: 1685657945.0890613
