event_sleeping:
  end: 1685656333.1000504
  start: 1685656190.1337605
