event_sleeping_wait_all:
  end: 1683120581.7844913
  start: 1683120530.9769318
