event_sleeping_wait_all:
  end: 1683120479.2519655
  start: 1683120243.3600893
