event_sleeping_wait_all:
  end: 1683120191.7596533
  start: 1683119945.9991736
