event_sleeping_wait_all:
  end: 1683119309.3386524
  start: 1683119148.4237719
