event_sleeping:
  end: 1683119096.8098183
  start: 1683119021.7394054
