event_sleeping_wait_all:
  end: 1683119894.288034
  start: 1683119640.9796493
