event_sleeping_wait_all:
  end: 1683119589.2854428
  start: 1683119463.49264
