event_sleeping_wait_all:
  end: 1683119411.7834585
  start: 1683119360.975461
