event_sleeping_wait_all:
  end: 1683120284.331598
  start: 1683119945.9996088
