event_sleeping_wait_all:
  end: 1683121259.3116348
  start: 1683121005.993978
