event_sleeping:
  end: 1683119309.3313568
  start: 1683119165.9125776
