event_sleeping_wait_all:
  end: 1683120954.3313746
  start: 1683120633.3824782
