event_sleeping_wait_all:
  end: 1683119894.288393
  start: 1683119658.5684216
