event_sleeping_wait_all:
  end: 1683120479.2394936
  start: 1683120335.9588792
