event_sleeping_wait_all:
  end: 1683120581.7837415
  start: 1683120530.9762766
