event_sleeping:
  end: 1683119606.8315997
  start: 1683119360.976155
