event_sleeping:
  end: 1683119114.279797
  start: 1683119021.7411993
