event_sleeping_wait_all:
  end: 1683119589.285074
  start: 1683119538.721432
