event_sleeping_wait_all:
  end: 1683119979.2475266
  start: 1683119946.2044263
