event_sleeping_wait_all:
  end: 1683121064.2515676
  start: 1683120531.285974
