event_sleeping:
  end: 1683119199.242648
  start: 1683119078.36221
