event_sleeping:
  end: 1683119021.7416596
  start: 1683119021.741611
