event_sleeping_wait_all:
  end: 1683119894.2876487
  start: 1683119641.2223172
