event_sleeping_wait_all:
  end: 1683120284.242781
  start: 1683120031.1983633
