event_sleeping_wait_all:
  end: 1683121241.8348923
  start: 1683121116.1667507
