event_sleeping_wait_all:
  end: 1683119486.8276856
  start: 1683119251.1965706
