event_sleeping_wait_all:
  end: 1683120479.2517374
  start: 1683120336.1540823
