event_sleeping:
  end: 1683119486.7355585
  start: 1683119165.8573759
