event_sleeping_wait_all:
  end: 1683120089.3314111
  start: 1683119835.8701541
