event_sleeping_wait_all:
  end: 1683119784.2396047
  start: 1683119538.370486
