event_sleeping_wait_all:
  end: 1683120581.7435358
  start: 1683120335.9425266
