event_sleeping:
  end: 1683119114.279412
  start: 1683119021.7430837
