event_sleeping_wait_all:
  end: 1683120284.3322062
  start: 1683120141.0343099
