event_sleeping_wait_all:
  end: 1683119699.3346963
  start: 1683119463.4913502
