event_sleeping_wait_all:
  end: 1683121259.3422413
  start: 1683120920.9982276
