event_sleeping_wait_all:
  end: 1683120089.3317566
  start: 1683119835.8814876
