event_sleeping_wait_all:
  end: 1683119784.274784
  start: 1683119751.0387866
