event_sleeping:
  end: 1683119199.2804053
  start: 1683119165.9103615
