event_sleeping_wait_all:
  end: 1683120869.3353434
  start: 1683120141.0387077
