event_sleeping:
  end: 1683119114.2355473
  start: 1683119021.7468412
