event_sleeping:
  end: 1683119411.8314157
  start: 1683119250.934145
