event_sleeping_wait_all:
  end: 1683121361.7855916
  start: 1683121311.0553784
