event_sleeping:
  end: 1683119449.3316846
  start: 1683119110.8673804
