event_sleeping:
  end: 1683119644.3349087
  start: 1683119501.0164042
