event_sleeping_wait_all:
  end: 1683121009.295446
  start: 1683120670.9239044
