event_sleeping_wait_all:
  end: 1683121399.3156939
  start: 1683121255.7775605
