event_sleeping:
  end: 1683119059.2721922
  start: 1683119021.7383242
