event_sleeping_wait_all:
  end: 1683121204.2395208
  start: 1683121060.8795338
