event_sleeping_wait_all:
  end: 1683120229.3315802
  start: 1683119695.9124498
