event_sleeping_wait_all:
  end: 1683120619.3314695
  start: 1683120280.9618092
