event_sleeping_wait_all:
  end: 1683058999.9096491
  start: 1683058966.593776
