event_sleeping_wait_all:
  end: 1683057727.4755788
  start: 1683057509.0725627
