event_sleeping_wait_all:
  end: 1683058024.907365
  start: 1683057991.6525192
