event_sleeping_wait_all:
  end: 1683057067.4892771
  start: 1683056924.1579585
