event_sleeping_wait_all:
  end: 1683058627.4756804
  start: 1683058484.077738
