event_sleeping_wait_all:
  end: 1683056872.4767714
  start: 1683056729.0763497
