event_sleeping:
  end: 1683056464.8955672
  start: 1683056074.8819704
