event_sleeping_wait_all:
  end: 1683059872.381727
  start: 1683058856.6346056
