event_sleeping_wait_all:
  end: 1683056287.4395585
  start: 1683056126.6114104
