event_sleeping_wait_all:
  end: 1683057744.9754353
  start: 1683057491.6005805
