event_sleeping_wait_all:
  end: 1683058414.9768076
  start: 1683058271.554003
