event_sleeping_wait_all:
  end: 1683058219.8875797
  start: 1683058094.1391265
