event_sleeping:
  end: 1683056074.8843148
  start: 1683056074.884296
