event_sleeping_wait_all:
  end: 1683057439.9755113
  start: 1683057119.4432132
