event_sleeping_wait_all:
  end: 1683058702.4771037
  start: 1683058576.876783
