event_sleeping_wait_all:
  end: 1683056752.477638
  start: 1683056126.6112282
