event_sleeping_wait_all:
  end: 1683057727.3968616
  start: 1683057491.9028912
