event_sleeping_wait_all:
  end: 1683058024.923557
  start: 1683057974.3682153
