event_sleeping_wait_all:
  end: 1683060559.907296
  start: 1683060526.5852284
