event_sleeping_wait_all:
  end: 1683056854.9755268
  start: 1683056711.5132105
