event_sleeping_wait_all:
  end: 1683060474.9753356
  start: 1683060331.6734312
