event_sleeping_wait_all:
  end: 1683058312.4637778
  start: 1683058169.1835485
