event_sleeping_wait_all:
  end: 1683056464.9753723
  start: 1683056219.0320709
