event_sleeping_wait_all:
  end: 1683058627.407713
  start: 1683058559.070583
