event_sleeping:
  end: 1683056167.423392
  start: 1683056074.8803344
