event_sleeping_wait_all:
  end: 1683057049.9767637
  start: 1683056906.608265
