event_sleeping_wait_all:
  end: 1683056659.8876135
  start: 1683056516.7000527
