event_sleeping_wait_all:
  end: 1683059779.9073892
  start: 1683059746.5083034
