event_sleeping_wait_all:
  end: 1683056964.9436433
  start: 1683056516.5293908
