event_sleeping_wait_all:
  end: 1683057354.975516
  start: 1683057119.084328
