event_sleeping:
  end: 1683056519.8969493
  start: 1683056376.5252938
