event_sleeping:
  end: 1683057884.9766843
  start: 1683057741.6154537
