event_sleeping_wait_all:
  end: 1683060809.9764988
  start: 1683060666.5182362
