event_sleeping:
  end: 1683056324.9037125
  start: 1683056185.5010927
