event_sleeping:
  end: 1683057299.976573
  start: 1683057156.6077545
