event_sleeping:
  end: 1683058469.976795
  start: 1683058326.6954641
