event_sleeping_wait_all:
  end: 1683060614.9276135
  start: 1683060471.605973
