event_sleeping:
  end: 1683058274.9756024
  start: 1683058131.4608831
