event_sleeping:
  end: 1683057689.976897
  start: 1683057546.5962472
