event_sleeping_wait_all:
  end: 1683058859.9195583
  start: 1683058716.5822496
