event_sleeping:
  end: 1684825340.061922
  start: 1684824949.971781
