event_sleeping:
  end: 1684824949.9694872
  start: 1684824949.9692926
