event_sleeping:
  end: 1684824949.9690955
  start: 1684824949.9690053
