event_sleeping:
  end: 1684825042.4922476
  start: 1684824949.9673443
