event_sleeping:
  end: 1684824949.9687786
  start: 1684824949.9684672
