event_sleeping:
  end: 1684825005.0003266
  start: 1684824949.9656672
