event_sleeping:
  end: 1684825200.0607517
  start: 1684825072.9975102
