event_sleeping:
  end: 1684825395.0360324
  start: 1684825252.7796237
