event_sleeping_wait_all:
  end: 1683099285.0119913
  start: 1683099141.6949136
