event_sleeping_wait_all:
  end: 1683098895.0020797
  start: 1683098751.5541918
