event_sleeping_wait_all:
  end: 1683099954.9993465
  start: 1683099829.1271431
