event_sleeping_wait_all:
  end: 1683100539.9346607
  start: 1683100506.7251348
