event_sleeping:
  end: 1683098412.5020528
  start: 1683097861.5870373
