event_sleeping_wait_all:
  end: 1683099564.9996111
  start: 1683099421.7696579
