event_sleeping_wait_all:
  end: 1683099089.9996018
  start: 1683098946.6723628
