event_sleeping_wait_all:
  end: 1683101429.9995215
  start: 1683100981.636592
