event_sleeping_wait_all:
  end: 1683102192.503028
  start: 1683101761.602196
