event_sleeping_wait_all:
  end: 1683098699.9195879
  start: 1683098464.2133234
