event_sleeping_wait_all:
  end: 1683100844.9116766
  start: 1683100506.7243335
