event_sleeping:
  end: 1683097614.908213
  start: 1683097614.9081945
