event_sleeping_wait_all:
  end: 1683099462.4994817
  start: 1683099336.5920064
