event_sleeping_wait_all:
  end: 1683099564.952323
  start: 1683099514.5364838
