event_sleeping_wait_all:
  end: 1683098784.911631
  start: 1683098734.2144742
