event_sleeping_wait_all:
  end: 1683099072.4994166
  start: 1683098836.5299425
