event_sleeping_wait_all:
  end: 1683100064.9998066
  start: 1683099811.621428
