event_sleeping_wait_all:
  end: 1683100362.4995248
  start: 1683100116.8890173
