event_sleeping:
  end: 1683099089.9070842
  start: 1683098641.9219344
