event_sleeping:
  end: 1683098199.999523
  start: 1683097861.8761458
