event_sleeping:
  end: 1683099480.0019035
  start: 1683099244.4597597
