event_sleeping_wait_all:
  end: 1683099759.9314387
  start: 1683099726.9329035
