event_sleeping:
  end: 1683098505.002394
  start: 1683098056.6149325
