event_sleeping_wait_all:
  end: 1683101337.4955778
  start: 1683101091.6457868
