event_sleeping:
  end: 1683099089.9075007
  start: 1683098641.5669875
