event_sleeping_wait_all:
  end: 1683100734.9993842
  start: 1683100506.6963754
