event_sleeping:
  end: 1683099369.934949
  start: 1683099336.602867
