event_sleeping:
  end: 1683098004.9603417
  start: 1683097614.9478452
