event_sleeping_wait_all:
  end: 1683100260.0017574
  start: 1683100116.5255826
