event_sleeping:
  end: 1683098589.9352133
  start: 1683098556.6300762
