event_sleeping_wait_all:
  end: 1683101040.0020683
  start: 1683100786.6441836
