event_sleeping_wait_all:
  end: 1683099462.4867032
  start: 1683099124.168652
