event_sleeping:
  end: 1683098114.979695
  start: 1683097861.6545444
