event_sleeping:
  end: 1683098394.9313676
  start: 1683098361.6531503
