event_sleeping_wait_all:
  end: 1683099777.4996126
  start: 1683099514.261361
