event_sleeping_wait_all:
  end: 1683099954.9995494
  start: 1683099829.1342504
