event_sleeping_wait_all:
  end: 1683101922.5023375
  start: 1683101761.602062
