event_sleeping:
  end: 1683097809.9995162
  start: 1683097666.6198075
