event_sleeping_wait_all:
  end: 1683099072.4636984
  start: 1683098659.0917697
