event_sleeping:
  end: 1683098607.4095426
  start: 1683098446.5862277
