event_sleeping_wait_all:
  end: 1683100734.931315
  start: 1683100701.6793585
