event_sleeping_wait_all:
  end: 1683101375.002099
  start: 1683101036.533305
