event_sleeping_wait_all:
  end: 1683101764.999387
  start: 1683101426.5701303
