event_sleeping:
  end: 1683099034.9836257
  start: 1683098696.569198
