event_sleeping:
  end: 1683099619.9036372
  start: 1683099476.4940014
