event_sleeping:
  end: 1683100399.9837463
  start: 1683100256.5201933
