event_sleeping:
  end: 1683097669.9568684
  start: 1683097614.903849
