event_sleeping:
  end: 1683100204.999541
  start: 1683099866.5841408
