event_sleeping:
  end: 1683099230.0019395
  start: 1683099086.6047554
