event_sleeping:
  end: 1685742428.375881
  start: 1685742233.2879314
