event_sleeping:
  end: 1685742428.3754725
  start: 1685742296.549955
