event_sleeping:
  end: 1685742233.2902367
  start: 1685742233.2900352
