event_sleeping:
  end: 1685742308.356602
  start: 1685742233.2893274
