event_sleeping:
  end: 1685742308.3161325
  start: 1685742233.2896748
