event_sleeping:
  end: 1685742308.3559997
  start: 1685742233.2901964
