event_sleeping:
  end: 1685742465.8806307
  start: 1685742322.5223873
