event_sleeping:
  end: 1685742270.8159733
  start: 1685742233.2844162
