event_sleeping:
  end: 1685744652.3880975
  start: 1685744474.8578353
