event_sleeping:
  end: 1685744474.8516343
  start: 1685744474.8515248
