event_sleeping:
  end: 1685744652.4398746
  start: 1685744538.14799
