event_sleeping:
  end: 1685744567.4200802
  start: 1685744474.8525152
