event_sleeping:
  end: 1685744549.9223962
  start: 1685744474.8573635
