event_sleeping:
  end: 1685744567.4330776
  start: 1685744474.8540595
