event_sleeping:
  end: 1685744512.3836744
  start: 1685744474.8500285
