event_sleeping:
  end: 1685744707.4118657
  start: 1685744564.0707705
