event_sleeping_wait_all:
  end: 1685695783.864178
  start: 1685695370.822381
