event_sleeping_wait_all:
  end: 1685695318.8679276
  start: 1685695175.8383403
