event_sleeping:
  end: 1685694521.3680556
  start: 1685694326.2781527
