event_sleeping:
  end: 1685695123.8377256
  start: 1685694986.7996752
