event_sleeping:
  end: 1685694826.3001597
  start: 1685694573.3149278
