event_sleeping:
  end: 1685694928.7981162
  start: 1685694878.239468
