event_sleeping:
  end: 1685694538.8121405
  start: 1685694377.940023
