event_sleeping_wait_all:
  end: 1685695886.3697128
  start: 1685695547.9785976
