event_sleeping_wait_all:
  end: 1685695216.342674
  start: 1685694980.5543764
