event_sleeping:
  end: 1685694928.8678603
  start: 1685694599.5917919
