event_sleeping:
  end: 1685694326.2773087
  start: 1685694326.2770128
