event_sleeping_wait_all:
  end: 1685695496.283947
  start: 1685695267.9853537
