event_sleeping_wait_all:
  end: 1685696173.7881565
  start: 1685695938.0134034
