event_sleeping:
  end: 1685694716.3028562
  start: 1685694682.9526796
