event_sleeping:
  end: 1685694436.2760732
  start: 1685694326.2779741
