event_sleeping_wait_all:
  end: 1685695318.7761252
  start: 1685695250.4553797
