event_sleeping_wait_all:
  end: 1685695198.780112
  start: 1685695055.5128827
