event_sleeping_wait_all:
  end: 1685695801.3080776
  start: 1685695370.3862824
