event_sleeping:
  end: 1685694631.2921114
  start: 1685694487.9137492
