event_sleeping:
  end: 1685695003.8502054
  start: 1685694768.00745
