event_sleeping_wait_all:
  end: 1685695903.8204935
  start: 1685695852.975708
