event_sleeping_wait_all:
  end: 1685695588.8361182
  start: 1685695462.9665084
