event_sleeping_wait_all:
  end: 1685695021.276082
  start: 1685694682.9649127
