event_sleeping_wait_all:
  end: 1685694631.2924604
  start: 1685694470.5499465
