event_sleeping_wait_all:
  end: 1685695411.3280709
  start: 1685695072.9436584
