event_sleeping:
  end: 1685694418.860133
  start: 1685694326.278272
