event_sleeping:
  end: 1685695318.8090765
  start: 1685695157.9439101
