event_sleeping_wait_all:
  end: 1685695886.369362
  start: 1685695370.3722823
