event_sleeping_wait_all:
  end: 1685696386.30407
  start: 1685696242.9131875
