event_sleeping:
  end: 1685695106.31303
  start: 1685694572.885318
