event_sleeping_wait_all:
  end: 1685696666.2720492
  start: 1685696522.8813798
