event_sleeping:
  end: 1685694436.3702092
  start: 1685694326.2776365
