event_sleeping_wait_all:
  end: 1685696191.2760031
  start: 1685695937.9616551
