event_sleeping_wait_all:
  end: 1685696953.8001797
  start: 1685696717.9033499
