event_sleeping_wait_all:
  end: 1685696471.3030474
  start: 1685696437.9218838
