event_sleeping_wait_all:
  end: 1685696331.3651695
  start: 1685696188.3030071
