event_sleeping_wait_all:
  end: 1685696916.347968
  start: 1685696773.3958566
