event_sleeping:
  end: 1685694966.3693058
  start: 1685694628.3860726
