event_sleeping:
  end: 1685695161.3240662
  start: 1685695018.4149382
