event_sleeping_wait_all:
  end: 1685695941.3679597
  start: 1685695798.3603816
