event_sleeping:
  end: 1685695356.2761045
  start: 1685695213.351149
