event_sleeping:
  end: 1685694381.3180656
  start: 1685694326.273424
