event_sleeping:
  end: 1685694576.3695214
  start: 1685694433.3270013
