event_sleeping_wait_all:
  end: 1685696136.28807
  start: 1685695993.3468063
