event_sleeping_wait_all:
  end: 1685696721.3694851
  start: 1685696578.4088511
