event_sleeping_wait_all:
  end: 1685695551.3393552
  start: 1685695408.303012
