event_sleeping_wait_all:
  end: 1685695746.3199484
  start: 1685695603.3785846
