event_sleeping_wait_all:
  end: 1685696526.3641088
  start: 1685696383.386418
