event_sleeping:
  end: 1685374023.1961575
  start: 1685373879.3128934
