event_sleeping:
  end: 1685374820.70128
  start: 1685374659.2770612
