event_sleeping:
  end: 1685376770.701032
  start: 1685376626.777813
