event_sleeping:
  end: 1685376575.6935196
  start: 1685376321.7876704
