event_sleeping:
  end: 1685374608.2006423
  start: 1685374074.264038
