event_sleeping:
  end: 1685373828.2000911
  start: 1685373396.7611578
