event_sleeping:
  end: 1685372955.6350029
  start: 1685372921.8129926
