event_sleeping:
  end: 1685372870.6938448
  start: 1685372635.25052
