event_sleeping:
  end: 1685375898.1320825
  start: 1685375261.7682083
