event_sleeping:
  end: 1685373150.7012956
  start: 1685373006.7153924
