event_sleeping:
  end: 1685373345.6533787
  start: 1685373201.8038142
