event_sleeping:
  end: 1685376270.7175806
  start: 1685376126.8016367
