event_sleeping:
  end: 1685372583.1609817
  start: 1685372388.112388
