event_sleeping:
  end: 1685375210.6521277
  start: 1685374956.7096531
