event_sleeping:
  end: 1685376075.7015948
  start: 1685375949.2338943
