event_sleeping:
  end: 1685374905.6350353
  start: 1685374871.7771146
