event_sleeping:
  end: 1685374320.6355274
  start: 1685374286.4056053
