event_sleeping:
  end: 1685376093.1082892
  start: 1685376041.5493565
