event_sleeping:
  end: 1685375295.6645381
  start: 1685375151.4031198
