event_sleeping:
  end: 1685372955.7000175
  start: 1685372616.4642794
