event_sleeping:
  end: 1685373260.7014136
  start: 1685373006.483516
