event_sleeping:
  end: 1685375100.6040823
  start: 1685374778.989926
