event_sleeping:
  end: 1685375795.6295836
  start: 1685375634.0539086
