event_sleeping:
  end: 1685372388.1072555
  start: 1685372388.1072094
