event_sleeping:
  end: 1685374235.6043591
  start: 1685373999.0284638
