event_sleeping:
  end: 1685373948.2002513
  start: 1685373591.4735565
