event_sleeping:
  end: 1685375990.7011049
  start: 1685375846.4569004
