event_sleeping:
  end: 1685374728.1561928
  start: 1685374371.4293494
