event_sleeping:
  end: 1685372565.660073
  start: 1685372438.8915963
