event_sleeping:
  end: 1685376558.2013402
  start: 1685376321.5135574
