event_sleeping:
  end: 1685375583.196013
  start: 1685375346.4669714
