event_sleeping:
  end: 1685376948.2011635
  start: 1685376711.438426
