event_sleeping:
  end: 1685376660.6528752
  start: 1685376608.980092
