event_sleeping:
  end: 1685376270.6840785
  start: 1685376143.90867
