event_sleeping:
  end: 1685376770.7013133
  start: 1685375736.4397345
