event_sleeping:
  end: 1685374923.1482315
  start: 1685374659.0056596
