event_sleeping:
  end: 1685374608.2013717
  start: 1685374481.3982642
