event_sleeping:
  end: 1685374430.6175776
  start: 1685374286.5005262
