event_sleeping:
  end: 1685373243.16888
  start: 1685373099.0292282
