event_sleeping:
  end: 1685372480.6961813
  start: 1685372388.1057985
