event_sleeping:
  end: 1685375600.7009532
  start: 1685375151.4121635
