event_sleeping:
  end: 1685375685.6434562
  start: 1685375651.4919932
