event_sleeping:
  end: 1685372760.6353495
  start: 1685372726.4907973
