event_sleeping:
  end: 1685374235.6999972
  start: 1685373998.9681306
