event_sleeping:
  end: 1685375100.6043808
  start: 1685374973.9497387
