event_sleeping:
  end: 1685373345.6530802
  start: 1685373293.9676738
