event_sleeping:
  end: 1685373948.1102364
  start: 1685373896.4924173
