event_sleeping:
  end: 1685373048.201435
  start: 1685372811.4368627
