event_sleeping:
  end: 1685373845.692149
  start: 1685373396.4985702
