event_sleeping:
  end: 1685372675.693239
  start: 1685372531.5307949
