event_sleeping:
  end: 1685373065.6921673
  start: 1685372709.0065095
