event_sleeping:
  end: 1685376380.6932495
  start: 1685376126.5085347
