event_sleeping:
  end: 1685376075.701306
  start: 1685375846.437915
