event_sleeping:
  end: 1685374998.2013714
  start: 1685374871.5510988
