event_sleeping:
  end: 1685373455.7012737
  start: 1685373116.4728825
