event_sleeping:
  end: 1685375405.701079
  start: 1685375049.003341
