event_sleeping:
  end: 1685374515.662718
  start: 1685374464.024338
