event_sleeping:
  end: 1685374413.2014556
  start: 1685374193.9665606
