event_sleeping:
  end: 1685372480.6650877
  start: 1685372388.1111434
