event_sleeping:
  end: 1685377160.6531756
  start: 1685376431.4855647
