event_sleeping:
  end: 1685372658.2013752
  start: 1685372531.4403431
