event_sleeping:
  end: 1685374820.7009788
  start: 1685374566.4742434
