event_sleeping:
  end: 1685375795.6299312
  start: 1685375558.943074
