event_sleeping:
  end: 1685375508.152464
  start: 1685375456.5169795
