event_sleeping:
  end: 1685373930.6527393
  start: 1685373879.0057528
