event_sleeping:
  end: 1685373828.2010124
  start: 1685373701.464456
