event_sleeping:
  end: 1685373650.6520977
  start: 1685373506.5053403
