event_sleeping:
  end: 1685374143.1640708
  start: 1685373981.464038
