event_sleeping:
  end: 1685373363.1912313
  start: 1685373218.9063437
