event_sleeping:
  end: 1685374430.6178315
  start: 1685374268.9229856
