event_sleeping:
  end: 1685373930.7000415
  start: 1685373413.9276938
