event_sleeping:
  end: 1685374515.6353176
  start: 1685374481.4037135
