event_sleeping:
  end: 1685374710.701371
  start: 1685374566.375461
