event_sleeping:
  end: 1685375685.611327
  start: 1685375346.4663472
