event_sleeping:
  end: 1685376965.6999059
  start: 1685376728.9220428
