event_sleeping:
  end: 1685375015.617178
  start: 1685374761.4383063
