event_sleeping:
  end: 1685375295.6998906
  start: 1685375066.3418818
