event_sleeping:
  end: 1685376558.2019825
  start: 1685376431.3331769
