event_sleeping:
  end: 1685376075.701024
  start: 1685375736.3424337
