event_sleeping:
  end: 1685376380.6041217
  start: 1685376126.4618046
