event_sleeping:
  end: 1685374218.2012408
  start: 1685373981.4175093
