event_sleeping:
  end: 1685372583.1520934
  start: 1685372531.4208865
