event_sleeping:
  end: 1685373168.1622133
  start: 1685372633.8976567
