event_sleeping:
  end: 1685372480.6970954
  start: 1685372388.111361
