event_sleeping:
  end: 1685376678.1702955
  start: 1685376608.9741185
