event_sleeping:
  end: 1685373595.7009046
  start: 1685373451.800551
