event_sleeping:
  end: 1685374375.701486
  start: 1685374252.028034
