event_sleeping:
  end: 1685373985.6706076
  start: 1685373841.8137877
