event_sleeping:
  end: 1685375740.6040604
  start: 1685375596.8580103
