event_sleeping:
  end: 1685374180.701608
  start: 1685374036.7960804
