event_sleeping:
  end: 1685376130.6783187
  start: 1685375986.854298
