event_sleeping:
  end: 1685374570.701059
  start: 1685374426.8633168
