event_sleeping:
  end: 1685373400.6583972
  start: 1685373256.8453975
