event_sleeping:
  end: 1685375545.699936
  start: 1685375401.8437426
