event_sleeping:
  end: 1685373205.6920836
  start: 1685373061.8852124
