event_sleeping:
  end: 1685373790.701196
  start: 1685373646.812364
