event_sleeping:
  end: 1685374765.7014933
  start: 1685374621.8643334
