event_sleeping:
  end: 1685375350.7012322
  start: 1685375011.7976382
