event_sleeping:
  end: 1685373010.7012155
  start: 1685372671.805701
