event_sleeping:
  end: 1685376520.7012997
  start: 1685376181.8383813
