event_sleeping:
  end: 1685375935.7011843
  start: 1685375791.7838383
