event_sleeping:
  end: 1685376715.6285415
  start: 1685376571.834601
