event_sleeping:
  end: 1685372425.6412404
  start: 1685372388.1093037
