event_sleeping:
  end: 1685372620.626615
  start: 1685372476.483054
