event_sleeping:
  end: 1686232088.147552
  start: 1686231944.144165
