event_sleeping:
  end: 1686232748.147413
  start: 1686232604.250936
