event_sleeping:
  end: 1686232265.6508265
  start: 1686232139.2169738
