event_sleeping:
  end: 1686231893.0556743
  start: 1686231754.0865877
