event_sleeping:
  end: 1686231698.14765
  start: 1686231095.5630305
