event_sleeping:
  end: 1686231698.0875878
  start: 1686231646.7323897
