event_sleeping:
  end: 1686231875.647457
  start: 1686231749.1588793
