event_sleeping:
  end: 1686232570.6316545
  start: 1686231926.7220862
