event_sleeping:
  end: 1686231595.650398
  start: 1686231368.4669077
