event_sleeping:
  end: 1686231308.1474934
  start: 1686231095.5627592
