event_sleeping:
  end: 1686232943.1474514
  start: 1686232621.685537
