event_sleeping:
  end: 1686231400.6505294
  start: 1686231256.7253644
