event_sleeping:
  end: 1686232673.0636125
  start: 1686232621.737916
