event_sleeping:
  end: 1686232088.1154728
  start: 1686232019.1743853
