event_sleeping:
  end: 1686231968.083578
  start: 1686231824.2562423
