event_sleeping:
  end: 1686231773.1336045
  start: 1686231451.7208855
