event_sleeping:
  end: 1686231205.6076303
  start: 1686231095.5613453
