event_sleeping:
  end: 1686232570.6322055
  start: 1686232139.1328585
