event_sleeping:
  end: 1686232943.0596144
  start: 1686232724.1467805
