event_sleeping:
  end: 1686233138.1034667
  start: 1686232724.1460593
