event_sleeping:
  end: 1686231985.6475291
  start: 1686231536.656675
