event_sleeping:
  end: 1686231400.5515325
  start: 1686231239.1582386
