event_sleeping:
  end: 1686232673.1156037
  start: 1686232604.2502644
