event_sleeping:
  end: 1686232553.1504178
  start: 1686232409.1084623
