event_sleeping:
  end: 1686231485.58345
  start: 1686231451.6140041
