event_sleeping:
  end: 1686231188.0716357
  start: 1686231095.558511
