event_sleeping:
  end: 1686232358.0557141
  start: 1686232036.7244687
