event_sleeping:
  end: 1686232655.5841553
  start: 1686232621.6343615
