event_sleeping:
  end: 1686231875.65048
  start: 1686231146.5650508
