event_sleeping:
  end: 1686232570.631923
  start: 1686232316.6229165
