event_sleeping:
  end: 1686232088.1487093
  start: 1686231926.60065
