event_sleeping:
  end: 1686233045.5749726
  start: 1686232706.6005774
