event_sleeping:
  end: 1686232265.6076894
  start: 1686232139.0994308
