event_sleeping:
  end: 1686231095.562421
  start: 1686231095.5622947
