event_sleeping:
  end: 1686232710.6316588
  start: 1686232566.7345226
