event_sleeping:
  end: 1686231930.6504576
  start: 1686231786.7834125
