event_sleeping:
  end: 1686231735.6506557
  start: 1686231396.7875128
