event_sleeping:
  end: 1686232125.6115441
  start: 1686231981.7625077
