event_sleeping:
  end: 1686232515.650271
  start: 1686232371.6794102
