event_sleeping:
  end: 1686232320.6076648
  start: 1686232176.751807
