event_sleeping:
  end: 1686231150.6083024
  start: 1686231095.5559962
