event_sleeping:
  end: 1686231345.6508176
  start: 1686231201.4720266
