event_sleeping:
  end: 1683386560.3879654
  start: 1683386529.2122037
