event_sleeping:
  end: 1683385602.9555736
  start: 1683385445.1251922
