event_sleeping:
  end: 1683386187.8671665
  start: 1683385944.2331202
