event_sleeping:
  end: 1683387042.9567387
  start: 1683386614.1277776
