event_sleeping:
  end: 1683385890.4572942
  start: 1683385656.6954174
