event_sleeping:
  end: 1683386475.4300988
  start: 1683386241.6198587
