event_sleeping:
  end: 1683387450.4554849
  start: 1683387096.7035186
