event_sleeping:
  end: 1683385305.4555357
  start: 1683385148.8627026
