event_sleeping:
  end: 1683385092.931522
  start: 1683385017.8630438
