event_sleeping:
  end: 1683385390.3882456
  start: 1683385359.1584907
