event_sleeping:
  end: 1683387237.9554658
  start: 1683387004.2356353
