event_sleeping:
  end: 1683385602.956815
  start: 1683385359.1965194
