event_sleeping:
  end: 1683386577.9035108
  start: 1683386529.2051017
