event_sleeping:
  end: 1683387432.9471068
  start: 1683387291.8281853
