event_sleeping:
  end: 1683386262.9566588
  start: 1683385944.200313
