event_sleeping:
  end: 1683385110.4514904
  start: 1683385017.8641798
