event_sleeping:
  end: 1683386950.4572542
  start: 1683386631.6852226
