event_sleeping:
  end: 1683386475.429794
  start: 1683386316.698137
