event_sleeping:
  end: 1683385890.45546
  start: 1683385657.727069
