event_sleeping:
  end: 1683385305.45579
  start: 1683385170.6674693
