event_sleeping:
  end: 1683387255.4555695
  start: 1683387096.9970007
