event_sleeping:
  end: 1683385482.955447
  start: 1683385249.445479
