event_sleeping:
  end: 1683385195.4554706
  start: 1683385071.9155889
