event_sleeping:
  end: 1683385585.403408
  start: 1683385537.9194515
