event_sleeping:
  end: 1683385017.8646448
  start: 1683385017.8646252
