event_sleeping:
  end: 1683386475.4294796
  start: 1683386317.057152
