event_sleeping:
  end: 1683385890.457109
  start: 1683385639.4621694
