event_sleeping:
  end: 1683386262.956941
  start: 1683386029.424796
