event_sleeping:
  end: 1683387042.9555645
  start: 1683386529.5004745
