event_sleeping:
  end: 1683385975.3873801
  start: 1683385944.5364842
