event_sleeping:
  end: 1683387432.9567213
  start: 1683387309.4916034
