event_sleeping:
  end: 1683385092.9318323
  start: 1683385017.8644917
