event_sleeping:
  end: 1683387162.9058664
  start: 1683387114.2129824
