event_sleeping:
  end: 1683386560.4554608
  start: 1683386334.1730635
