event_sleeping:
  end: 1683387060.4554527
  start: 1683386614.199168
