event_sleeping:
  end: 1683385482.95596
  start: 1683385146.6612065
