event_sleeping:
  end: 1683387432.9568527
  start: 1683387216.6037884
