event_sleeping:
  end: 1683385780.435463
  start: 1683385537.748479
