event_sleeping:
  end: 1683386280.4248567
  start: 1683386139.1675975
