event_sleeping:
  end: 1683386085.4553683
  start: 1683385834.1783302
