event_sleeping:
  end: 1683385677.956877
  start: 1683385445.1292543
