event_sleeping:
  end: 1683387255.457073
  start: 1683386919.2656124
