event_sleeping:
  end: 1683387552.9115605
  start: 1683387411.664981
