event_sleeping:
  end: 1683385780.4034367
  start: 1683385731.7143764
