event_sleeping:
  end: 1683385390.4554489
  start: 1683385249.1748304
