event_sleeping:
  end: 1683386865.4578655
  start: 1683386139.2552416
