event_sleeping:
  end: 1683385195.387361
  start: 1683385164.0776494
