event_sleeping:
  end: 1683387357.8992565
  start: 1683387309.2047126
