event_sleeping:
  end: 1683385110.3827465
  start: 1683385017.8653483
