event_sleeping:
  end: 1683386085.3910627
  start: 1683385834.1836536
