event_sleeping:
  end: 1683387395.45738
  start: 1683387254.1728597
