event_sleeping:
  end: 1683386615.4396656
  start: 1683386279.1611679
