event_sleeping:
  end: 1683385445.399546
  start: 1683385109.0486858
