event_sleeping:
  end: 1683385055.3915575
  start: 1683385017.8603897
