event_sleeping:
  end: 1683387005.4555905
  start: 1683386669.1410122
