event_sleeping:
  end: 1683386225.455752
  start: 1683385694.1318684
