event_sleeping:
  end: 1683387200.455536
  start: 1683387059.1309116
