event_sleeping:
  end: 1683385640.4392307
  start: 1683385499.8899739
