event_sleeping:
  end: 1685552568.3400393
  start: 1685552315.2321522
