event_sleeping_wait_all:
  end: 1685559868.3440108
  start: 1685559640.2528102
