event_sleeping_wait_all:
  end: 1685556273.3764877
  start: 1685556020.2726333
