event_sleeping_wait_all:
  end: 1685558113.3001654
  start: 1685557885.3019164
