event_sleeping_wait_all:
  end: 1685556468.3763204
  start: 1685556325.352404
