event_sleeping_wait_all:
  end: 1685562403.3763044
  start: 1685561980.3581593
