event_sleeping_wait_all:
  end: 1685557248.376056
  start: 1685557105.3574326
