event_sleeping_wait_all:
  end: 1685562885.8521972
  start: 1685562760.3303683
