event_sleeping_wait_all:
  end: 1685554323.3760085
  start: 1685553790.2836323
