event_sleeping_wait_all:
  end: 1685561538.3760867
  start: 1685561395.27118
