event_sleeping_wait_all:
  end: 1685554908.376322
  start: 1685554672.7782648
