event_sleeping_wait_all:
  end: 1685558503.3090613
  start: 1685558470.2193973
