event_sleeping_wait_all:
  end: 1685560063.3719826
  start: 1685559920.2574818
