event_sleeping_wait_all:
  end: 1685557053.3812149
  start: 1685556715.243337
