event_sleeping_wait_all:
  end: 1685562708.3584845
  start: 1685562455.341428
