event_sleeping_wait_all:
  end: 1685554500.7882164
  start: 1685554375.3192909
