event_sleeping_wait_all:
  end: 1685557333.2799578
  start: 1685557300.3166733
