event_sleeping_wait_all:
  end: 1685554620.8021965
  start: 1685554552.7210288
