event_sleeping_wait_all:
  end: 1685558418.2904067
  start: 1685558165.21411
