event_sleeping_wait_all:
  end: 1685559588.2927914
  start: 1685559445.317437
