event_sleeping:
  end: 1685552263.2803006
  start: 1685552068.2876265
