event_sleeping_wait_all:
  end: 1685560368.3774712
  start: 1685560115.31475
