event_sleeping_wait_all:
  end: 1685557833.338727
  start: 1685557580.2718525
