event_sleeping_wait_all:
  end: 1685561343.2941868
  start: 1685561200.2198873
