event_sleeping_wait_all:
  end: 1685556663.3565757
  start: 1685556520.3134103
