event_sleeping_wait_all:
  end: 1685553543.3765597
  start: 1685553095.2730613
