event_sleeping_wait_all:
  end: 1685559393.3401086
  start: 1685559055.2953076
