event_sleeping_wait_all:
  end: 1685553738.3641405
  start: 1685553595.382345
