event_sleeping_wait_all:
  end: 1685560843.3089588
  start: 1685560810.2753046
