event_sleeping_wait_all:
  end: 1685561623.3092651
  start: 1685561590.315354
