event_sleeping:
  end: 1685552670.823884
  start: 1685552620.311455
