event_sleeping_wait_all:
  end: 1685555773.3758948
  start: 1685555647.8263657
