event_sleeping_wait_all:
  end: 1685559003.34989
  start: 1685558555.2906747
