event_sleeping:
  end: 1685552865.820154
  start: 1685552728.7860966
