event_sleeping_wait_all:
  end: 1685561148.2840862
  start: 1685560895.2203193
