event_sleeping_wait_all:
  end: 1685555595.8762558
  start: 1685554960.3429751
