event_sleeping_wait_all:
  end: 1685555968.3240306
  start: 1685555825.2549303
