event_sleeping_wait_all:
  end: 1685557528.3188922
  start: 1685557385.2589166
