event_sleeping_wait_all:
  end: 1685553043.3273842
  start: 1685552917.7583687
