event_sleeping_wait_all:
  end: 1685560758.335481
  start: 1685560420.3472579
