event_sleeping_wait_all:
  end: 1685561928.3760822
  start: 1685561675.2592487
