event_sleeping:
  end: 1685553238.2921119
  start: 1685553010.0692728
