event_sleeping:
  end: 1685552653.376225
  start: 1685552315.0068808
