event_sleeping:
  end: 1685552068.286142
  start: 1685552068.285754
