event_sleeping_wait_all:
  end: 1685557528.3760352
  start: 1685557299.9480703
