event_sleeping_wait_all:
  end: 1685555688.3761392
  start: 1685555544.9204257
