event_sleeping:
  end: 1685552958.3764992
  start: 1685552705.0974667
