event_sleeping_wait_all:
  end: 1685558205.8739676
  start: 1685557885.0531282
