event_sleeping:
  end: 1685553628.284315
  start: 1685553289.941836
