event_sleeping_wait_all:
  end: 1685555968.3120303
  start: 1685555824.9108968
