event_sleeping_wait_all:
  end: 1685554993.3400705
  start: 1685554850.0017147
