event_sleeping:
  end: 1685553915.8769503
  start: 1685553679.9320016
