event_sleeping_wait_all:
  end: 1685556358.3094122
  start: 1685556325.0368865
