event_sleeping_wait_all:
  end: 1685557248.2799675
  start: 1685557104.9975839
