event_sleeping_wait_all:
  end: 1685554408.2840445
  start: 1685554069.9964552
