event_sleeping:
  end: 1685552263.3759096
  start: 1685552119.943055
