event_sleeping_wait_all:
  end: 1685554798.346656
  start: 1685554459.9043894
