event_sleeping_wait_all:
  end: 1685557833.3398771
  start: 1685557580.037307
