event_sleeping_wait_all:
  end: 1685555298.3766265
  start: 1685555045.012446
