event_sleeping_wait_all:
  end: 1685554018.3269913
  start: 1685553967.5993786
