event_sleeping_wait_all:
  end: 1685555493.2761183
  start: 1685555350.0375981
