event_sleeping_wait_all:
  end: 1685556663.324123
  start: 1685556409.969231
