event_sleeping_wait_all:
  end: 1685557053.3721466
  start: 1685556714.9555383
