event_sleeping_wait_all:
  end: 1685556273.376133
  start: 1685556019.977005
