event_sleeping_wait_all:
  end: 1685555773.307938
  start: 1685555740.0321398
