event_sleeping_wait_all:
  end: 1685554798.3462815
  start: 1685554655.0329201
