event_sleeping_wait_all:
  end: 1685557545.7907312
  start: 1685557495.0389106
