event_sleeping_wait_all:
  end: 1685555383.3098052
  start: 1685555350.043661
