event_sleeping_wait_all:
  end: 1685554603.3762572
  start: 1685554357.4700427
