event_sleeping_wait_all:
  end: 1685554305.7882073
  start: 1685554180.0308304
