event_sleeping_wait_all:
  end: 1685556553.3079803
  start: 1685556520.0419602
