event_sleeping_wait_all:
  end: 1685557138.376083
  start: 1685556994.997386
