event_sleeping_wait_all:
  end: 1685554128.3809345
  start: 1685553967.5292504
