event_sleeping:
  end: 1685552178.3001487
  start: 1685552068.2848818
