event_sleeping:
  end: 1685552940.8762484
  start: 1685552815.0586488
