event_sleeping:
  end: 1685552458.309414
  start: 1685552425.077755
