event_sleeping_wait_all:
  end: 1685556943.3067155
  start: 1685556800.0739489
