event_sleeping_wait_all:
  end: 1685557443.3743992
  start: 1685557190.0560281
