event_sleeping_wait_all:
  end: 1685553915.8762147
  start: 1685553697.4848902
