event_sleeping:
  end: 1685552373.3761623
  start: 1685552229.947136
