event_sleeping:
  end: 1685552763.376044
  start: 1685552510.018457
