event_sleeping_wait_all:
  end: 1685556468.3759708
  start: 1685555434.9451897
