event_sleeping_wait_all:
  end: 1685553543.3761141
  start: 1685553094.9736118
