event_sleeping_wait_all:
  end: 1685553043.327093
  start: 1685552992.5592096
