event_sleeping_wait_all:
  end: 1685553645.7881196
  start: 1685553595.0365238
