event_sleeping_wait_all:
  end: 1685558205.7880685
  start: 1685557969.961808
