event_sleeping_wait_all:
  end: 1685555298.3762481
  start: 1685554850.0475855
