event_sleeping_wait_all:
  end: 1685557918.3078692
  start: 1685557884.9801288
