event_sleeping_wait_all:
  end: 1685556748.3754654
  start: 1685556604.9760635
