event_sleeping_wait_all:
  end: 1685557833.3080363
  start: 1685557597.4569416
