event_sleeping_wait_all:
  end: 1685554213.342267
  start: 1685554162.4935603
