event_sleeping_wait_all:
  end: 1685558028.2760456
  start: 1685557775.0395646
