event_sleeping:
  end: 1685553153.3081527
  start: 1685552815.0521827
