event_sleeping:
  end: 1685553330.8719122
  start: 1685553204.9864957
