event_sleeping_wait_all:
  end: 1685554695.7880917
  start: 1685554552.5780852
