event_sleeping_wait_all:
  end: 1685555188.3095903
  start: 1685555155.0223842
