event_sleeping_wait_all:
  end: 1685557443.372998
  start: 1685557104.9578712
