event_sleeping_wait_all:
  end: 1685557053.320123
  start: 1685556910.055732
