event_sleeping_wait_all:
  end: 1685554500.8760197
  start: 1685554264.9947727
