event_sleeping_wait_all:
  end: 1685553628.2840722
  start: 1685553595.064493
