event_sleeping_wait_all:
  end: 1685556858.3640647
  start: 1685556130.002281
