event_sleeping_wait_all:
  end: 1685554110.8280804
  start: 1685553875.019673
