event_sleeping_wait_all:
  end: 1685557723.3760035
  start: 1685557494.997021
