event_sleeping_wait_all:
  end: 1685555773.376147
  start: 1685555545.0505743
