event_sleeping_wait_all:
  end: 1685555103.3761508
  start: 1685554747.450127
