event_sleeping_wait_all:
  end: 1685558520.876369
  start: 1685558275.0628433
