event_sleeping_wait_all:
  end: 1685553823.324099
  start: 1685553679.9343073
