event_sleeping:
  end: 1685552763.3758526
  start: 1685552425.0281126
