event_sleeping:
  end: 1685552178.376128
  start: 1685552068.2874246
