event_sleeping_wait_all:
  end: 1685555493.3764539
  start: 1685555239.9945004
