event_sleeping_wait_all:
  end: 1685553543.3769958
  start: 1685553382.5662985
