event_sleeping:
  end: 1685552373.3765333
  start: 1685552229.9862013
