event_sleeping_wait_all:
  end: 1685558223.3759704
  start: 1685558079.9115937
