event_sleeping_wait_all:
  end: 1685556078.3200824
  start: 1685555825.0176291
