event_sleeping:
  end: 1685552178.3758743
  start: 1685552068.287262
