event_sleeping_wait_all:
  end: 1685561428.3760297
  start: 1685561284.9131298
