event_sleeping_wait_all:
  end: 1685557723.3090336
  start: 1685557689.9616203
