event_sleeping_wait_all:
  end: 1685559673.3764315
  start: 1685559529.9073327
