event_sleeping:
  end: 1685552263.280035
  start: 1685552229.9241335
