event_sleeping_wait_all:
  end: 1685561623.3760142
  start: 1685561479.9829345
