event_sleeping_wait_all:
  end: 1685560843.3093324
  start: 1685560809.9606311
