event_sleeping_wait_all:
  end: 1685557035.829944
  start: 1685556714.937175
