event_sleeping_wait_all:
  end: 1685560563.375976
  start: 1685560419.9427931
