event_sleeping:
  end: 1685552848.348097
  start: 1685552314.9103465
