event_sleeping:
  end: 1685554408.284399
  start: 1685554264.8895452
