event_sleeping_wait_all:
  end: 1685556078.3204713
  start: 1685555824.8994434
