event_sleeping:
  end: 1685553043.3825057
  start: 1685552899.985662
