event_sleeping_wait_all:
  end: 1685562105.8762767
  start: 1685561979.891655
