event_sleeping_wait_all:
  end: 1685561928.3160217
  start: 1685561674.9841683
