event_sleeping_wait_all:
  end: 1685561148.375971
  start: 1685560894.9246414
