event_sleeping:
  end: 1685554128.3481758
  start: 1685553984.966017
