event_sleeping:
  end: 1685554213.3095684
  start: 1685554179.9224231
