event_sleeping:
  end: 1685553628.3720644
  start: 1685553094.950332
