event_sleeping_wait_all:
  end: 1685556358.3097024
  start: 1685556307.4819837
