event_sleeping_wait_all:
  end: 1685555773.3171344
  start: 1685555434.9279287
