event_sleeping_wait_all:
  end: 1685560173.3320165
  start: 1685559919.9861252
