event_sleeping_wait_all:
  end: 1685556255.8373916
  start: 1685556129.9171693
