event_sleeping_wait_all:
  end: 1685557350.8758807
  start: 1685557189.8911605
