event_sleeping_wait_all:
  end: 1685558028.3720832
  start: 1685557774.8781369
