event_sleeping_wait_all:
  end: 1685559198.2961066
  start: 1685558859.9871273
