event_sleeping_wait_all:
  end: 1685560758.3767161
  start: 1685560614.9770718
