event_sleeping_wait_all:
  end: 1685556663.387222
  start: 1685556409.923255
