event_sleeping_wait_all:
  end: 1685559868.3795524
  start: 1685559724.9739363
