event_sleeping_wait_all:
  end: 1685557138.2782393
  start: 1685557087.4417737
