event_sleeping_wait_all:
  end: 1685555383.2999833
  start: 1685555044.9608681
