event_sleeping:
  end: 1685554695.8761706
  start: 1685554459.9027455
