event_sleeping_wait_all:
  end: 1685560368.3658433
  start: 1685560224.9166665
