event_sleeping_wait_all:
  end: 1685559283.3097405
  start: 1685559249.8687136
