event_sleeping:
  end: 1685553933.377095
  start: 1685553679.931111
