event_sleeping_wait_all:
  end: 1685559478.300091
  start: 1685559334.9567015
