event_sleeping_wait_all:
  end: 1685554993.376244
  start: 1685554747.4895403
