event_sleeping_wait_all:
  end: 1685557638.3763657
  start: 1685557402.437377
