event_sleeping_wait_all:
  end: 1685558808.376148
  start: 1685558079.9669845
