event_sleeping_wait_all:
  end: 1685561233.2800374
  start: 1685561199.9987745
