event_sleeping:
  end: 1685553293.3761234
  start: 1685553150.379303
