event_sleeping:
  end: 1685553878.3765154
  start: 1685553735.3134885
