event_sleeping:
  end: 1685556608.3160853
  start: 1685556465.319038
