event_sleeping_wait_all:
  end: 1685561873.3762417
  start: 1685561340.3826878
