event_sleeping_wait_all:
  end: 1685562653.376279
  start: 1685562510.3310332
