event_sleeping_wait_all:
  end: 1685561288.37626
  start: 1685560950.35593
