event_sleeping:
  end: 1685556218.3759408
  start: 1685555880.4208045
