event_sleeping_wait_all:
  end: 1685562848.3764446
  start: 1685562705.4341888
