event_sleeping:
  end: 1685555828.3764563
  start: 1685555685.3476906
