event_sleeping_wait_all:
  end: 1685559143.3762536
  start: 1685559000.4269087
