event_sleeping:
  end: 1685556413.3010685
  start: 1685556270.3855634
