event_sleeping:
  end: 1685554073.284099
  start: 1685553930.4610739
