event_sleeping_wait_all:
  end: 1685560313.3401222
  start: 1685560170.371817
