event_sleeping_wait_all:
  end: 1685560898.325558
  start: 1685560365.3932748
