event_sleeping_wait_all:
  end: 1685562068.2841551
  start: 1685561925.3978815
