event_sleeping_wait_all:
  end: 1685562458.324026
  start: 1685562315.318163
