event_sleeping_wait_all:
  end: 1685559923.376151
  start: 1685559780.3234432
