event_sleeping:
  end: 1685558168.3280919
  start: 1685557635.3303056
