event_sleeping:
  end: 1685555633.34745
  start: 1685555490.409903
