event_sleeping_wait_all:
  end: 1685559338.364195
  start: 1685559195.4108336
