event_sleeping:
  end: 1685555048.3481147
  start: 1685554710.3808367
