event_sleeping:
  end: 1685552708.3761003
  start: 1685552370.3814912
