event_sleeping:
  end: 1685554268.3763738
  start: 1685554125.282868
