event_sleeping:
  end: 1685553098.358072
  start: 1685552955.4256573
