event_sleeping_wait_all:
  end: 1685559728.3160658
  start: 1685559585.355221
