event_sleeping_wait_all:
  end: 1685560118.3640628
  start: 1685559975.4288971
