event_sleeping_wait_all:
  end: 1685559533.3764124
  start: 1685559390.3619468
