event_sleeping:
  end: 1685552123.3342323
  start: 1685552068.2826092
