event_sleeping:
  end: 1685555243.3762305
  start: 1685555100.3649175
