event_sleeping:
  end: 1685554463.3561575
  start: 1685554320.4418828
