event_sleeping:
  end: 1685557388.3162575
  start: 1685557050.4470701
