event_sleeping:
  end: 1685553488.3560402
  start: 1685553345.378398
