event_sleeping_wait_all:
  end: 1685558558.3640914
  start: 1685558220.328936
