event_sleeping:
  end: 1685554658.3765073
  start: 1685554515.3689044
