event_sleeping:
  end: 1685552903.376349
  start: 1685552760.3648815
