event_sleeping_wait_all:
  end: 1685558948.359957
  start: 1685558610.3567426
