event_sleeping:
  end: 1685556803.3320765
  start: 1685556660.319166
