event_sleeping:
  end: 1685552318.3403468
  start: 1685552175.3385258
