event_sleeping_wait_all:
  end: 1685562263.3280282
  start: 1685562120.3082416
