event_sleeping:
  end: 1685555438.3763103
  start: 1685555295.3680656
