event_sleeping:
  end: 1685553683.292136
  start: 1685553540.3788779
