event_sleeping:
  end: 1685557583.320309
  start: 1685557440.3211577
