event_sleeping:
  end: 1685556998.372098
  start: 1685556855.3407528
