event_sleeping:
  end: 1685741854.3502052
  start: 1685741676.7744448
