event_sleeping:
  end: 1685741676.7731287
  start: 1685741676.7731078
