event_sleeping:
  end: 1685741854.3598807
  start: 1685741740.1182492
