event_sleeping:
  end: 1685741769.357821
  start: 1685741676.7733865
