event_sleeping:
  end: 1685741751.8363998
  start: 1685741676.773547
