event_sleeping:
  end: 1685741769.3575892
  start: 1685741676.7737818
