event_sleeping:
  end: 1685741909.36383
  start: 1685741766.0109272
