event_sleeping:
  end: 1685741714.3035457
  start: 1685741676.7689984
