event_sleeping:
  end: 1682977086.0275874
  start: 1682976695.0302963
