event_sleeping:
  end: 1682976696.0224335
  start: 1682976695.0289361
