event_sleeping:
  end: 1682976788.6116521
  start: 1682976695.0298376
