event_sleeping:
  end: 1682976751.0555875
  start: 1682976695.0282624
