event_sleeping:
  end: 1685504841.945426
  start: 1685504646.8526154
