event_sleeping:
  end: 1685504646.8548636
  start: 1685504646.854714
