event_sleeping:
  end: 1685504824.4439368
  start: 1685504698.9087043
