event_sleeping:
  end: 1685504739.4387693
  start: 1685504646.855724
