event_sleeping:
  end: 1685504739.4395099
  start: 1685504646.8568869
