event_sleeping:
  end: 1685504739.4040108
  start: 1685504646.8609972
