event_sleeping:
  end: 1685504879.388065
  start: 1685504736.0451264
