event_sleeping:
  end: 1685504684.3482728
  start: 1685504646.8502915
