event_sleeping:
  end: 1684846217.2240202
  start: 1684846080.0902827
