event_sleeping:
  end: 1684845809.7206523
  start: 1684845419.6409988
