event_sleeping:
  end: 1684846022.140207
  start: 1684845861.6415114
