event_sleeping_wait_all:
  end: 1684846412.156245
  start: 1684846269.1721494
