event_sleeping_wait_all:
  end: 1684846877.2241285
  start: 1684846464.049813
