event_sleeping_wait_all:
  end: 1684846022.17467
  start: 1684845971.3965056
