event_sleeping_wait_all:
  end: 1684846784.6572435
  start: 1684846751.366738
