event_sleeping:
  end: 1684845632.2247248
  start: 1684845471.2698717
