event_sleeping_wait_all:
  end: 1684847267.1522055
  start: 1684847141.4019783
