event_sleeping:
  end: 1684845919.7199075
  start: 1684845692.9296114
