event_sleeping:
  end: 1684845419.6335196
  start: 1684845419.63346
