event_sleeping_wait_all:
  end: 1684846394.7211123
  start: 1684846073.817348
