event_sleeping_wait_all:
  end: 1684847089.7248487
  start: 1684846836.359304
