event_sleeping_wait_all:
  end: 1684846699.7241836
  start: 1684846446.395734
