event_sleeping:
  end: 1684845419.6328368
  start: 1684845419.6327703
