event_sleeping_wait_all:
  end: 1684846997.2243493
  start: 1684846836.3595364
