event_sleeping_wait_all:
  end: 1684846292.2154346
  start: 1684846148.885583
