event_sleeping:
  end: 1684846097.2239704
  start: 1684845471.3076189
