event_sleeping_wait_all:
  end: 1684846412.1939435
  start: 1684846343.9071567
