event_sleeping_wait_all:
  end: 1684846784.7199705
  start: 1684846463.8647683
