event_sleeping_wait_all:
  end: 1684846394.6841066
  start: 1684846251.305242
