event_sleeping_wait_all:
  end: 1684846682.224007
  start: 1684846446.3162243
