event_sleeping_wait_all:
  end: 1684846004.70016
  start: 1684845861.2693415
