event_sleeping_wait_all:
  end: 1684846199.625435
  start: 1684846056.3342047
