event_sleeping:
  end: 1684845512.2189648
  start: 1684845419.6350768
