event_sleeping_wait_all:
  end: 1684845809.6282315
  start: 1684845563.8595915
