event_sleeping_wait_all:
  end: 1684846699.6441162
  start: 1684846463.7601242
