event_sleeping_wait_all:
  end: 1684847479.6502085
  start: 1684847226.3045723
