event_sleeping:
  end: 1684845809.627908
  start: 1684845776.2679243
