event_sleeping_wait_all:
  end: 1684847674.7241201
  start: 1684847531.2255127
