event_sleeping:
  end: 1684846412.1754935
  start: 1684846361.3048525
