event_sleeping:
  end: 1684845419.6388457
  start: 1684845419.6356337
