event_sleeping_wait_all:
  end: 1684846894.652113
  start: 1684846751.2085466
