event_sleeping_wait_all:
  end: 1684847174.7239344
  start: 1684846946.272621
