event_sleeping_wait_all:
  end: 1684848047.1699862
  start: 1684847726.2734933
