event_sleeping:
  end: 1684845724.6880307
  start: 1684845471.269589
