event_sleeping:
  end: 1684846309.7120748
  start: 1684845861.183676
