event_sleeping:
  end: 1684845669.7242262
  start: 1684845526.6608353
