event_sleeping_wait_all:
  end: 1684846644.724098
  start: 1684846501.7468894
