event_sleeping_wait_all:
  end: 1684847424.723825
  start: 1684847281.7164953
