event_sleeping:
  end: 1684845864.6831315
  start: 1684845721.7167082
