event_sleeping_wait_all:
  end: 1684846839.7081149
  start: 1684846696.7520976
