event_sleeping_wait_all:
  end: 1684847619.6985092
  start: 1684847476.71419
