event_sleeping:
  end: 1684846059.6685095
  start: 1684845916.656181
