event_sleeping_wait_all:
  end: 1684847814.6878564
  start: 1684847671.6735778
