event_sleeping:
  end: 1684845474.6800575
  start: 1684845419.6276073
