event_sleeping:
  end: 1684846449.724194
  start: 1684846306.6978195
