event_sleeping_wait_all:
  end: 1684848009.7237961
  start: 1684847866.6516013
