event_sleeping:
  end: 1684846254.6520345
  start: 1684846111.6664522
