event_sleeping_wait_all:
  end: 1684847034.7242732
  start: 1684846891.6882472
