event_sleeping_wait_all:
  end: 1684847229.7241285
  start: 1684847086.6512804
