event_sleeping:
  end: 1684857583.2202718
  start: 1684857388.1313062
