event_sleeping_wait_all:
  end: 1684857973.1677988
  start: 1684857922.587264
