event_sleeping_wait_all:
  end: 1684858168.219915
  start: 1684858025.1486964
