event_sleeping_wait_all:
  end: 1684857870.7172947
  start: 1684857635.166898
