event_sleeping_wait_all:
  end: 1684857973.2159615
  start: 1684857634.8681588
