event_sleeping_wait_all:
  end: 1684858558.1720734
  start: 1684858312.2905152
