event_sleeping_wait_all:
  end: 1684857583.2198966
  start: 1684857439.783293
