event_sleeping:
  end: 1684857388.1308513
  start: 1684857388.1307366
