event_sleeping_wait_all:
  end: 1684858260.6240373
  start: 1684858024.858841
