event_sleeping_wait_all:
  end: 1684857658.1739612
  start: 1684857514.8354442
