event_sleeping:
  end: 1684857463.1848288
  start: 1684857388.130556
