event_sleeping_wait_all:
  end: 1684858048.2200248
  start: 1684857812.323465
