event_sleeping_wait_all:
  end: 1684857760.6706414
  start: 1684857709.8261597
