event_sleeping_wait_all:
  end: 1684858048.2206159
  start: 1684857727.3577251
