event_sleeping:
  end: 1684857463.19184
  start: 1684857388.1268914
