event_sleeping_wait_all:
  end: 1684857675.7160513
  start: 1684857514.8646665
