event_sleeping_wait_all:
  end: 1684857583.1480415
  start: 1684857514.7103918
