event_sleeping_wait_all:
  end: 1684858168.1480873
  start: 1684857634.7283196
