event_sleeping:
  end: 1684857463.1521506
  start: 1684857388.131562
