event_sleeping:
  end: 1684858010.7198522
  start: 1684857672.6216962
