event_sleeping_wait_all:
  end: 1684858205.640053
  start: 1684858062.662056
