event_sleeping:
  end: 1684857620.6520488
  start: 1684857493.0042381
