event_sleeping:
  end: 1684857425.6601958
  start: 1684857388.1309483
