event_sleeping_wait_all:
  end: 1684858400.7199485
  start: 1684858257.6283107
