event_sleeping_wait_all:
  end: 1684858595.720344
  start: 1684858452.7505884
