event_sleeping_wait_all:
  end: 1683124164.844486
  start: 1683123928.961701
