event_sleeping_wait_all:
  end: 1683125047.343748
  start: 1683124904.025038
