event_sleeping_wait_all:
  end: 1683124852.3275564
  start: 1683124216.5379517
