event_sleeping:
  end: 1683123562.3476946
  start: 1683123097.2527046
