event_sleeping_wait_all:
  end: 1683123877.3123717
  start: 1683123809.048109
