event_sleeping_wait_all:
  end: 1683123757.3436372
  start: 1683123613.9505572
