event_sleeping_wait_all:
  end: 1683124944.8187785
  start: 1683124801.4546902
