event_sleeping_wait_all:
  end: 1683123292.3121848
  start: 1683123224.1845024
