event_sleeping_wait_all:
  end: 1683125047.2914424
  start: 1683124996.4693441
