event_sleeping_wait_all:
  end: 1683124749.7757053
  start: 1683124588.8611634
