event_sleeping:
  end: 1683123172.3280258
  start: 1683123097.252021
