event_sleeping_wait_all:
  end: 1683124267.330165
  start: 1683124106.439892
