event_sleeping_wait_all:
  end: 1683124537.2595057
  start: 1683124318.9574754
