event_sleeping_wait_all:
  end: 1683124054.8054428
  start: 1683123734.0361097
