event_sleeping_wait_all:
  end: 1683123682.321952
  start: 1683123344.02191
