event_sleeping_wait_all:
  end: 1683123877.3226647
  start: 1683123614.2640057
