event_sleeping:
  end: 1683123172.327301
  start: 1683123097.2514644
