event_sleeping_wait_all:
  end: 1683123367.3545163
  start: 1683123224.375688
