event_sleeping_wait_all:
  end: 1683123562.2555866
  start: 1683123419.3120048
