event_sleeping_wait_all:
  end: 1683124462.285274
  start: 1683124393.9871097
