event_sleeping_wait_all:
  end: 1683124342.3435655
  start: 1683124004.006419
