event_sleeping_wait_all:
  end: 1683124732.3036714
  start: 1683124513.9069896
