event_sleeping_wait_all:
  end: 1683123757.2541435
  start: 1683123539.0334775
