event_sleeping_wait_all:
  end: 1683123952.3446746
  start: 1683123808.8817585
