event_sleeping_wait_all:
  end: 1683123367.3196979
  start: 1683123148.8829324
