event_sleeping:
  end: 1683123097.253196
  start: 1683123097.2531188
