event_sleeping_wait_all:
  end: 1683123487.311731
  start: 1683123419.016922
