event_sleeping_wait_all:
  end: 1683124657.3201885
  start: 1683124318.9783196
