event_sleeping_wait_all:
  end: 1683125047.3433864
  start: 1683124709.0323563
