event_sleeping_wait_all:
  end: 1683123952.3441572
  start: 1683123716.4902766
