event_sleeping_wait_all:
  end: 1683123367.3556933
  start: 1683123224.011835
