event_sleeping_wait_all:
  end: 1683123487.311446
  start: 1683123419.0434375
