event_sleeping_wait_all:
  end: 1683123664.7730598
  start: 1683123539.0484679
