event_sleeping_wait_all:
  end: 1683124267.3298354
  start: 1683124004.0177798
