event_sleeping:
  end: 1683123524.8445575
  start: 1683123381.4168668
