event_sleeping:
  end: 1683123719.840276
  start: 1683123576.4156964
