event_sleeping:
  end: 1683123329.8436546
  start: 1683123186.3474512
