event_sleeping:
  end: 1683123134.7824266
  start: 1683123097.247828
