event_sleeping_wait_all:
  end: 1683123914.8445568
  start: 1683123771.4791174
