event_sleeping_wait_all:
  end: 1683124304.7834308
  start: 1683123966.4558845
