event_sleeping:
  end: 1683994246.4033315
  start: 1683994112.072567
