event_sleeping:
  end: 1683994051.3236594
  start: 1683994033.8154743
