event_sleeping:
  end: 1683994051.3328469
  start: 1683994033.8143592
