event_sleeping:
  end: 1683994423.883556
  start: 1683994114.6555858
