event_sleeping:
  end: 1683994126.3994443
  start: 1683994033.815292
