event_sleeping:
  end: 1683994228.8671105
  start: 1683994085.435845
