event_sleeping:
  end: 1683994033.8157816
  start: 1683994033.8156383
