event_sleeping:
  end: 1683994338.8316717
  start: 1683994033.8164358
