event_sleeping:
  end: 1683994283.9001675
  start: 1683994140.5320818
