event_sleeping:
  end: 1683994478.9034913
  start: 1683994335.886115
