event_sleeping:
  end: 1683994088.863671
  start: 1683994033.811974
