event_sleeping_wait_all:
  end: 1685486651.0361156
  start: 1685486398.110126
