event_sleeping_wait_all:
  end: 1685488601.058863
  start: 1685488457.9898071
