event_sleeping_wait_all:
  end: 1685488406.0773773
  start: 1685487872.9929497
