event_sleeping_wait_all:
  end: 1685487821.0747404
  start: 1685487660.5082035
