event_sleeping_wait_all:
  end: 1685486948.5521748
  start: 1685486788.0034876
