event_sleeping_wait_all:
  end: 1685488703.5839615
  start: 1685488653.00285
