event_sleeping_wait_all:
  end: 1685487608.5457973
  start: 1685487195.5983253
