event_sleeping:
  end: 1685486346.1360328
  start: 1685486168.5492895
