event_sleeping_wait_all:
  end: 1685486736.0676756
  start: 1685486703.0158787
