event_sleeping_wait_all:
  end: 1685487143.6321433
  start: 1685487000.5481548
