event_sleeping_wait_all:
  end: 1685488508.5400913
  start: 1685488170.2763195
