event_sleeping_wait_all:
  end: 1685486736.131931
  start: 1685486397.8024106
