event_sleeping:
  end: 1685486168.5455978
  start: 1685486168.5455053
