event_sleeping_wait_all:
  end: 1685489076.0439017
  start: 1685488932.6927702
