event_sleeping_wait_all:
  end: 1685487728.5602014
  start: 1685487390.246125
