event_sleeping_wait_all:
  end: 1685486346.1348388
  start: 1685486220.19933
