event_sleeping_wait_all:
  end: 1685487338.545269
  start: 1685487075.2669094
