event_sleeping_wait_all:
  end: 1685488016.131878
  start: 1685487780.2206552
