event_sleeping_wait_all:
  end: 1685488881.0921736
  start: 1685488560.2084634
