event_sleeping_wait_all:
  end: 1685488118.5852802
  start: 1685488067.799704
