event_sleeping_wait_all:
  end: 1685487023.631998
  start: 1685486787.7776055
