event_sleeping_wait_all:
  end: 1685489363.632114
  start: 1685489127.6907678
