event_sleeping_wait_all:
  end: 1685487626.077609
  start: 1685487177.7014349
