event_sleeping_wait_all:
  end: 1685488406.1320424
  start: 1685488245.2292182
