event_sleeping_wait_all:
  end: 1685486541.0509763
  start: 1685486490.3206544
