event_sleeping_wait_all:
  end: 1685487126.0639553
  start: 1685487092.7764606
