event_sleeping_wait_all:
  end: 1685487041.1075792
  start: 1685486897.7595975
