event_sleeping_wait_all:
  end: 1685488703.5569057
  start: 1685488457.7908976
