event_sleeping_wait_all:
  end: 1685488193.5400898
  start: 1685488050.205386
