event_sleeping_wait_all:
  end: 1685486846.1284025
  start: 1685486592.6891985
