event_sleeping_wait_all:
  end: 1685487711.067946
  start: 1685487677.7450233
