event_sleeping:
  end: 1685486261.1329644
  start: 1685486168.549029
