event_sleeping_wait_all:
  end: 1685486438.6293159
  start: 1685486312.7543774
