event_sleeping_wait_all:
  end: 1685487998.5361497
  start: 1685487762.715428
