event_sleeping_wait_all:
  end: 1685489186.0881112
  start: 1685488847.7857716
