event_sleeping_wait_all:
  end: 1685489271.036015
  start: 1685489237.7305639
