event_sleeping_wait_all:
  end: 1685489856.0920436
  start: 1685489627.782568
