event_sleeping_wait_all:
  end: 1685489576.0902216
  start: 1685489322.686595
