event_sleeping_wait_all:
  end: 1685487608.632159
  start: 1685487482.7747889
