event_sleeping_wait_all:
  end: 1685487728.5999131
  start: 1685487660.3001344
