event_sleeping_wait_all:
  end: 1685488583.631851
  start: 1685488347.7613816
