event_sleeping_wait_all:
  end: 1685487431.1348016
  start: 1685487287.736952
