event_sleeping_wait_all:
  end: 1685487236.0812905
  start: 1685486897.7265463
