event_sleeping:
  end: 1685486243.5959828
  start: 1685486168.544985
