event_sleeping_wait_all:
  end: 1685488193.6320593
  start: 1685487957.7715552
