event_sleeping_wait_all:
  end: 1685487906.096089
  start: 1685487780.2517226
