event_sleeping_wait_all:
  end: 1685490161.134828
  start: 1685489907.7537153
