event_sleeping_wait_all:
  end: 1685486846.0960898
  start: 1685486507.7994165
