event_sleeping_wait_all:
  end: 1685488296.0853512
  start: 1685488245.2664478
