event_sleeping_wait_all:
  end: 1685488796.1322577
  start: 1685488635.2703722
