event_sleeping_wait_all:
  end: 1685490923.5480316
  start: 1685490212.8343194
