event_sleeping_wait_all:
  end: 1685486456.1347988
  start: 1685486295.254352
