event_sleeping_wait_all:
  end: 1685488211.1345475
  start: 1685488067.6656501
