event_sleeping_wait_all:
  end: 1685488313.536187
  start: 1685488262.764287
