event_sleeping_wait_all:
  end: 1685486346.0399818
  start: 1685486312.6773005
