event_sleeping_wait_all:
  end: 1685487126.1321564
  start: 1685486982.7225347
