event_sleeping:
  end: 1685486261.1278894
  start: 1685486168.5474133
