event_sleeping_wait_all:
  end: 1685488016.0922618
  start: 1685487762.7213304
