event_sleeping_wait_all:
  end: 1685489093.595363
  start: 1685488847.7066996
