event_sleeping_wait_all:
  end: 1685488796.0961547
  start: 1685488560.2377515
