event_sleeping_wait_all:
  end: 1685488508.6319275
  start: 1685488365.12614
