event_sleeping_wait_all:
  end: 1685487711.1318889
  start: 1685487177.7020698
