event_sleeping_wait_all:
  end: 1685486931.132006
  start: 1685486397.6168203
