event_sleeping:
  end: 1685486401.1225643
  start: 1685486273.4370542
