event_sleeping_wait_all:
  end: 1685489326.0440474
  start: 1685489183.1050496
