event_sleeping:
  end: 1685487961.1161551
  start: 1685487818.167551
