event_sleeping_wait_all:
  end: 1685490886.0799875
  start: 1685490743.1428697
