event_sleeping_wait_all:
  end: 1685489911.0360634
  start: 1685489768.0792263
