event_sleeping:
  end: 1685486206.0752137
  start: 1685486168.5467033
