event_sleeping_wait_all:
  end: 1685490301.1042423
  start: 1685489963.0441854
