event_sleeping:
  end: 1685487181.0425658
  start: 1685487038.1373734
