event_sleeping:
  end: 1685488546.135009
  start: 1685488403.111469
