event_sleeping_wait_all:
  end: 1685490496.1347303
  start: 1685490353.0704968
