event_sleeping:
  end: 1685488156.0488465
  start: 1685488013.080621
