event_sleeping:
  end: 1685488741.1350162
  start: 1685488598.1399856
