event_sleeping_wait_all:
  end: 1685489521.134875
  start: 1685489378.0615802
