event_sleeping:
  end: 1685488351.1350546
  start: 1685488208.0578072
