event_sleeping:
  end: 1685487571.1277094
  start: 1685487428.1223779
