event_sleeping:
  end: 1685486986.135002
  start: 1685486843.0824227
