event_sleeping:
  end: 1685486791.0750093
  start: 1685486453.133948
