event_sleeping:
  end: 1685487376.1323516
  start: 1685487233.0231166
