event_sleeping_wait_all:
  end: 1685489131.1250129
  start: 1685488793.1719882
