event_sleeping:
  end: 1685487766.1349537
  start: 1685487623.1348548
