event_sleeping_wait_all:
  end: 1685490691.1348398
  start: 1685490548.1492102
