event_sleeping_wait_all:
  end: 1685489716.0920076
  start: 1685489573.127432
