event_sleeping:
  end: 1685501857.0632997
  start: 1685501661.9959965
