event_sleeping:
  end: 1685501661.9955633
  start: 1685501661.9954963
