event_sleeping:
  end: 1685501771.996772
  start: 1685501661.9953163
