event_sleeping:
  end: 1685501771.9960747
  start: 1685501661.9943967
