event_sleeping:
  end: 1685501771.9964545
  start: 1685501661.9933567
