event_sleeping:
  end: 1685501912.028122
  start: 1685501769.0406067
