event_sleeping:
  end: 1685501717.0426695
  start: 1685501661.995151
