event_sleeping:
  end: 1685756576.5080857
  start: 1685755973.9700692
