event_sleeping:
  end: 1685756186.5604692
  start: 1685755973.9686716
