event_sleeping:
  end: 1685756084.059422
  start: 1685755973.9659395
