event_sleeping:
  end: 1685756066.524224
  start: 1685755973.9638312
