event_sleeping:
  end: 1685755973.9693909
  start: 1685755973.969134
