event_sleeping:
  end: 1685756613.959666
  start: 1685756276.7170875
