event_sleeping:
  end: 1685756223.9641128
  start: 1685756096.9663424
