event_sleeping:
  end: 1685756028.9769752
  start: 1685755973.9696019
