event_sleeping:
  end: 1684827913.6813214
  start: 1684827718.5904942
