event_sleeping:
  end: 1684827931.0881143
  start: 1684827770.2578769
