event_sleeping:
  end: 1684827718.5903306
  start: 1684827718.590064
