event_sleeping:
  end: 1684827828.6799517
  start: 1684827718.5883968
