event_sleeping:
  end: 1684827811.1686668
  start: 1684827718.5898607
