event_sleeping:
  end: 1684827828.636393
  start: 1684827718.590793
