event_sleeping:
  end: 1684827968.6479807
  start: 1684827825.325943
