event_sleeping:
  end: 1684827773.637185
  start: 1684827718.5851293
