event_sleeping:
  end: 1684859705.6369236
  start: 1684859510.55316
