event_sleeping_wait_all:
  end: 1684859993.0841625
  start: 1684859757.5372894
