event_sleeping_wait_all:
  end: 1684860095.5790746
  start: 1684860045.052984
