event_sleeping_wait_all:
  end: 1684860290.6423063
  start: 1684860147.5162141
