event_sleeping:
  end: 1684859510.5523067
  start: 1684859510.5521598
