event_sleeping_wait_all:
  end: 1684859705.5487292
  start: 1684859562.2046394
