event_sleeping_wait_all:
  end: 1684860383.1332335
  start: 1684860147.2913618
