event_sleeping_wait_all:
  end: 1684860095.6399083
  start: 1684859757.23458
