event_sleeping_wait_all:
  end: 1684860680.6418946
  start: 1684860434.8022718
