event_sleeping_wait_all:
  end: 1684860170.6421916
  start: 1684859934.730195
