event_sleeping:
  end: 1684859585.6161828
  start: 1684859510.5528533
