event_sleeping_wait_all:
  end: 1684859883.09261
  start: 1684859832.3051362
