event_sleeping_wait_all:
  end: 1684860365.619994
  start: 1684860222.3100622
