event_sleeping_wait_all:
  end: 1684859780.6400728
  start: 1684859637.278548
