event_sleeping_wait_all:
  end: 1684860560.6400898
  start: 1684860222.313753
