event_sleeping_wait_all:
  end: 1684860170.6417592
  start: 1684859849.7999215
