event_sleeping_wait_all:
  end: 1684859798.1418777
  start: 1684859637.2805278
