event_sleeping:
  end: 1684859585.6056519
  start: 1684859510.550673
