event_sleeping_wait_all:
  end: 1684860290.6418595
  start: 1684859757.234996
