event_sleeping:
  end: 1684859585.574635
  start: 1684859510.5483863
