event_sleeping_wait_all:
  end: 1684859705.6079097
  start: 1684859637.1221492
