event_sleeping_wait_all:
  end: 1684860718.0518742
  start: 1684860575.1189835
