event_sleeping:
  end: 1684860133.1383827
  start: 1684859795.0520744
