event_sleeping:
  end: 1684859548.0815673
  start: 1684859510.5519965
