event_sleeping:
  end: 1684859743.1001868
  start: 1684859603.7453563
