event_sleeping_wait_all:
  end: 1684860523.10009
  start: 1684860380.1228495
