event_sleeping:
  end: 1684860328.1299167
  start: 1684860185.1894805
