event_sleeping:
  end: 1682985981.9870996
  start: 1682985821.734832
