event_sleeping:
  end: 1682985684.488513
  start: 1682985183.3944206
