event_sleeping:
  end: 1682985769.420243
  start: 1682985736.1300817
