event_sleeping:
  end: 1682986056.9870205
  start: 1682985821.0543375
