event_sleeping:
  end: 1682985769.4235451
  start: 1682985183.396658
