event_sleeping:
  end: 1682985574.4877126
  start: 1682985183.3962324
