event_sleeping:
  end: 1682985879.471662
  start: 1682985626.4223459
