event_sleeping:
  end: 1682985879.4720542
  start: 1682985183.39811
