event_sleeping:
  end: 1682985964.4874558
  start: 1682985183.3983378
