event_sleeping:
  end: 1682986214.4870071
  start: 1682986071.4413028
