event_sleeping:
  end: 1682985824.491471
  start: 1682985183.3958573
