event_sleeping:
  end: 1682986019.483465
  start: 1682985876.0906126
