event_sleeping:
  end: 1684833101.8762686
  start: 1684832711.789306
