event_sleeping:
  end: 1684832711.7812762
  start: 1684832711.7812314
