event_sleeping:
  end: 1684832924.3473606
  start: 1684832763.420263
