event_sleeping:
  end: 1684833389.376048
  start: 1684832763.4537072
