event_sleeping:
  end: 1684832711.7839646
  start: 1684832711.7836277
