event_sleeping:
  end: 1684832804.370211
  start: 1684832711.7833629
