event_sleeping:
  end: 1684833016.860093
  start: 1684832763.4119532
