event_sleeping:
  end: 1684832711.7894678
  start: 1684832711.7888856
