event_sleeping:
  end: 1684833546.876349
  start: 1684833407.4228666
