event_sleeping:
  end: 1684833156.87632
  start: 1684833013.8423405
