event_sleeping:
  end: 1684832766.7800794
  start: 1684832711.779001
