event_sleeping:
  end: 1684833351.781693
  start: 1684833208.83437
