event_sleeping:
  end: 1684832961.8761532
  start: 1684832818.4703846
