event_sleeping:
  end: 1685507867.5161083
  start: 1685507672.5229971
