event_sleeping:
  end: 1685507672.5224583
  start: 1685507672.5222304
