event_sleeping:
  end: 1685507747.5171862
  start: 1685507672.5198169
