event_sleeping:
  end: 1685507747.587945
  start: 1685507672.5224009
