event_sleeping:
  end: 1685507747.5165615
  start: 1685507672.5215552
