event_sleeping:
  end: 1685507905.1127532
  start: 1685507778.0320046
