event_sleeping:
  end: 1685507710.0478723
  start: 1685507672.5205684
