event_sleeping:
  end: 1685743806.1079302
  start: 1685743611.0700977
