event_sleeping:
  end: 1685743611.0692155
  start: 1685743611.068981
