event_sleeping:
  end: 1685743721.084547
  start: 1685743611.0669992
