event_sleeping:
  end: 1685743703.6521165
  start: 1685743611.0685844
