event_sleeping:
  end: 1685743721.156052
  start: 1685743611.0671585
