event_sleeping:
  end: 1685743666.1137056
  start: 1685743611.0704627
