event_sleeping:
  end: 1685743861.1480525
  start: 1685743722.4936135
