event_sleeping:
  end: 1686170355.6875415
  start: 1686170304.2942677
