event_sleeping:
  end: 1686171405.6739738
  start: 1686171261.812396
