event_sleeping:
  end: 1686171990.7275496
  start: 1686171456.716472
