event_sleeping:
  end: 1686170745.7691598
  start: 1686170601.8198771
