event_sleeping:
  end: 1686170253.223631
  start: 1686170004.0140355
