event_sleeping:
  end: 1686171210.7635484
  start: 1686170796.8320305
