event_sleeping:
  end: 1686170550.7276492
  start: 1686170406.7439904
