event_sleeping:
  end: 1686169948.2636056
  start: 1686169753.1777513
