event_sleeping:
  end: 1686171600.7760603
  start: 1686171364.2722137
