event_sleeping:
  end: 1686170923.266368
  start: 1686170694.304964
