event_sleeping:
  end: 1686171313.2634556
  start: 1686170974.3654082
