event_sleeping:
  end: 1686169753.173859
  start: 1686169753.1737576
