event_sleeping:
  end: 1686170643.2634578
  start: 1686170406.8185527
