event_sleeping:
  end: 1686170355.763526
  start: 1686170016.8063338
