event_sleeping:
  end: 1686169965.7355428
  start: 1686169813.4255307
