event_sleeping:
  end: 1686170625.6868038
  start: 1686170481.8661287
