event_sleeping:
  end: 1686171228.2662823
  start: 1686170796.805513
