event_sleeping:
  end: 1686170745.7350335
  start: 1686170676.7698338
