event_sleeping:
  end: 1686169863.2692158
  start: 1686169753.1744769
