event_sleeping:
  end: 1686170430.7663898
  start: 1686170194.2947907
