event_sleeping:
  end: 1686170143.1994357
  start: 1686170109.3060746
