event_sleeping:
  end: 1686170058.2644153
  start: 1686169914.2951303
