event_sleeping:
  end: 1686171600.7435262
  start: 1686171381.814121
