event_sleeping:
  end: 1686171330.7177656
  start: 1686171279.365494
