event_sleeping:
  end: 1686170838.2195141
  start: 1686170499.2701433
