event_sleeping:
  end: 1686171330.7370675
  start: 1686171261.769219
