event_sleeping:
  end: 1686170058.2663517
  start: 1686169896.820727
