event_sleeping:
  end: 1686169845.7392569
  start: 1686169753.1759293
