event_sleeping:
  end: 1686170448.1716297
  start: 1686170109.3227887
