event_sleeping:
  end: 1686171015.703625
  start: 1686170889.2655954
