event_sleeping:
  end: 1686171508.1677096
  start: 1686171381.8242939
