event_sleeping:
  end: 1686171210.6955678
  start: 1686171066.7969155
