event_sleeping:
  end: 1686169948.175536
  start: 1686169914.251552
