event_sleeping:
  end: 1686170745.7682672
  start: 1686170584.1988952
