event_sleeping:
  end: 1686171618.1835709
  start: 1686171364.2062376
