event_sleeping:
  end: 1686169863.2695267
  start: 1686169753.1775308
