event_sleeping:
  end: 1686170533.223722
  start: 1686169999.147887
