event_sleeping:
  end: 1686171313.2637234
  start: 1686170796.7031772
