event_sleeping:
  end: 1686170003.2664115
  start: 1686169859.0644486
