event_sleeping:
  end: 1686171173.2665017
  start: 1686171029.2938461
