event_sleeping:
  end: 1686170393.266177
  start: 1686170054.3651738
