event_sleeping:
  end: 1686171368.2316966
  start: 1686171224.3620324
