event_sleeping:
  end: 1686170783.2618139
  start: 1686170639.3647869
