event_sleeping:
  end: 1686170978.2157142
  start: 1686170834.3684287
