event_sleeping:
  end: 1686170588.2667089
  start: 1686170444.3757699
