event_sleeping:
  end: 1686169808.2234142
  start: 1686169753.171147
