event_sleeping:
  end: 1684823722.5243776
  start: 1684823527.446702
