event_sleeping:
  end: 1684823722.5239775
  start: 1684823579.1130953
