event_sleeping:
  end: 1684823527.4431622
  start: 1684823527.443064
