event_sleeping:
  end: 1684823637.5359054
  start: 1684823527.4424372
