event_sleeping:
  end: 1684823637.4561288
  start: 1684823527.4448721
