event_sleeping:
  end: 1684823637.487817
  start: 1684823527.4437466
