event_sleeping:
  end: 1684823582.4923103
  start: 1684823527.4396026
