event_sleeping:
  end: 1684823777.460113
  start: 1684823634.190828
