event_sleeping:
  end: 1685033276.1219215
  start: 1685032742.1743987
