event_sleeping:
  end: 1685031251.0363786
  start: 1685031056.028386
