event_sleeping:
  end: 1685031641.073178
  start: 1685031589.7313929
