event_sleeping:
  end: 1685032031.036102
  start: 1685031887.1212397
