event_sleeping:
  end: 1685032691.088144
  start: 1685032547.2207923
