event_sleeping:
  end: 1685031836.0282717
  start: 1685031692.144455
