event_sleeping:
  end: 1685032496.1445842
  start: 1685032082.103101
