event_sleeping:
  end: 1685031538.6220267
  start: 1685031302.1063793
