event_sleeping:
  end: 1685031928.6040375
  start: 1685031691.9620938
