event_sleeping:
  end: 1685033396.0881186
  start: 1685033056.8873217
