event_sleeping:
  end: 1685033006.0909429
  start: 1685032936.9385712
