event_sleeping:
  end: 1685032886.1208737
  start: 1685032666.9307656
