event_sleeping:
  end: 1685032616.1269984
  start: 1685032276.9694636
