event_sleeping:
  end: 1685031641.1199772
  start: 1685031301.8877316
