event_sleeping:
  end: 1685031056.028721
  start: 1685031056.0286894
