event_sleeping:
  end: 1685031251.0361185
  start: 1685031106.8157036
