event_sleeping:
  end: 1685032226.1219468
  start: 1685031979.4195852
