event_sleeping:
  end: 1685031326.1218581
  start: 1685031181.8502905
