event_sleeping:
  end: 1685031428.5737846
  start: 1685031376.9027383
