event_sleeping:
  end: 1685032496.0920079
  start: 1685032081.8868349
