event_sleeping:
  end: 1685032031.0936825
  start: 1685031961.859662
