event_sleeping:
  end: 1685031716.049196
  start: 1685031479.3821063
