event_sleeping:
  end: 1685032616.0981655
  start: 1685032546.929151
