event_sleeping:
  end: 1685033081.116433
  start: 1685032936.8994942
