event_sleeping:
  end: 1685031131.095868
  start: 1685031056.0274901
