event_sleeping:
  end: 1685033276.1200151
  start: 1685033131.9205356
