event_sleeping:
  end: 1685032886.1201236
  start: 1685032666.919123
