event_sleeping:
  end: 1685031911.036122
  start: 1685031766.8569298
