event_sleeping:
  end: 1685032616.0879629
  start: 1685032546.929398
