event_sleeping:
  end: 1685031343.538623
  start: 1685031181.8516514
