event_sleeping:
  end: 1685033201.0911262
  start: 1685033131.923909
