event_sleeping:
  end: 1685033081.1167886
  start: 1685032861.8130267
