event_sleeping:
  end: 1685032496.092648
  start: 1685032351.8701541
