event_sleeping:
  end: 1685032106.1218565
  start: 1685031766.8418002
