event_sleeping:
  end: 1685031716.048926
  start: 1685031394.3300345
