event_sleeping:
  end: 1685031131.0364542
  start: 1685031056.0271034
