event_sleeping:
  end: 1685033471.1216707
  start: 1685033251.8691494
