event_sleeping:
  end: 1685032301.0840943
  start: 1685032156.9252791
