event_sleeping:
  end: 1685032811.0360112
  start: 1685032666.9153001
