event_sleeping:
  end: 1685032031.0364103
  start: 1685031886.7474756
