event_sleeping:
  end: 1685032598.5239713
  start: 1685032081.800856
