event_sleeping:
  end: 1685031836.0280166
  start: 1685031301.8070974
