event_sleeping:
  end: 1685031251.0975962
  start: 1685031181.7647474
