event_sleeping:
  end: 1685033201.0909607
  start: 1685033131.8514724
