event_sleeping:
  end: 1685033081.116139
  start: 1685032936.7489774
