event_sleeping:
  end: 1685033378.6153214
  start: 1685033251.8371952
