event_sleeping:
  end: 1685031131.0361698
  start: 1685031056.027882
