event_sleeping:
  end: 1685032886.033054
  start: 1685032649.2510066
