event_sleeping:
  end: 1685033043.5600185
  start: 1685032899.754218
