event_sleeping:
  end: 1685032458.524089
  start: 1685032314.7417963
