event_sleeping:
  end: 1685032263.6223583
  start: 1685032119.7664144
