event_sleeping:
  end: 1685032653.62199
  start: 1685032509.6348126
