event_sleeping:
  end: 1685031873.5753403
  start: 1685031729.7138958
