event_sleeping:
  end: 1685033238.5512807
  start: 1685033094.705193
