event_sleeping:
  end: 1685032848.6159356
  start: 1685032754.9662144
