event_sleeping:
  end: 1685031678.5616026
  start: 1685031339.6872494
