event_sleeping:
  end: 1685031288.5249362
  start: 1685031154.549728
