event_sleeping:
  end: 1685032068.6219683
  start: 1685031924.727993
