event_sleeping:
  end: 1685031093.5594943
  start: 1685031056.0266347
