event_sleeping:
  end: 1684828189.0520585
  start: 1684828011.5284986
