event_sleeping:
  end: 1684828011.5283167
  start: 1684828011.5281334
