event_sleeping:
  end: 1684828104.1236627
  start: 1684828011.5278277
