event_sleeping:
  end: 1684828086.564158
  start: 1684828011.5268672
