event_sleeping:
  end: 1684828104.0919244
  start: 1684828011.5248342
