event_sleeping:
  end: 1684828049.0552845
  start: 1684828011.5234516
