event_sleeping:
  end: 1684828244.027674
  start: 1684828117.0179992
