event_sleeping:
  end: 1685508388.8280745
  start: 1685508211.2566142
