event_sleeping:
  end: 1685508211.2508202
  start: 1685508211.2504725
