event_sleeping:
  end: 1685508303.8376021
  start: 1685508211.2497315
