event_sleeping:
  end: 1685508286.3209407
  start: 1685508211.2518125
