event_sleeping:
  end: 1685508303.8109639
  start: 1685508211.2541132
