event_sleeping:
  end: 1685508443.8436732
  start: 1685508316.7772746
