event_sleeping:
  end: 1685508248.782733
  start: 1685508211.2519982
