event_sleeping_wait_all:
  end: 1685639289.1898885
  start: 1685639036.1485417
