event_sleeping_wait_all:
  end: 1685639781.6320293
  start: 1685639638.5967555
