event_sleeping_wait_all:
  end: 1685639391.640275
  start: 1685639341.1014752
