event_sleeping_wait_all:
  end: 1685639586.64023
  start: 1685639443.5404017
