event_sleeping_wait_all:
  end: 1685640441.600091
  start: 1685640298.6027386
