event_sleeping_wait_all:
  end: 1685641026.6880982
  start: 1685640493.5583458
