event_sleeping_wait_all:
  end: 1685640246.6896539
  start: 1685639833.6077929
