event_sleeping:
  end: 1685638984.1879573
  start: 1685638789.1002934
