event_sleeping_wait_all:
  end: 1685639959.1481152
  start: 1685639730.7965236
