event_sleeping_wait_all:
  end: 1685639001.6282153
  start: 1685638840.788491
