event_sleeping_wait_all:
  end: 1685640349.1467607
  start: 1685640010.8114994
