event_sleeping:
  end: 1685638789.0999007
  start: 1685638789.099778
