event_sleeping_wait_all:
  end: 1685639391.687919
  start: 1685639053.2936978
