event_sleeping_wait_all:
  end: 1685639679.1361425
  start: 1685639443.2990694
