event_sleeping_wait_all:
  end: 1685640636.6041987
  start: 1685640400.7641237
