event_sleeping_wait_all:
  end: 1685640636.6049576
  start: 1685640418.3117437
