event_sleeping_wait_all:
  end: 1685639179.1164262
  start: 1685639145.866244
