event_sleeping_wait_all:
  end: 1685640366.639909
  start: 1685640315.8025484
