event_sleeping:
  end: 1685638899.164193
  start: 1685638789.0968797
