event_sleeping_wait_all:
  end: 1685639781.6324341
  start: 1685639713.2122006
