event_sleeping_wait_all:
  end: 1685639094.1896408
  start: 1685638950.7856631
