event_sleeping_wait_all:
  end: 1685640264.189325
  start: 1685639833.3061821
