event_sleeping_wait_all:
  end: 1685639466.6878536
  start: 1685639230.7980156
