event_sleeping_wait_all:
  end: 1685639661.5916169
  start: 1685639518.357425
