event_sleeping_wait_all:
  end: 1685640366.6717668
  start: 1685640298.4041557
