event_sleeping_wait_all:
  end: 1685639874.10486
  start: 1685639535.8686628
