event_sleeping_wait_all:
  end: 1685640831.613857
  start: 1685640595.724462
