event_sleeping:
  end: 1685638881.682457
  start: 1685638789.0964632
