event_sleeping_wait_all:
  end: 1685640544.118976
  start: 1685640418.3403318
