event_sleeping_wait_all:
  end: 1685640246.690277
  start: 1685640103.3864253
