event_sleeping_wait_all:
  end: 1685640051.6841598
  start: 1685639925.7497187
