event_sleeping_wait_all:
  end: 1685639094.189966
  start: 1685638933.3207176
