event_sleeping_wait_all:
  end: 1685639484.1895072
  start: 1685639145.858588
