event_sleeping_wait_all:
  end: 1685640654.1589675
  start: 1685640400.734904
