event_sleeping_wait_all:
  end: 1685640934.1227696
  start: 1685640900.804197
