event_sleeping_wait_all:
  end: 1685641129.189606
  start: 1685640985.7372618
