event_sleeping_wait_all:
  end: 1685638984.1230836
  start: 1685638950.741663
