event_sleeping:
  end: 1685638899.1989386
  start: 1685638789.0986457
