event_sleeping_wait_all:
  end: 1685640349.1470363
  start: 1685639833.2980864
