event_sleeping_wait_all:
  end: 1685640849.1880033
  start: 1685640705.8155947
