event_sleeping_wait_all:
  end: 1685639569.1720786
  start: 1685639035.7077105
