event_sleeping_wait_all:
  end: 1685641416.6361506
  start: 1685641180.7860615
