event_sleeping_wait_all:
  end: 1685639781.6942859
  start: 1685639620.7784548
