event_sleeping:
  end: 1685638844.1239998
  start: 1685638789.0994754
