event_sleeping:
  end: 1685640599.1879818
  start: 1685640456.1830726
