event_sleeping_wait_all:
  end: 1685641184.1228354
  start: 1685641041.140765
