event_sleeping_wait_all:
  end: 1685641379.1520755
  start: 1685641236.1681688
