event_sleeping_wait_all:
  end: 1685640989.1480918
  start: 1685640846.2313104
