event_sleeping:
  end: 1685640404.1896737
  start: 1685640261.2873123
