event_sleeping:
  end: 1685640209.1899166
  start: 1685640066.191892
