event_sleeping:
  end: 1685639624.1120212
  start: 1685639481.2103503
