event_sleeping:
  end: 1685639039.1521096
  start: 1685638911.5491686
