event_sleeping_wait_all:
  end: 1685640794.1897147
  start: 1685640651.2457397
