event_sleeping:
  end: 1685639429.1898985
  start: 1685639091.2026727
