event_sleeping:
  end: 1685639819.1522331
  start: 1685639676.1173847
