event_sleeping_wait_all:
  end: 1683126585.4877334
  start: 1683126149.2692952
