event_sleeping:
  end: 1683125311.5874243
  start: 1683125116.4940495
