event_sleeping_wait_all:
  end: 1683125707.5234528
  start: 1683125668.1641996
