event_sleeping_wait_all:
  end: 1683128632.5380185
  start: 1683128008.2824187
