event_sleeping_wait_all:
  end: 1683126780.5275419
  start: 1683126637.2130325
