event_sleeping_wait_all:
  end: 1683127657.5314097
  start: 1683127612.2346773
