event_sleeping_wait_all:
  end: 1683126097.5839295
  start: 1683125954.2199297
