event_sleeping_wait_all:
  end: 1683127956.5913565
  start: 1683127709.1873891
