event_sleeping_wait_all:
  end: 1683127365.4953048
  start: 1683126832.2074463
