event_sleeping_wait_all:
  end: 1683125616.5356023
  start: 1683125363.2633758
