event_sleeping_wait_all:
  end: 1683125902.53795
  start: 1683125759.2451146
