event_sleeping_wait_all:
  end: 1683127560.5276716
  start: 1683127417.1524572
