event_sleeping_wait_all:
  end: 1683125707.5835538
  start: 1683125369.2270105
