event_sleeping_wait_all:
  end: 1683128041.5870168
  start: 1683127898.2721589
