event_sleeping_wait_all:
  end: 1683128541.5835216
  start: 1683128398.2532296
