event_sleeping_wait_all:
  end: 1683127846.5875227
  start: 1683127508.272156
