event_sleeping_wait_all:
  end: 1683127072.5315354
  start: 1683127027.2129736
