event_sleeping_wait_all:
  end: 1683126676.5834181
  start: 1683126338.2250166
