event_sleeping_wait_all:
  end: 1683128736.5244813
  start: 1683128593.2093904
