event_sleeping_wait_all:
  end: 1683127456.5839734
  start: 1683127124.2316194
