event_sleeping_wait_all:
  end: 1683126006.5834982
  start: 1683125759.2546325
