event_sleeping_wait_all:
  end: 1683128827.526468
  start: 1683128788.2142286
