event_sleeping:
  end: 1683125116.4939747
  start: 1683125116.4938812
