event_sleeping_wait_all:
  end: 1683126975.5715067
  start: 1683126728.1853118
