event_sleeping_wait_all:
  end: 1683125317.5723414
  start: 1683125168.184865
