event_sleeping_wait_all:
  end: 1683126286.5556061
  start: 1683126058.196261
