event_sleeping_wait_all:
  end: 1683128346.583539
  start: 1683128093.2640142
