event_sleeping_wait_all:
  end: 1683126000.5275989
  start: 1683125857.6085668
