event_sleeping_wait_all:
  end: 1683128346.5925639
  start: 1683127898.534172
