event_sleeping_wait_all:
  end: 1683127657.5621998
  start: 1683127417.5360637
