event_sleeping_wait_all:
  end: 1683127846.58354
  start: 1683127709.4631019
