event_sleeping_wait_all:
  end: 1683127365.5869963
  start: 1683127228.5698667
