event_sleeping_wait_all:
  end: 1683125421.5515575
  start: 1683125278.4542873
