event_sleeping_wait_all:
  end: 1683126682.5236645
  start: 1683126643.4888325
