event_sleeping_wait_all:
  end: 1683129510.5875661
  start: 1683128483.4691417
