event_sleeping_wait_all:
  end: 1683126097.5126245
  start: 1683126052.454967
