event_sleeping_wait_all:
  end: 1683126591.5835319
  start: 1683126149.4017665
