event_sleeping_wait_all:
  end: 1683127176.5835428
  start: 1683127027.5158446
