event_sleeping:
  end: 1683125226.5116065
  start: 1683125116.4925716
