event_sleeping_wait_all:
  end: 1683125506.520055
  start: 1683125473.446264
