event_sleeping_wait_all:
  end: 1683125805.5836282
  start: 1683125558.4999137
