event_sleeping_wait_all:
  end: 1683126975.5834854
  start: 1683126734.4478788
