event_sleeping_wait_all:
  end: 1683128431.5201213
  start: 1683128398.5080013
