event_sleeping_wait_all:
  end: 1683126682.533743
  start: 1683126637.2132587
