event_sleeping_wait_all:
  end: 1683125811.5316708
  start: 1683125473.2107663
