event_sleeping_wait_all:
  end: 1683125421.5520165
  start: 1683125272.2643397
