event_sleeping_wait_all:
  end: 1683126201.5874937
  start: 1683125863.144503
