event_sleeping_wait_all:
  end: 1683127170.5834026
  start: 1683126923.235123
