event_sleeping_wait_all:
  end: 1683127560.5836024
  start: 1683127319.1178327
