event_sleeping_wait_all:
  end: 1683126585.5871062
  start: 1683126442.2653105
