event_sleeping_wait_all:
  end: 1683127267.5316396
  start: 1683127222.2026532
