event_sleeping_wait_all:
  end: 1683126390.5834358
  start: 1683126253.239982
