event_sleeping_wait_all:
  end: 1683126871.5835574
  start: 1683126734.2637966
