event_sleeping:
  end: 1683125220.5276704
  start: 1683125116.4937887
