event_sleeping_wait_all:
  end: 1683127755.5355937
  start: 1683127612.2344494
