event_sleeping_wait_all:
  end: 1683127755.5833874
  start: 1683127508.2719834
