event_sleeping_wait_all:
  end: 1683126676.5275753
  start: 1683126149.2509787
