event_sleeping_wait_all:
  end: 1683126981.5772278
  start: 1683126728.1929574
