event_sleeping_wait_all:
  end: 1683127176.5839531
  start: 1683127033.284595
