event_sleeping_wait_all:
  end: 1683127261.487448
  start: 1683127228.3047004
