event_sleeping_wait_all:
  end: 1683125311.5194657
  start: 1683125278.2004383
