event_sleeping:
  end: 1683125226.511978
  start: 1683125116.4936216
