event_sleeping_wait_all:
  end: 1683127456.583549
  start: 1683127313.2207682
