event_sleeping_wait_all:
  end: 1683126097.583491
  start: 1683125948.298424
