event_sleeping_wait_all:
  end: 1683125896.5871851
  start: 1683125363.2523587
