event_sleeping:
  end: 1683126341.5530791
  start: 1683126198.165656
