event_sleeping_wait_all:
  end: 1683128876.5035896
  start: 1683128733.1897244
