event_sleeping:
  end: 1683127316.5835514
  start: 1683127173.1316133
