event_sleeping:
  end: 1683125951.5871272
  start: 1683125819.5483968
