event_sleeping_wait_all:
  end: 1683128096.587116
  start: 1683127758.1764064
