event_sleeping_wait_all:
  end: 1683128681.5796785
  start: 1683128538.1682441
