event_sleeping:
  end: 1683125756.5157223
  start: 1683125418.1787248
