event_sleeping:
  end: 1683126146.5871599
  start: 1683126003.161511
