event_sleeping:
  end: 1683125366.5870945
  start: 1683125223.1753304
