event_sleeping:
  end: 1683126536.5234954
  start: 1683126393.1710312
