event_sleeping:
  end: 1683127511.5868099
  start: 1683127368.1747344
