event_sleeping:
  end: 1683126731.5873475
  start: 1683126588.1421814
