event_sleeping:
  end: 1683127121.4877234
  start: 1683126978.1574214
