event_sleeping_wait_all:
  end: 1683129266.5875518
  start: 1683128928.0932715
