event_sleeping_wait_all:
  end: 1683128486.54358
  start: 1683128343.196014
