event_sleeping_wait_all:
  end: 1683128291.586983
  start: 1683128148.2123055
