event_sleeping:
  end: 1683125171.5440507
  start: 1683125116.493488
