event_sleeping:
  end: 1683126926.529597
  start: 1683126783.2603438
