event_sleeping:
  end: 1683127706.5437682
  start: 1683127563.2027726
