event_sleeping_wait_all:
  end: 1683129461.5834694
  start: 1683129318.1473947
