event_sleeping_wait_all:
  end: 1685675228.9840953
  start: 1685675068.4789832
