event_sleeping_wait_all:
  end: 1685675016.5081067
  start: 1685674873.3778286
