event_sleeping_wait_all:
  end: 1685674821.4400835
  start: 1685674585.9669318
