event_sleeping_wait_all:
  end: 1685675601.5095036
  start: 1685675280.939085
