event_sleeping_wait_all:
  end: 1685674161.5321896
  start: 1685674018.398392
