event_sleeping:
  end: 1685673966.4522114
  start: 1685673363.9501483
