event_sleeping_wait_all:
  end: 1685674356.5318625
  start: 1685674213.4798903
