event_sleeping_wait_all:
  end: 1685674534.0121167
  start: 1685674408.4282904
