event_sleeping_wait_all:
  end: 1685674839.0293272
  start: 1685674195.5556784
