event_sleeping_wait_all:
  end: 1685673966.4519022
  start: 1685673915.663889
