event_sleeping_wait_all:
  end: 1685674143.9641058
  start: 1685674018.1342053
