event_sleeping:
  end: 1685673576.502268
  start: 1685673363.950064
