event_sleeping_wait_all:
  end: 1685673863.955389
  start: 1685673628.1889539
