event_sleeping_wait_all:
  end: 1685675211.4739687
  start: 1685674890.6909683
