event_sleeping_wait_all:
  end: 1685674839.0297234
  start: 1685674408.1222873
