event_sleeping_wait_all:
  end: 1685675211.5319328
  start: 1685674993.1144009
