event_sleeping:
  end: 1685673473.9801953
  start: 1685673363.9484022
