event_sleeping_wait_all:
  end: 1685674356.4404798
  start: 1685674288.1939337
