event_sleeping_wait_all:
  end: 1685674941.4430764
  start: 1685674890.6746974
