event_sleeping_wait_all:
  end: 1685673668.9520912
  start: 1685673525.677004
