event_sleeping_wait_all:
  end: 1685674041.5320735
  start: 1685673720.62136
