event_sleeping_wait_all:
  end: 1685674236.4781036
  start: 1685674093.2092154
