event_sleeping_wait_all:
  end: 1685674941.5000243
  start: 1685674873.185032
