event_sleeping_wait_all:
  end: 1685675406.5318744
  start: 1685674993.1548247
