event_sleeping:
  end: 1685673456.4511697
  start: 1685673363.9490325
