event_sleeping_wait_all:
  end: 1685673753.9681215
  start: 1685673720.6393664
