event_sleeping_wait_all:
  end: 1685674626.492139
  start: 1685674305.6696947
