event_sleeping_wait_all:
  end: 1685674821.5120714
  start: 1685674678.160943
