event_sleeping_wait_all:
  end: 1685674254.0346563
  start: 1685673805.6494858
