event_sleeping_wait_all:
  end: 1685673668.9620736
  start: 1685673508.1401486
