event_sleeping_wait_all:
  end: 1685674534.0124953
  start: 1685674408.0783143
