event_sleeping_wait_all:
  end: 1685675619.0320065
  start: 1685675365.6426897
