event_sleeping_wait_all:
  end: 1685674923.9685643
  start: 1685674890.637583
