event_sleeping_wait_all:
  end: 1685674356.4400883
  start: 1685674195.5924644
