event_sleeping_wait_all:
  end: 1685675314.0347853
  start: 1685674975.5468302
