event_sleeping_wait_all:
  end: 1685674839.030061
  start: 1685674585.6439688
