event_sleeping:
  end: 1685673363.9497988
  start: 1685673363.9497304
