event_sleeping_wait_all:
  end: 1685675991.5309987
  start: 1685675670.6595256
