event_sleeping_wait_all:
  end: 1685674144.032095
  start: 1685673415.520262
