event_sleeping:
  end: 1685674979.0350113
  start: 1685674836.084572
