event_sleeping:
  end: 1685674004.0290506
  start: 1685673666.0564291
