event_sleeping_wait_all:
  end: 1685675758.9601219
  start: 1685675616.0219095
