event_sleeping_wait_all:
  end: 1685675564.011993
  start: 1685675421.0711462
