event_sleeping:
  end: 1685675174.0120413
  start: 1685675031.030411
