event_sleeping:
  end: 1685673614.0258214
  start: 1685673486.2330217
