event_sleeping:
  end: 1685674589.035143
  start: 1685674446.1197186
