event_sleeping_wait_all:
  end: 1685675369.0348794
  start: 1685675226.057573
