event_sleeping_wait_all:
  end: 1685675954.0039432
  start: 1685675811.0450053
