event_sleeping:
  end: 1685674394.0346344
  start: 1685674251.0107365
