event_sleeping:
  end: 1685674784.0280633
  start: 1685674641.1021366
