event_sleeping:
  end: 1685674198.9775336
  start: 1685674056.0709655
