event_sleeping:
  end: 1685673418.990336
  start: 1685673363.9430075
