event_sleeping_wait_all:
  end: 1683145492.8476775
  start: 1683144856.9064302
