event_sleeping:
  end: 1683144202.8316288
  start: 1683143737.7751393
