event_sleeping_wait_all:
  end: 1683144517.7873921
  start: 1683144449.4674466
