event_sleeping_wait_all:
  end: 1683144397.8395693
  start: 1683144254.44101
