event_sleeping_wait_all:
  end: 1683144805.3218176
  start: 1683144569.477325
