event_sleeping_wait_all:
  end: 1683145687.8674185
  start: 1683145544.5121436
