event_sleeping_wait_all:
  end: 1683145687.819449
  start: 1683145637.0051286
