event_sleeping_wait_all:
  end: 1683145390.3676956
  start: 1683145229.4246485
