event_sleeping_wait_all:
  end: 1683144907.867157
  start: 1683144746.9624178
