event_sleeping_wait_all:
  end: 1683145585.3714685
  start: 1683145442.0654118
