event_sleeping_wait_all:
  end: 1683145177.7795215
  start: 1683144959.5091999
