event_sleeping_wait_all:
  end: 1683143932.8395882
  start: 1683143864.4376576
