event_sleeping_wait_all:
  end: 1683144695.3435671
  start: 1683144374.4611585
