event_sleeping:
  end: 1683143812.7840931
  start: 1683143737.7800167
