event_sleeping_wait_all:
  end: 1683144322.8671558
  start: 1683143984.5017357
