event_sleeping_wait_all:
  end: 1683144007.7724247
  start: 1683143864.8129928
