event_sleeping:
  end: 1683143812.849711
  start: 1683143737.781388
