event_sleeping_wait_all:
  end: 1683144202.8320608
  start: 1683144059.740351
