event_sleeping_wait_all:
  end: 1683144127.807255
  start: 1683144059.5700865
