event_sleeping:
  end: 1683143737.7809682
  start: 1683143737.7808764
