event_sleeping_wait_all:
  end: 1683145102.8354344
  start: 1683145034.5248861
