event_sleeping_wait_all:
  end: 1683144592.804016
  start: 1683144449.4613194
