event_sleeping_wait_all:
  end: 1683144007.867734
  start: 1683143789.4036427
