event_sleeping_wait_all:
  end: 1683145372.8671227
  start: 1683145154.4876897
