event_sleeping_wait_all:
  end: 1683144982.867094
  start: 1683144644.4921331
