event_sleeping_wait_all:
  end: 1683144397.871654
  start: 1683144179.4799855
