event_sleeping_wait_all:
  end: 1683145297.8675616
  start: 1683144959.5510623
