event_sleeping_wait_all:
  end: 1683144127.847099
  start: 1683144059.5803893
