event_sleeping_wait_all:
  end: 1683144907.871559
  start: 1683144644.492312
