event_sleeping:
  end: 1683143812.7836487
  start: 1683143737.7815466
