event_sleeping_wait_all:
  end: 1683144007.8674173
  start: 1683143864.4380438
