event_sleeping_wait_all:
  end: 1683144305.3278065
  start: 1683144179.5051808
