event_sleeping_wait_all:
  end: 1683144592.8036284
  start: 1683144356.948312
