event_sleeping_wait_all:
  end: 1683145687.8678398
  start: 1683145349.5377624
