event_sleeping:
  end: 1683143775.3119202
  start: 1683143737.779779
