event_sleeping_wait_all:
  end: 1683144360.371105
  start: 1683144216.934302
