event_sleeping_wait_all:
  end: 1683144555.371161
  start: 1683144412.0328727
