event_sleeping:
  end: 1683143970.3517048
  start: 1683143826.9570222
