event_sleeping:
  end: 1683144165.3711739
  start: 1683144022.0282114
