event_sleeping:
  end: 1685323727.3878405
  start: 1685323313.4625072
