event_sleeping:
  end: 1685323262.3922293
  start: 1685323118.4633172
