event_sleeping:
  end: 1685323067.3775268
  start: 1685322923.4101129
