event_sleeping:
  end: 1685322872.3399036
  start: 1685322715.8444664
