event_sleeping:
  end: 1685323922.3399987
  start: 1685323778.4420602
