event_sleeping:
  end: 1685322659.803967
  start: 1685322269.8039336
