event_sleeping:
  end: 1685324134.8761108
  start: 1685323973.4183831
