event_sleeping:
  end: 1685323634.8120098
  start: 1685323600.678769
