event_sleeping:
  end: 1685322872.3392532
  start: 1685322820.734577
