event_sleeping:
  end: 1685322482.387708
  start: 1685322329.982185
