event_sleeping:
  end: 1685322769.8878465
  start: 1685322533.2144065
