event_sleeping:
  end: 1685323549.8879545
  start: 1685323295.6923587
