event_sleeping:
  end: 1685322269.7964985
  start: 1685322269.7962399
