event_sleeping:
  end: 1685323244.8881392
  start: 1685322923.121643
