event_sleeping:
  end: 1685323939.8681695
  start: 1685323685.60829
