event_sleeping:
  end: 1685323847.3569067
  start: 1685323685.6584344
