event_sleeping:
  end: 1685322269.798302
  start: 1685322269.7979345
