event_sleeping:
  end: 1685323262.3167133
  start: 1685323193.1948442
