event_sleeping:
  end: 1685324117.3879404
  start: 1685323898.1573489
