event_sleeping:
  end: 1685323634.8838832
  start: 1685323313.1622863
