event_sleeping:
  end: 1685322947.3876567
  start: 1685322320.614807
