event_sleeping:
  end: 1685323142.3879826
  start: 1685322998.1763873
