event_sleeping:
  end: 1685323847.3572528
  start: 1685323778.1446328
