event_sleeping:
  end: 1685323049.788014
  start: 1685322905.6124907
