event_sleeping:
  end: 1685322362.3184772
  start: 1685322269.7966237
