event_sleeping:
  end: 1685322659.8839016
  start: 1685322413.133033
