event_sleeping:
  end: 1685323727.3241887
  start: 1685323583.20907
