event_sleeping:
  end: 1685323244.8878622
  start: 1685323100.623323
