event_sleeping:
  end: 1685322854.8120806
  start: 1685322710.7066195
