event_sleeping:
  end: 1685323532.38801
  start: 1685323295.6892562
