event_sleeping:
  end: 1685324312.3877096
  start: 1685323898.179643
