event_sleeping:
  end: 1685323549.8882723
  start: 1685323313.0726335
