event_sleeping:
  end: 1685322574.8879058
  start: 1685322320.5651305
