event_sleeping:
  end: 1685323262.3497539
  start: 1685323210.5996768
