event_sleeping:
  end: 1685324024.8877113
  start: 1685323795.590461
