event_sleeping:
  end: 1685323159.815358
  start: 1685322710.560472
