event_sleeping:
  end: 1685323744.868042
  start: 1685323600.6244943
