event_sleeping:
  end: 1685322659.8163714
  start: 1685322625.6095536
