event_sleeping:
  end: 1685322269.7968373
  start: 1685322269.7968183
