event_sleeping:
  end: 1685323299.883914
  start: 1685323155.9913316
