event_sleeping:
  end: 1685322909.8413801
  start: 1685322765.9890716
