event_sleeping:
  end: 1685322324.8366177
  start: 1685322269.7916405
