event_sleeping:
  end: 1685322519.8840308
  start: 1685322375.672923
