event_sleeping:
  end: 1685323689.8879557
  start: 1685323546.0406024
