event_sleeping:
  end: 1685323884.8160653
  start: 1685323741.0404785
