event_sleeping:
  end: 1685323494.883877
  start: 1685323351.0450294
