event_sleeping:
  end: 1685322714.8327298
  start: 1685322571.0573967
