event_sleeping:
  end: 1685323104.871443
  start: 1685322960.9961116
