event_sleeping_wait_all:
  end: 1683100929.9995797
  start: 1683100591.5546124
