event_sleeping_wait_all:
  end: 1683099777.5002158
  start: 1683099616.7067852
