event_sleeping_wait_all:
  end: 1683101709.9994552
  start: 1683101481.6041603
