event_sleeping:
  end: 1683097809.9349422
  start: 1683097776.6529055
