event_sleeping_wait_all:
  end: 1683099369.9338799
  start: 1683099336.639796
