event_sleeping_wait_all:
  end: 1683100149.9436069
  start: 1683100006.6681664
