event_sleeping_wait_all:
  end: 1683100454.9995155
  start: 1683100201.6564753
