event_sleeping:
  end: 1683097725.008303
  start: 1683097614.9044867
