event_sleeping_wait_all:
  end: 1683099759.9993794
  start: 1683099616.6380584
