event_sleeping_wait_all:
  end: 1683101022.4477053
  start: 1683100896.5674279
