event_sleeping_wait_all:
  end: 1683099284.9756193
  start: 1683099124.0955703
