event_sleeping:
  end: 1683098682.4995565
  start: 1683097666.5738568
