event_sleeping_wait_all:
  end: 1683100454.999985
  start: 1683100116.7014003
