event_sleeping:
  end: 1683097724.9756808
  start: 1683097614.9454875
