event_sleeping:
  end: 1683099192.4513934
  start: 1683099141.8803442
