event_sleeping:
  end: 1683098589.9993858
  start: 1683098251.9418802
