event_sleeping:
  end: 1683097809.933861
  start: 1683097776.8921695
