event_sleeping_wait_all:
  end: 1683099674.999578
  start: 1683099531.9916594
