event_sleeping_wait_all:
  end: 1683100064.9994864
  start: 1683099811.832419
