event_sleeping_wait_all:
  end: 1683100455.0080583
  start: 1683100311.620863
