event_sleeping:
  end: 1683099285.0112362
  start: 1683099141.5258362
