event_sleeping_wait_all:
  end: 1683100064.9115858
  start: 1683099904.0894144
