event_sleeping:
  end: 1683099852.50213
  start: 1683099421.6023207
