event_sleeping_wait_all:
  end: 1683101124.9995024
  start: 1683100786.6946433
