event_sleeping_wait_all:
  end: 1683101709.9313455
  start: 1683101676.6197417
