event_sleeping:
  end: 1683097614.9525242
  start: 1683097614.9525044
