event_sleeping_wait_all:
  end: 1683100649.9995258
  start: 1683100219.1478622
