event_sleeping_wait_all:
  end: 1683101624.9794579
  start: 1683101176.6645384
