event_sleeping_wait_all:
  end: 1683100167.439799
  start: 1683100006.6785243
