event_sleeping:
  end: 1683098309.9995625
  start: 1683098166.685822
