event_sleeping:
  end: 1683099424.911696
  start: 1683099281.5673904
