event_sleeping_wait_all:
  end: 1683101960.0020459
  start: 1683101816.58393
