event_sleeping_wait_all:
  end: 1683100984.9995966
  start: 1683100451.567817
