event_sleeping_wait_all:
  end: 1683102155.0016408
  start: 1683102011.5389454
