event_sleeping:
  end: 1683099814.9995215
  start: 1683099671.5436165
