event_sleeping:
  end: 1683098450.0010626
  start: 1683097721.5381813
