event_sleeping:
  end: 1683098644.9995909
  start: 1683098501.5963047
