event_sleeping_wait_all:
  end: 1684073996.7235754
  start: 1684073743.3812606
