event_sleeping:
  end: 1684072911.6318214
  start: 1684072911.6306698
