event_sleeping_wait_all:
  end: 1684074081.659421
  start: 1684074048.399658
