event_sleeping_wait_all:
  end: 1684075251.723804
  start: 1684075023.3304098
