event_sleeping_wait_all:
  end: 1684073496.6354704
  start: 1684073445.8611593
