event_sleeping_wait_all:
  end: 1684075734.225194
  start: 1684075303.350569
