event_sleeping:
  end: 1684073394.2027564
  start: 1684073158.3434458
