event_sleeping_wait_all:
  end: 1684074971.7235374
  start: 1684074523.324164
