event_sleeping:
  end: 1684073106.7269003
  start: 1684072963.2711363
