event_sleeping_wait_all:
  end: 1684073691.7023673
  start: 1684073548.2699866
