event_sleeping_wait_all:
  end: 1684074471.631581
  start: 1684074133.2988534
