event_sleeping_wait_all:
  end: 1684075056.72148
  start: 1684074930.9026496
