event_sleeping_wait_all:
  end: 1684075269.1468332
  start: 1684075108.3568437
