event_sleeping_wait_all:
  end: 1684075854.1628234
  start: 1684075803.3973227
