event_sleeping_wait_all:
  end: 1684074386.680415
  start: 1684074048.2906878
