event_sleeping_wait_all:
  end: 1684074879.2242746
  start: 1684074615.8715758
