event_sleeping:
  end: 1684073004.182297
  start: 1684072911.6316428
