event_sleeping_wait_all:
  end: 1684073606.6315677
  start: 1684073353.3812325
