event_sleeping_wait_all:
  end: 1684075751.73197
  start: 1684075590.7681394
