event_sleeping_wait_all:
  end: 1684073106.6756015
  start: 1684073055.824121
