event_sleeping_wait_all:
  end: 1684073301.7276433
  start: 1684073158.3431382
