event_sleeping_wait_all:
  end: 1684073996.6527164
  start: 1684073658.312765
