event_sleeping_wait_all:
  end: 1684075539.136139
  start: 1684075320.7833302
