event_sleeping_wait_all:
  end: 1684074564.178565
  start: 1684074438.3221753
