event_sleeping_wait_all:
  end: 1684075751.723538
  start: 1684075590.869548
