event_sleeping:
  end: 1684073021.721958
  start: 1684072911.6323664
