event_sleeping:
  end: 1684073606.7238796
  start: 1684073353.3071973
