event_sleeping_wait_all:
  end: 1684075946.726356
  start: 1684075803.3858516
