event_sleeping_wait_all:
  end: 1684074081.7234163
  start: 1684073955.8796072
