event_sleeping:
  end: 1684073904.2264888
  start: 1684073658.3857114
