event_sleeping_wait_all:
  end: 1684075539.2239842
  start: 1684075413.28097
