event_sleeping:
  end: 1684073216.7235308
  start: 1684073073.3827417
