event_sleeping_wait_all:
  end: 1684074861.6361618
  start: 1684074718.235245
