event_sleeping_wait_all:
  end: 1684074666.6753895
  start: 1684074615.8711245
