event_sleeping_wait_all:
  end: 1684075166.7324932
  start: 1684074913.3291645
