event_sleeping_wait_all:
  end: 1684075361.6315453
  start: 1684075218.3017402
