event_sleeping:
  end: 1684073301.6332562
  start: 1684073268.357969
