event_sleeping_wait_all:
  end: 1684074564.2234364
  start: 1684074133.3158476
