event_sleeping_wait_all:
  end: 1684076319.1597197
  start: 1684075998.3555458
