event_sleeping_wait_all:
  end: 1684073606.723488
  start: 1684073445.8630455
