event_sleeping_wait_all:
  end: 1684075734.224396
  start: 1684075498.3560588
