event_sleeping_wait_all:
  end: 1684073801.7235277
  start: 1684073658.3434913
