event_sleeping_wait_all:
  end: 1684075251.6600258
  start: 1684075218.3697326
