event_sleeping_wait_all:
  end: 1684075166.732315
  start: 1684074930.9028864
