event_sleeping_wait_all:
  end: 1684075446.6716146
  start: 1684075303.2830236
