event_sleeping_wait_all:
  end: 1684074879.223633
  start: 1684074633.4062786
