event_sleeping_wait_all:
  end: 1684074581.7235334
  start: 1684074328.2536564
