event_sleeping:
  end: 1684072911.6329064
  start: 1684072911.6326506
