event_sleeping:
  end: 1684073394.1636558
  start: 1684072963.274247
