event_sleeping_wait_all:
  end: 1684073996.7241783
  start: 1684073853.416549
