event_sleeping_wait_all:
  end: 1684074276.6275387
  start: 1684074048.3979907
