event_sleeping_wait_all:
  end: 1684073709.1478775
  start: 1684073548.2399821
