event_sleeping_wait_all:
  end: 1684075166.7234566
  start: 1684074718.222956
