event_sleeping_wait_all:
  end: 1684074666.6396043
  start: 1684074328.2386916
