event_sleeping_wait_all:
  end: 1684074191.7265923
  start: 1684073760.7987046
