event_sleeping_wait_all:
  end: 1684073394.2263558
  start: 1684073055.7837052
