event_sleeping_wait_all:
  end: 1684074276.6594145
  start: 1684074243.3261049
