event_sleeping_wait_all:
  end: 1684075836.7075047
  start: 1684075693.2330546
