event_sleeping:
  end: 1684073004.1827776
  start: 1684072911.6359043
