event_sleeping_wait_all:
  end: 1684073496.6756907
  start: 1684073445.8267016
