event_sleeping_wait_all:
  end: 1684075539.2235405
  start: 1684075303.272076
