event_sleeping_wait_all:
  end: 1684076514.2266297
  start: 1684076193.2640228
