event_sleeping_wait_all:
  end: 1684076141.6732135
  start: 1684075888.2930644
