event_sleeping_wait_all:
  end: 1684075251.6597095
  start: 1684075218.2836564
