event_sleeping_wait_all:
  end: 1684075641.6594896
  start: 1684075590.767936
