event_sleeping:
  end: 1684074526.6275327
  start: 1684073993.7472453
