event_sleeping:
  end: 1684073746.7021322
  start: 1684073408.686669
