event_sleeping:
  end: 1684074916.7067049
  start: 1684074578.6191964
