event_sleeping:
  end: 1684075501.7266924
  start: 1684075358.732563
