event_sleeping:
  end: 1684073356.6423206
  start: 1684073213.6543148
