event_sleeping:
  end: 1684075306.7235556
  start: 1684074968.6864443
