event_sleeping:
  end: 1684072966.6579576
  start: 1684072911.6298077
