event_sleeping_wait_all:
  end: 1684076476.691548
  start: 1684076333.719904
