event_sleeping_wait_all:
  end: 1684076281.687112
  start: 1684076138.6267827
