event_sleeping_wait_all:
  end: 1684076086.646888
  start: 1684075943.7023203
