event_sleeping:
  end: 1684073941.7236028
  start: 1684073798.6762085
