event_sleeping_wait_all:
  end: 1684075891.7234905
  start: 1684075748.6618247
