event_sleeping:
  end: 1684073161.723619
  start: 1684073018.67109
