event_sleeping:
  end: 1684075696.7268841
  start: 1684075553.709154
