event_sleeping_wait_all:
  end: 1684902993.2892585
  start: 1684902850.2483277
