event_sleeping_wait_all:
  end: 1684899203.2890067
  start: 1684898950.1731038
