event_sleeping_wait_all:
  end: 1684905638.2654471
  start: 1684905385.1933858
