event_sleeping_wait_all:
  end: 1684900263.2219028
  start: 1684900230.2181373
