event_sleeping_wait_all:
  end: 1684899593.2888286
  start: 1684899450.1425636
