event_sleeping_wait_all:
  end: 1684901933.241958
  start: 1684901485.1423922
