event_sleeping_wait_all:
  end: 1684895498.288877
  start: 1684895245.202156
