event_sleeping_wait_all:
  end: 1684901348.220755
  start: 1684901095.1881208
