event_sleeping_wait_all:
  end: 1684896668.2521145
  start: 1684896525.1923807
