event_sleeping_wait_all:
  end: 1684904078.2895339
  start: 1684903825.1037107
