event_sleeping_wait_all:
  end: 1684895973.2914903
  start: 1684895847.677247
