event_sleeping_wait_all:
  end: 1684901433.1922386
  start: 1684901400.1583076
