event_sleeping_wait_all:
  end: 1684898898.2136545
  start: 1684898755.157563
