event_sleeping:
  end: 1684895193.287954
  start: 1684894998.1975951
