event_sleeping_wait_all:
  end: 1684903773.2219298
  start: 1684903740.1514142
