event_sleeping_wait_all:
  end: 1684902323.2279897
  start: 1684901985.1922154
