event_sleeping_wait_all:
  end: 1684904858.2898278
  start: 1684904605.170026
