event_sleeping_wait_all:
  end: 1684900458.2040665
  start: 1684900315.1689515
