event_sleeping_wait_all:
  end: 1684903298.2891426
  start: 1684903045.2526016
