event_sleeping_wait_all:
  end: 1684904553.2262802
  start: 1684904520.150253
