event_sleeping_wait_all:
  end: 1684900763.192209
  start: 1684900510.0989795
