event_sleeping_wait_all:
  end: 1684902798.2880895
  start: 1684902570.2509217
