event_sleeping_wait_all:
  end: 1684895600.7399943
  start: 1684895550.201776
