event_sleeping_wait_all:
  end: 1684904273.192099
  start: 1684904130.1925309
