event_sleeping_wait_all:
  end: 1684899398.2402842
  start: 1684899255.2066097
