event_sleeping_wait_all:
  end: 1684897550.7481332
  start: 1684897482.7496936
