event_sleeping_wait_all:
  end: 1684901043.2879503
  start: 1684900815.0948343
