event_sleeping_wait_all:
  end: 1684898703.2879949
  start: 1684898577.721038
