event_sleeping_wait_all:
  end: 1684897253.2761056
  start: 1684896720.1804059
