event_sleeping_wait_all:
  end: 1684900178.2896256
  start: 1684900035.2278564
