event_sleeping_wait_all:
  end: 1684905333.288879
  start: 1684904910.250383
