event_sleeping_wait_all:
  end: 1684898525.756066
  start: 1684897890.2324517
