event_sleeping_wait_all:
  end: 1684904468.220119
  start: 1684904325.0832996
