event_sleeping_wait_all:
  end: 1684905815.702937
  start: 1684905690.1880448
