event_sleeping_wait_all:
  end: 1684896473.2444582
  start: 1684896025.191552
