event_sleeping_wait_all:
  end: 1684897430.790711
  start: 1684897305.2215517
