event_sleeping_wait_all:
  end: 1684895795.7736871
  start: 1684895652.6774502
