event_sleeping_wait_all:
  end: 1684899983.3002427
  start: 1684899645.26322
