event_sleeping_wait_all:
  end: 1684897838.2891958
  start: 1684897602.7109528
