event_sleeping_wait_all:
  end: 1684902518.28921
  start: 1684902375.1481433
