event_sleeping_wait_all:
  end: 1684903688.252509
  start: 1684903350.2301157
