event_sleeping_wait_all:
  end: 1684895193.288381
  start: 1684895049.8263636
