event_sleeping_wait_all:
  end: 1684897728.2895498
  start: 1684897389.8881106
