event_sleeping_wait_all:
  end: 1684896168.2841194
  start: 1684895939.9459944
