event_sleeping_wait_all:
  end: 1684896845.7761376
  start: 1684896609.8652449
