event_sleeping_wait_all:
  end: 1684901450.7359722
  start: 1684901399.9146647
