event_sleeping_wait_all:
  end: 1684899203.1961496
  start: 1684898949.9423795
