event_sleeping_wait_all:
  end: 1684898618.2199214
  start: 1684898474.9546542
