event_sleeping_wait_all:
  end: 1684896948.240097
  start: 1684896897.4293594
