event_sleeping:
  end: 1684894998.1963775
  start: 1684894998.1962836
