event_sleeping_wait_all:
  end: 1684897923.289546
  start: 1684897779.950987
