event_sleeping_wait_all:
  end: 1684901348.2204406
  start: 1684901187.3656912
