event_sleeping_wait_all:
  end: 1684896558.2225003
  start: 1684896219.9661095
