event_sleeping_wait_all:
  end: 1684899983.3017516
  start: 1684899644.9585323
