event_sleeping_wait_all:
  end: 1684899593.287988
  start: 1684899339.877388
