event_sleeping_wait_all:
  end: 1684898228.289484
  start: 1684897974.939285
