event_sleeping_wait_all:
  end: 1684901135.69217
  start: 1684900814.990357
