event_sleeping_wait_all:
  end: 1684900458.287916
  start: 1684900229.9220219
