event_sleeping_wait_all:
  end: 1684899288.2226386
  start: 1684899254.8319356
