event_sleeping_wait_all:
  end: 1684895888.2889667
  start: 1684895634.84866
