event_sleeping_wait_all:
  end: 1684895583.1960444
  start: 1684895244.9050276
