event_sleeping_wait_all:
  end: 1684900763.2897024
  start: 1684900509.940732
