event_sleeping_wait_all:
  end: 1684898423.2881129
  start: 1684898279.9730933
