event_sleeping_wait_all:
  end: 1684898898.288075
  start: 1684898754.8782835
