event_sleeping_wait_all:
  end: 1684898703.2029784
  start: 1684898669.8374054
