event_sleeping_wait_all:
  end: 1684900178.2891414
  start: 1684900034.9816818
