event_sleeping_wait_all:
  end: 1684897338.236503
  start: 1684896999.9189792
