event_sleeping_wait_all:
  end: 1684899873.2892814
  start: 1684899729.951954
