event_sleeping_wait_all:
  end: 1684905053.2889216
  start: 1684904909.9608655
