event_sleeping_wait_all:
  end: 1684895693.2515583
  start: 1684895439.8753397
