event_sleeping_wait_all:
  end: 1684906113.2889261
  start: 1684905969.9847848
