event_sleeping_wait_all:
  end: 1684895303.2880332
  start: 1684895159.8227708
