event_sleeping_wait_all:
  end: 1684902908.2891495
  start: 1684902764.9613276
