event_sleeping_wait_all:
  end: 1684899398.2882137
  start: 1684898364.8730848
