event_sleeping_wait_all:
  end: 1684902128.2894042
  start: 1684901984.9262252
