event_sleeping_wait_all:
  end: 1684896575.7304847
  start: 1684896524.9010913
