event_sleeping_wait_all:
  end: 1684899678.2890527
  start: 1684899534.8674579
