event_sleeping_wait_all:
  end: 1684902713.2890456
  start: 1684902459.8913143
