event_sleeping_wait_all:
  end: 1684901348.2200708
  start: 1684901187.461486
