event_sleeping_wait_all:
  end: 1684898228.2890296
  start: 1684897779.9891536
