event_sleeping_wait_all:
  end: 1684897058.22017
  start: 1684896897.4391992
