event_sleeping:
  end: 1684895108.2200606
  start: 1684894998.1970096
