event_sleeping_wait_all:
  end: 1684903968.242614
  start: 1684903739.9079416
