event_sleeping_wait_all:
  end: 1684900475.7359793
  start: 1684900424.9794989
