event_sleeping_wait_all:
  end: 1684900763.289049
  start: 1684900527.452583
