event_sleeping_wait_all:
  end: 1684898313.2226887
  start: 1684898279.9733677
