event_sleeping_wait_all:
  end: 1684897728.2890544
  start: 1684897584.9585736
