event_sleeping_wait_all:
  end: 1684900373.289107
  start: 1684900119.9629753
