event_sleeping_wait_all:
  end: 1684901135.7880948
  start: 1684900899.8848782
