event_sleeping_wait_all:
  end: 1684901933.241514
  start: 1684901399.883224
