event_sleeping_wait_all:
  end: 1684904858.289512
  start: 1684904714.9424467
