event_sleeping_wait_all:
  end: 1684902323.2879236
  start: 1684902179.9635973
