event_sleeping_wait_all:
  end: 1684905918.2891674
  start: 1684905579.9667854
