event_sleeping_wait_all:
  end: 1684903688.2937214
  start: 1684903434.939487
