event_sleeping_wait_all:
  end: 1684905528.2891343
  start: 1684905104.9385533
