event_sleeping_wait_all:
  end: 1684896473.2995715
  start: 1684896024.9027271
