event_sleeping_wait_all:
  end: 1684899483.2198644
  start: 1684899449.957309
