event_sleeping_wait_all:
  end: 1684902408.2221837
  start: 1684902374.9387708
