event_sleeping_wait_all:
  end: 1684897235.7360563
  start: 1684897109.860244
