event_sleeping_wait_all:
  end: 1684904163.2879543
  start: 1684904019.9301171
