event_sleeping_wait_all:
  end: 1684895973.2518036
  start: 1684895922.9666748
