event_sleeping_wait_all:
  end: 1684903383.2892535
  start: 1684903239.9148142
