event_sleeping_wait_all:
  end: 1684903188.2225285
  start: 1684903154.8798442
