event_sleeping_wait_all:
  end: 1684904663.2887099
  start: 1684904214.9118977
