event_sleeping_wait_all:
  end: 1684906400.7360456
  start: 1684906164.9523604
