event_sleeping_wait_all:
  end: 1684896845.7879307
  start: 1684896627.3969743
