event_sleeping_wait_all:
  end: 1684895870.7891006
  start: 1684895744.9067385
