event_sleeping_wait_all:
  end: 1684900068.2879198
  start: 1684899924.932105
