event_sleeping_wait_all:
  end: 1684900848.2224507
  start: 1684900814.9588869
