event_sleeping_wait_all:
  end: 1684903103.2083886
  start: 1684902959.9494045
