event_sleeping_wait_all:
  end: 1684895388.2198799
  start: 1684895354.9029655
