event_sleeping_wait_all:
  end: 1684896473.244034
  start: 1684896312.3644476
