event_sleeping_wait_all:
  end: 1684898423.2884839
  start: 1684898169.910609
