event_sleeping_wait_all:
  end: 1684896753.2004645
  start: 1684896609.864674
