event_sleeping_wait_all:
  end: 1684896083.2891128
  start: 1684895744.9054155
