event_sleeping_wait_all:
  end: 1684898033.288918
  start: 1684897677.4539948
