event_sleeping_wait_all:
  end: 1684895693.2511346
  start: 1684895354.8724968
