event_sleeping_wait_all:
  end: 1684901450.787835
  start: 1684901204.9767365
