event_sleeping_wait_all:
  end: 1684899983.2679229
  start: 1684899839.876365
