event_sleeping_wait_all:
  end: 1684899788.2068648
  start: 1684899059.9115455
