event_sleeping_wait_all:
  end: 1684900958.2879002
  start: 1684900704.9206474
