event_sleeping_wait_all:
  end: 1684897430.7801604
  start: 1684897194.8477223
