event_sleeping_wait_all:
  end: 1684900373.2887664
  start: 1684900034.9183204
