event_sleeping_wait_all:
  end: 1684898703.2026045
  start: 1684898474.9346254
