event_sleeping_wait_all:
  end: 1684898118.2199893
  start: 1684898084.951386
