event_sleeping_wait_all:
  end: 1684896558.2220948
  start: 1684896524.8941538
