event_sleeping_wait_all:
  end: 1684901153.288782
  start: 1684901009.9309561
