event_sleeping_wait_all:
  end: 1684896260.7360399
  start: 1684896134.9203796
