event_sleeping_wait_all:
  end: 1684900653.288044
  start: 1684900424.971728
