event_sleeping_wait_all:
  end: 1684895303.2322588
  start: 1684895159.9138968
