event_sleeping_wait_all:
  end: 1684899008.2538028
  start: 1684898754.8780928
