event_sleeping_wait_all:
  end: 1684897040.789081
  start: 1684896804.8498108
