event_sleeping:
  end: 1684895108.2878835
  start: 1684894998.1955435
