event_sleeping_wait_all:
  end: 1684897625.7889657
  start: 1684897482.4780042
