event_sleeping_wait_all:
  end: 1684897143.1964228
  start: 1684897092.4542692
