event_sleeping_wait_all:
  end: 1684896558.2879446
  start: 1684896024.8390937
