event_sleeping_wait_all:
  end: 1684902408.2880945
  start: 1684902264.8144274
