event_sleeping_wait_all:
  end: 1684900653.2224076
  start: 1684900619.8801541
