event_sleeping_wait_all:
  end: 1684897058.2880352
  start: 1684896914.868191
