event_sleeping_wait_all:
  end: 1684904858.2891362
  start: 1684904604.8241053
