event_sleeping_wait_all:
  end: 1684898703.2885115
  start: 1684898364.8398864
