event_sleeping_wait_all:
  end: 1684900568.2521138
  start: 1684900332.4097793
