event_sleeping_wait_all:
  end: 1684897923.289018
  start: 1684897677.411073
