event_sleeping_wait_all:
  end: 1684903103.2878716
  start: 1684902849.8640013
