event_sleeping_wait_all:
  end: 1684902213.2120118
  start: 1684902179.9091072
