event_sleeping_wait_all:
  end: 1684895193.2223916
  start: 1684895159.7494156
