event_sleeping_wait_all:
  end: 1684897143.1960444
  start: 1684897109.8633704
