event_sleeping_wait_all:
  end: 1684898313.223014
  start: 1684897974.895432
