event_sleeping_wait_all:
  end: 1684899593.2479978
  start: 1684899339.8392417
