event_sleeping_wait_all:
  end: 1684903493.2890396
  start: 1684903349.9217393
