event_sleeping_wait_all:
  end: 1684903298.2895567
  start: 1684903154.8612921
