event_sleeping_wait_all:
  end: 1684897625.7893896
  start: 1684897389.86783
