event_sleeping_wait_all:
  end: 1684899288.2389278
  start: 1684899237.305078
