event_sleeping_wait_all:
  end: 1684904163.219843
  start: 1684904129.9251354
