event_sleeping_wait_all:
  end: 1684901738.2888508
  start: 1684901009.8032477
