event_sleeping_wait_all:
  end: 1684899008.2534206
  start: 1684898754.8782046
