event_sleeping_wait_all:
  end: 1684895778.2041738
  start: 1684895244.8483548
