event_sleeping_wait_all:
  end: 1684897338.2360358
  start: 1684897194.8206627
