event_sleeping_wait_all:
  end: 1684905035.7082052
  start: 1684904909.8727682
