event_sleeping_wait_all:
  end: 1684904358.289187
  start: 1684904214.7513719
