event_sleeping:
  end: 1684895108.2198856
  start: 1684894998.1960683
