event_sleeping_wait_all:
  end: 1684903688.2521334
  start: 1684903544.922672
