event_sleeping_wait_all:
  end: 1684895973.2121153
  start: 1684895829.789334
