event_sleeping_wait_all:
  end: 1684902603.228152
  start: 1684902459.879599
