event_sleeping_wait_all:
  end: 1684896863.28885
  start: 1684896609.8746939
