event_sleeping_wait_all:
  end: 1684902798.2846496
  start: 1684902654.8430552
