event_sleeping_wait_all:
  end: 1684904078.2890573
  start: 1684903824.8034852
