event_sleeping_wait_all:
  end: 1684904553.2155035
  start: 1684904409.8516412
