event_sleeping_wait_all:
  end: 1684900958.2281005
  start: 1684900704.8452196
