event_sleeping_wait_all:
  end: 1684902128.2889452
  start: 1684901789.8658202
