event_sleeping_wait_all:
  end: 1684900068.2399592
  start: 1684900017.3984468
