event_sleeping_wait_all:
  end: 1684899185.6922264
  start: 1684899059.8494115
