event_sleeping_wait_all:
  end: 1684900280.7892804
  start: 1684900119.8110044
