event_sleeping_wait_all:
  end: 1684903773.2221994
  start: 1684903739.8551521
