event_sleeping:
  end: 1684897393.2893002
  start: 1684897250.3003542
