event_sleeping_wait_all:
  end: 1684902463.287895
  start: 1684902320.1387491
