event_sleeping_wait_all:
  end: 1684902658.2894282
  start: 1684902515.2735374
