event_sleeping:
  end: 1684898368.289263
  start: 1684898225.3178308
