event_sleeping_wait_all:
  end: 1684905388.2841446
  start: 1684905245.2111554
