event_sleeping_wait_all:
  end: 1684906363.2600648
  start: 1684906220.2974353
