event_sleeping:
  end: 1684899343.2302465
  start: 1684899200.27755
