event_sleeping:
  end: 1684898173.25204
  start: 1684898030.2742617
