event_sleeping:
  end: 1684896808.2889047
  start: 1684896665.211953
