event_sleeping:
  end: 1684899538.2453825
  start: 1684899395.3137107
