event_sleeping_wait_all:
  end: 1684902853.2302139
  start: 1684902710.332727
