event_sleeping:
  end: 1684900513.2121584
  start: 1684900370.2789788
