event_sleeping_wait_all:
  end: 1684905778.289325
  start: 1684905635.2452488
