event_sleeping:
  end: 1684895053.243979
  start: 1684894998.1932206
