event_sleeping:
  end: 1684895638.2041087
  start: 1684895300.2734997
