event_sleeping:
  end: 1684898758.2891555
  start: 1684898615.2856855
