event_sleeping:
  end: 1684897588.2892065
  start: 1684897445.2741818
