event_sleeping:
  end: 1684896613.2601085
  start: 1684896470.227679
