event_sleeping:
  end: 1684897978.2681317
  start: 1684897645.3750954
