event_sleeping_wait_all:
  end: 1684902073.2880962
  start: 1684901930.3047333
