event_sleeping:
  end: 1684897003.2041025
  start: 1684896860.2688236
