event_sleeping:
  end: 1684895833.2892315
  start: 1684895690.1892877
