event_sleeping:
  end: 1684896028.2890964
  start: 1684895885.3015835
