event_sleeping:
  end: 1684901098.2890332
  start: 1684900565.181185
