event_sleeping:
  end: 1684899148.2521157
  start: 1684898810.3693616
