event_sleeping_wait_all:
  end: 1684905583.2003603
  start: 1684905440.261708
