event_sleeping_wait_all:
  end: 1684906168.289225
  start: 1684905830.2663155
