event_sleeping_wait_all:
  end: 1684904803.2520561
  start: 1684904270.2458334
