event_sleeping_wait_all:
  end: 1684903828.2878866
  start: 1684903295.3156598
