event_sleeping:
  end: 1684900318.2361195
  start: 1684899980.183155
