event_sleeping:
  end: 1684896418.2041461
  start: 1684896275.2109447
