event_sleeping:
  end: 1684897198.2893586
  start: 1684897055.2003686
