event_sleeping:
  end: 1684898563.223508
  start: 1684898420.287626
