event_sleeping:
  end: 1684895248.2890751
  start: 1684895104.893263
