event_sleeping_wait_all:
  end: 1684903243.2895095
  start: 1684903100.2519217
