event_sleeping_wait_all:
  end: 1684901878.2361546
  start: 1684901540.3191297
