event_sleeping:
  end: 1684899733.255456
  start: 1684899590.2886083
