event_sleeping_wait_all:
  end: 1684903048.2893226
  start: 1684902905.2604997
