event_sleeping_wait_all:
  end: 1684904998.2894907
  start: 1684904855.216104
