event_sleeping:
  end: 1684899928.22006
  start: 1684899785.232623
