event_sleeping:
  end: 1684901488.2889729
  start: 1684901150.2881806
