event_sleeping_wait_all:
  end: 1684905193.2120676
  start: 1684905050.356107
