event_sleeping_wait_all:
  end: 1684902268.2036462
  start: 1684902125.305106
