event_sleeping:
  end: 1684896223.230178
  start: 1684896080.2715864
