event_sleeping:
  end: 1685498579.8831532
  start: 1685498384.7945309
