event_sleeping:
  end: 1685498384.7897272
  start: 1685498384.7896018
