event_sleeping:
  end: 1685498459.828256
  start: 1685498384.7941716
