event_sleeping:
  end: 1685498459.8700328
  start: 1685498384.79382
