event_sleeping:
  end: 1685498459.8279467
  start: 1685498384.791283
