event_sleeping:
  end: 1685498422.32446
  start: 1685498384.7939944
