event_sleeping:
  end: 1685498617.3439999
  start: 1685498478.6629472
