event_sleeping_wait_all:
  end: 1684875219.2602193
  start: 1684874686.2505455
