event_sleeping_wait_all:
  end: 1684873584.3058097
  start: 1684873533.7575908
