event_sleeping_wait_all:
  end: 1684873974.2681272
  start: 1684873831.2993667
