event_sleeping_wait_all:
  end: 1684873481.855306
  start: 1684873228.7640524
