event_sleeping_wait_all:
  end: 1684874439.3552432
  start: 1684874026.1489146
