event_sleeping_wait_all:
  end: 1684874634.3550813
  start: 1684874491.3167615
