event_sleeping:
  end: 1684873176.789854
  start: 1684872981.7611012
