event_sleeping_wait_all:
  end: 1684874829.2842004
  start: 1684874593.4850106
