event_sleeping_wait_all:
  end: 1684874541.8549738
  start: 1684874203.489728
