event_sleeping_wait_all:
  end: 1684873584.3519506
  start: 1684873246.087924
