event_sleeping_wait_all:
  end: 1684873871.8257973
  start: 1684873635.9687283
