event_sleeping:
  end: 1684872981.764994
  start: 1684872981.764901
