event_sleeping_wait_all:
  end: 1684873194.3552966
  start: 1684873033.440258
