event_sleeping_wait_all:
  end: 1684874151.8151548
  start: 1684873923.5066416
