event_sleeping_wait_all:
  end: 1684874829.3031688
  start: 1684874610.980472
