event_sleeping_wait_all:
  end: 1684874456.8013506
  start: 1684874025.987866
