event_sleeping_wait_all:
  end: 1684873854.3550694
  start: 1684873710.864817
