event_sleeping_wait_all:
  end: 1684873659.2600887
  start: 1684873423.4245908
