event_sleeping:
  end: 1684873091.8322399
  start: 1684872981.7663107
