event_sleeping_wait_all:
  end: 1684873286.852032
  start: 1684873143.4618447
