event_sleeping_wait_all:
  end: 1684873371.7890086
  start: 1684873338.5212948
