event_sleeping_wait_all:
  end: 1684874559.3063197
  start: 1684874508.4435096
