event_sleeping_wait_all:
  end: 1684873974.269759
  start: 1684873906.0180194
