event_sleeping_wait_all:
  end: 1684873286.8524826
  start: 1684873125.9201584
