event_sleeping:
  end: 1684873074.2682774
  start: 1684872981.7619953
