event_sleeping_wait_all:
  end: 1684874736.8551276
  start: 1684874610.9771163
