event_sleeping_wait_all:
  end: 1684874244.3253238
  start: 1684874118.5250793
