event_sleeping_wait_all:
  end: 1684874439.3559434
  start: 1684874295.9688547
