event_sleeping_wait_all:
  end: 1684874066.8551686
  start: 1684873728.4008512
