event_sleeping_wait_all:
  end: 1684875024.3450556
  start: 1684874788.5340004
