event_sleeping_wait_all:
  end: 1684874559.3400598
  start: 1684874491.0024023
