event_sleeping_wait_all:
  end: 1684873676.7641082
  start: 1684873338.5216942
