event_sleeping_wait_all:
  end: 1684873761.820008
  start: 1684873228.3800504
