event_sleeping_wait_all:
  end: 1684875321.8553472
  start: 1684875178.3737812
