event_sleeping_wait_all:
  end: 1684874541.8552978
  start: 1684874025.9668484
