event_sleeping_wait_all:
  end: 1684873974.3520277
  start: 1684873813.3708835
