event_sleeping:
  end: 1684873091.8642988
  start: 1684872981.7636285
