event_sleeping_wait_all:
  end: 1684873176.78954
  start: 1684873143.46155
