event_sleeping_wait_all:
  end: 1684875041.855259
  start: 1684874898.3673046
