event_sleeping_wait_all:
  end: 1684875126.7885308
  start: 1684875093.471264
