event_sleeping_wait_all:
  end: 1684875609.3555384
  start: 1684875373.4239054
