event_sleeping_wait_all:
  end: 1684874846.7600458
  start: 1684874593.4297464
