event_sleeping:
  end: 1684874791.8361104
  start: 1684874648.8606021
