event_sleeping:
  end: 1684874011.8552043
  start: 1684873868.8601258
