event_sleeping:
  end: 1684873231.836129
  start: 1684873104.108076
