event_sleeping:
  end: 1684874401.8552144
  start: 1684874258.770316
