event_sleeping:
  end: 1684873816.855307
  start: 1684873673.8300214
