event_sleeping_wait_all:
  end: 1684875571.7719262
  start: 1684875428.8297858
