event_sleeping:
  end: 1684874596.8276548
  start: 1684874453.901401
