event_sleeping:
  end: 1684873621.8387384
  start: 1684873283.8863716
