event_sleeping_wait_all:
  end: 1684875376.855357
  start: 1684875233.8034678
