event_sleeping:
  end: 1684874206.756011
  start: 1684874063.9011266
