event_sleeping_wait_all:
  end: 1684875181.855269
  start: 1684875038.8340042
