event_sleeping:
  end: 1684873036.7827864
  start: 1684872981.766097
