event_sleeping_wait_all:
  end: 1684874986.855385
  start: 1684874843.8796234
