event_sleeping:
  end: 1685744953.9088898
  start: 1685744758.8867617
