event_sleeping:
  end: 1685744758.8869991
  start: 1685744758.886941
