event_sleeping:
  end: 1685744868.976112
  start: 1685744758.8856688
