event_sleeping:
  end: 1685744868.9766994
  start: 1685744758.8832738
