event_sleeping:
  end: 1685744868.8961377
  start: 1685744758.8861415
