event_sleeping:
  end: 1685744813.8964357
  start: 1685744758.885327
