event_sleeping:
  end: 1685745008.9127486
  start: 1685744865.6030715
