event_sleeping:
  end: 1685499694.1400564
  start: 1685499499.1196704
