event_sleeping:
  end: 1685499499.1189563
  start: 1685499499.1186407
