event_sleeping:
  end: 1685499609.1600847
  start: 1685499499.1181433
