event_sleeping:
  end: 1685499609.2079518
  start: 1685499499.117241
