event_sleeping:
  end: 1685499609.208318
  start: 1685499499.1188211
