event_sleeping:
  end: 1685499554.1671271
  start: 1685499499.116759
