event_sleeping:
  end: 1685499749.208768
  start: 1685499606.1759322
