event_sleeping:
  end: 1685434638.9601371
  start: 1685434443.8669207
