event_sleeping_wait_all:
  end: 1685435011.39293
  start: 1685434978.3793452
