event_sleeping_wait_all:
  end: 1685435401.4563215
  start: 1685435258.3296828
