event_sleeping_wait_all:
  end: 1685435883.8921824
  start: 1685435453.3913343
