event_sleeping_wait_all:
  end: 1685436078.908018
  start: 1685435935.798055
