event_sleeping_wait_all:
  end: 1685434926.411424
  start: 1685434690.9219942
