event_sleeping_wait_all:
  end: 1685436003.9559133
  start: 1685435648.1010249
