event_sleeping_wait_all:
  end: 1685435316.4440947
  start: 1685435063.0464244
