event_sleeping_wait_all:
  end: 1685435596.4596553
  start: 1685435368.0797255
