event_sleeping:
  end: 1685434443.8656967
  start: 1685434443.8656523
