event_sleeping:
  end: 1685434621.460158
  start: 1685434495.5853891
