event_sleeping_wait_all:
  end: 1685435011.4040222
  start: 1685434673.0849237
