event_sleeping_wait_all:
  end: 1685435401.4108944
  start: 1685435350.6557415
