event_sleeping_wait_all:
  end: 1685436003.9080064
  start: 1685435953.102719
