event_sleeping:
  end: 1685435103.9093015
  start: 1685434868.0436723
