event_sleeping:
  end: 1685434731.4560778
  start: 1685434588.106911
