event_sleeping_wait_all:
  end: 1685435298.9602153
  start: 1685435155.6079526
