event_sleeping:
  end: 1685434536.4528165
  start: 1685434443.8651013
