event_sleeping_wait_all:
  end: 1685435901.4599698
  start: 1685435453.1047018
