event_sleeping:
  end: 1685434816.3918343
  start: 1685434783.1415765
