event_sleeping_wait_all:
  end: 1685436198.95244
  start: 1685436038.0196376
