event_sleeping_wait_all:
  end: 1685435706.3760643
  start: 1685435563.0949206
