event_sleeping_wait_all:
  end: 1685435511.4596555
  start: 1685435173.074948
