event_sleeping_wait_all:
  end: 1685435121.4561133
  start: 1685434765.535664
