event_sleeping:
  end: 1685434713.8664045
  start: 1685434588.0990543
