event_sleeping_wait_all:
  end: 1685435986.41105
  start: 1685435935.5892885
