event_sleeping_wait_all:
  end: 1685435883.9598653
  start: 1685435758.046674
