event_sleeping:
  end: 1685434536.444365
  start: 1685434443.8668077
