event_sleeping_wait_all:
  end: 1685435223.9321804
  start: 1685434690.5171492
