event_sleeping_wait_all:
  end: 1685436273.952276
  start: 1685436038.0083194
