event_sleeping:
  end: 1685434638.8681877
  start: 1685434588.0390115
