event_sleeping_wait_all:
  end: 1685435986.4108028
  start: 1685435470.5131469
