event_sleeping_wait_all:
  end: 1685435418.9192767
  start: 1685435275.5794427
