event_sleeping:
  end: 1685434536.412138
  start: 1685434443.8666327
