event_sleeping:
  end: 1685435456.372038
  start: 1685435313.4542563
