event_sleeping:
  end: 1685435066.4600189
  start: 1685434728.4039314
