event_sleeping:
  end: 1685436041.4602156
  start: 1685435898.4413002
