event_sleeping:
  end: 1685435261.4602532
  start: 1685435118.4970493
