event_sleeping:
  end: 1685435651.460149
  start: 1685435508.4092135
