event_sleeping:
  end: 1685434676.3801045
  start: 1685434533.3908668
