event_sleeping:
  end: 1685434481.3978016
  start: 1685434443.8623471
