event_sleeping_wait_all:
  end: 1685436236.4602199
  start: 1685436093.4747398
