event_sleeping:
  end: 1685435846.4279177
  start: 1685435703.4571638
