event_sleeping_wait_all:
  end: 1685720056.276129
  start: 1685719930.6750793
