event_sleeping_wait_all:
  end: 1685722608.7193344
  start: 1685721973.1992285
