event_sleeping:
  end: 1685719581.235552
  start: 1685719328.1814091
