event_sleeping:
  end: 1685719276.278003
  start: 1685719081.1904714
