event_sleeping_wait_all:
  end: 1685719878.7161064
  start: 1685719735.6950192
