event_sleeping_wait_all:
  end: 1685720751.2760956
  start: 1685720608.214273
