event_sleeping_wait_all:
  end: 1685721336.2735364
  start: 1685720803.2388918
