event_sleeping_wait_all:
  end: 1685721921.2438946
  start: 1685721685.7358253
