event_sleeping_wait_all:
  end: 1685721513.7323093
  start: 1685721388.2457044
