event_sleeping_wait_all:
  end: 1685720556.2324934
  start: 1685720108.2006435
