event_sleeping_wait_all:
  end: 1685721633.747146
  start: 1685721565.72542
