event_sleeping:
  end: 1685719683.7279892
  start: 1685719633.208476
