event_sleeping_wait_all:
  end: 1685723371.212324
  start: 1685723337.9719143
