event_sleeping_wait_all:
  end: 1685722981.1800952
  start: 1685722837.865785
