event_sleeping_wait_all:
  end: 1685721421.2520435
  start: 1685721082.8963668
