event_sleeping_wait_all:
  end: 1685722506.2600887
  start: 1685722362.9045494
