event_sleeping:
  end: 1685720251.2790492
  start: 1685720022.948927
