event_sleeping_wait_all:
  end: 1685724261.2203808
  start: 1685724117.9662592
