event_sleeping_wait_all:
  end: 1685721811.189021
  start: 1685721472.934191
