event_sleeping_wait_all:
  end: 1685724846.1840587
  start: 1685724592.8773727
