event_sleeping_wait_all:
  end: 1685722786.209524
  start: 1685722752.9593682
