event_sleeping_wait_all:
  end: 1685723286.279466
  start: 1685723032.8719797
