event_sleeping:
  end: 1685719276.224068
  start: 1685719132.8445606
