event_sleeping:
  end: 1685719666.2360709
  start: 1685719327.8968616
