event_sleeping_wait_all:
  end: 1685724541.2760303
  start: 1685724312.8812697
