event_sleeping:
  end: 1685720928.7790132
  start: 1685720692.8498936
