event_sleeping_wait_all:
  end: 1685722701.2792473
  start: 1685722557.9419377
