event_sleeping_wait_all:
  end: 1685724066.268094
  start: 1685723727.9485016
