event_sleeping:
  end: 1685719971.2793026
  start: 1685719717.9056246
