event_sleeping_wait_all:
  end: 1685722311.216976
  start: 1685722057.9306579
