event_sleeping_wait_all:
  end: 1685722006.2643669
  start: 1685721862.8370154
