event_sleeping_wait_all:
  end: 1685725218.776476
  start: 1685724897.8776116
