event_sleeping_wait_all:
  end: 1685721031.2279222
  start: 1685720980.452445
