event_sleeping:
  end: 1685720641.2079813
  start: 1685720302.9724858
