event_sleeping:
  end: 1685719081.1888304
  start: 1685719081.188809
