event_sleeping_wait_all:
  end: 1685723676.2751398
  start: 1685723422.8585706
