event_sleeping_wait_all:
  end: 1685724558.684177
  start: 1685724507.9082878
