event_sleeping:
  end: 1685719776.223954
  start: 1685719522.902788
