event_sleeping_wait_all:
  end: 1685721318.7161825
  start: 1685721192.8519177
