event_sleeping_wait_all:
  end: 1685724456.2518895
  start: 1685724202.9822767
