event_sleeping_wait_all:
  end: 1685721811.2761707
  start: 1685721667.9033716
