event_sleeping_wait_all:
  end: 1685723566.1799047
  start: 1685723532.9573367
