event_sleeping_wait_all:
  end: 1685720556.2900763
  start: 1685720107.841295
