event_sleeping_wait_all:
  end: 1685720658.7304015
  start: 1685720607.9141753
