event_sleeping_wait_all:
  end: 1685722311.2760694
  start: 1685721862.9289107
