event_sleeping_wait_all:
  end: 1685721141.2120967
  start: 1685720980.4517922
