event_sleeping_wait_all:
  end: 1685720056.2200904
  start: 1685720005.4467268
