event_sleeping:
  end: 1685719953.772907
  start: 1685719827.907893
