event_sleeping:
  end: 1685719471.2085483
  start: 1685719437.9518306
