event_sleeping_wait_all:
  end: 1685724151.279043
  start: 1685724007.9187567
