event_sleeping_wait_all:
  end: 1685723956.2758508
  start: 1685723812.911706
