event_sleeping_wait_all:
  end: 1685720928.7796614
  start: 1685720710.4275706
