event_sleeping_wait_all:
  end: 1685722396.1979737
  start: 1685722362.930349
