event_sleeping_wait_all:
  end: 1685721616.2239497
  start: 1685721370.4113646
