event_sleeping:
  end: 1685719386.2883685
  start: 1685719242.9014032
