event_sleeping_wait_all:
  end: 1685723761.2792964
  start: 1685723617.813076
