event_sleeping_wait_all:
  end: 1685723481.276108
  start: 1685722447.9013233
