event_sleeping:
  end: 1685719191.2599845
  start: 1685719081.1898441
