event_sleeping_wait_all:
  end: 1685721226.2461264
  start: 1685721175.4513237
