event_sleeping:
  end: 1685719191.2930632
  start: 1685719081.189318
