event_sleeping_wait_all:
  end: 1685721708.7641282
  start: 1685721565.3995125
