event_sleeping_wait_all:
  end: 1685721513.731556
  start: 1685721277.8947537
