event_sleeping_wait_all:
  end: 1685720641.2164764
  start: 1685720607.9145224
