event_sleeping:
  end: 1685720343.7441595
  start: 1685720217.9458015
