event_sleeping_wait_all:
  end: 1685720556.2321553
  start: 1685720395.4054375
