event_sleeping_wait_all:
  end: 1685720836.25607
  start: 1685720692.848068
