event_sleeping:
  end: 1685720166.234162
  start: 1685719827.8864079
