event_sleeping_wait_all:
  end: 1685721123.7759264
  start: 1685720887.9203002
