event_sleeping:
  end: 1685719386.253082
  start: 1685719242.915227
