event_sleeping:
  end: 1685719776.2153323
  start: 1685719437.8814123
