event_sleeping:
  end: 1685721708.7643833
  start: 1685721472.8580174
