event_sleeping:
  end: 1685720946.2244174
  start: 1685720692.8482513
