event_sleeping:
  end: 1685719276.2123015
  start: 1685719242.8689966
