event_sleeping:
  end: 1685721226.2119105
  start: 1685721192.8244984
