event_sleeping:
  end: 1685720641.2761464
  start: 1685720107.8360353
