event_sleeping:
  end: 1685719191.2940211
  start: 1685719081.1900213
