event_sleeping:
  end: 1685720056.2758608
  start: 1685719912.9211898
