event_sleeping:
  end: 1685721141.2440689
  start: 1685720997.7908769
