event_sleeping:
  end: 1685721421.288749
  start: 1685721277.8584073
