event_sleeping:
  end: 1685719861.2790592
  start: 1685719327.812396
