event_sleeping:
  end: 1685719331.2791524
  start: 1685719188.223392
