event_sleeping:
  end: 1685720501.235426
  start: 1685720358.2933168
