event_sleeping:
  end: 1685721281.2308052
  start: 1685721138.3559074
