event_sleeping_wait_all:
  end: 1685724011.2563019
  start: 1685723868.2862437
