event_sleeping:
  end: 1685720306.2543826
  start: 1685720163.2083583
