event_sleeping:
  end: 1685721086.2791784
  start: 1685720943.343686
