event_sleeping:
  end: 1685721671.2281196
  start: 1685721528.168083
