event_sleeping_wait_all:
  end: 1685723426.2739542
  start: 1685723283.2472801
