event_sleeping_wait_all:
  end: 1685723621.1889935
  start: 1685723478.288782
