event_sleeping_wait_all:
  end: 1685722256.2531137
  start: 1685722113.299296
