event_sleeping:
  end: 1685720696.252086
  start: 1685720553.2504954
