event_sleeping_wait_all:
  end: 1685725181.2789805
  start: 1685724648.311791
