event_sleeping:
  end: 1685720111.2346485
  start: 1685719968.2834826
