event_sleeping_wait_all:
  end: 1685722451.22808
  start: 1685722308.3505802
