event_sleeping:
  end: 1685719721.224446
  start: 1685719383.3608246
