event_sleeping_wait_all:
  end: 1685722061.2762773
  start: 1685721723.197587
