event_sleeping_wait_all:
  end: 1685724596.2759795
  start: 1685724453.2447166
