event_sleeping_wait_all:
  end: 1685724401.2791157
  start: 1685724063.3330278
