event_sleeping_wait_all:
  end: 1685723816.2518616
  start: 1685723673.2309308
