event_sleeping:
  end: 1685719136.2395358
  start: 1685719081.1874175
