event_sleeping:
  end: 1685721476.1920054
  start: 1685721333.3126667
