event_sleeping_wait_all:
  end: 1685722841.244152
  start: 1685722698.3069506
