event_sleeping_wait_all:
  end: 1685723231.228088
  start: 1685722893.2579176
