event_sleeping:
  end: 1685720891.2758698
  start: 1685720748.3187952
