event_sleeping_wait_all:
  end: 1685722646.2550352
  start: 1685722503.2448566
