event_sleeping:
  end: 1685719916.1966937
  start: 1685719773.2485442
