event_sleeping_wait_all:
  end: 1684921348.7407787
  start: 1684921205.6797366
