event_sleeping_wait_all:
  end: 1684920476.2410102
  start: 1684920333.0945103
