event_sleeping_wait_all:
  end: 1684920671.2242663
  start: 1684920528.1527517
