event_sleeping:
  end: 1684919908.7399063
  start: 1684919713.6442778
