event_sleeping_wait_all:
  end: 1684921153.736074
  start: 1684920723.1542077
