event_sleeping_wait_all:
  end: 1684920281.174071
  start: 1684920248.1456227
