event_sleeping:
  end: 1684920196.2409782
  start: 1684919966.693674
