event_sleeping_wait_all:
  end: 1684920281.2398946
  start: 1684919942.8252943
