event_sleeping_wait_all:
  end: 1684921273.7399893
  start: 1684920917.8860242
