event_sleeping:
  end: 1684919891.1521292
  start: 1684919776.6142657
