event_sleeping_wait_all:
  end: 1684920866.2407417
  start: 1684920637.9089746
