event_sleeping_wait_all:
  end: 1684920586.240888
  start: 1684920332.874006
