event_sleeping:
  end: 1684919713.6478527
  start: 1684919713.6477675
