event_sleeping_wait_all:
  end: 1684921171.2165806
  start: 1684920722.8613088
