event_sleeping:
  end: 1684920086.1738853
  start: 1684920052.8623352
