event_sleeping:
  end: 1684920373.7400494
  start: 1684920137.8338664
