event_sleeping_wait_all:
  end: 1684920568.7409832
  start: 1684920425.4073007
