event_sleeping_wait_all:
  end: 1684920671.1914923
  start: 1684920620.3763337
