event_sleeping_wait_all:
  end: 1684921273.6915705
  start: 1684921222.8703914
