event_sleeping:
  end: 1684920001.2240453
  start: 1684919857.8537555
