event_sleeping:
  end: 1684919806.1873646
  start: 1684919713.6488297
