event_sleeping_wait_all:
  end: 1684920391.2280288
  start: 1684920035.413337
