event_sleeping:
  end: 1684919806.2254055
  start: 1684919713.649636
