event_sleeping:
  end: 1684919983.7400537
  start: 1684919857.8341868
