event_sleeping_wait_all:
  end: 1684920781.1592975
  start: 1684920442.865831
