event_sleeping_wait_all:
  end: 1684921256.1915705
  start: 1684921205.4094381
