event_sleeping_wait_all:
  end: 1684921468.7408895
  start: 1684921307.8182874
