event_sleeping_wait_all:
  end: 1684921153.7368317
  start: 1684921027.902973
