event_sleeping_wait_all:
  end: 1684920976.2411385
  start: 1684920832.8066726
