event_sleeping_wait_all:
  end: 1684920493.7408855
  start: 1684919960.2728496
