event_sleeping_wait_all:
  end: 1684920688.741219
  start: 1684920545.315146
