event_sleeping_wait_all:
  end: 1684921256.2400725
  start: 1684920740.3447227
