event_sleeping:
  end: 1684919908.692071
  start: 1684919857.8233414
