event_sleeping:
  end: 1684919806.2360208
  start: 1684919713.6535082
