event_sleeping_wait_all:
  end: 1684921543.7358942
  start: 1684921307.8246708
