event_sleeping:
  end: 1684920336.240794
  start: 1684919998.3161955
