event_sleeping_wait_all:
  end: 1684921506.2409697
  start: 1684921363.2331424
