event_sleeping:
  end: 1684919946.2410967
  start: 1684919803.1443353
