event_sleeping:
  end: 1684921311.2015948
  start: 1684921168.3055513
