event_sleeping:
  end: 1684920726.1721559
  start: 1684920583.1965604
