event_sleeping:
  end: 1684920921.24115
  start: 1684920778.2098947
