event_sleeping:
  end: 1684920531.1641157
  start: 1684920388.2051532
