event_sleeping:
  end: 1684921116.2201474
  start: 1684920973.2296963
