event_sleeping:
  end: 1684919751.1481636
  start: 1684919713.6451926
