event_sleeping:
  end: 1685745738.9740746
  start: 1685745348.9073677
