event_sleeping:
  end: 1685745348.8983135
  start: 1685745348.8982925
