event_sleeping:
  end: 1685745348.8980048
  start: 1685745348.897983
