event_sleeping:
  end: 1685745441.4728978
  start: 1685745348.9034255
