event_sleeping:
  end: 1685745348.8991244
  start: 1685745348.89876
