event_sleeping:
  end: 1685745793.9937122
  start: 1685745651.662736
