event_sleeping:
  end: 1685745598.9399972
  start: 1685745471.9458969
