event_sleeping:
  end: 1685745403.951744
  start: 1685745348.9022264
