event_sleeping_wait_all:
  end: 1683074138.8115394
  start: 1683074087.9519176
