event_sleeping:
  end: 1683072653.8354983
  start: 1683072578.76437
