event_sleeping_wait_all:
  end: 1683073451.2635882
  start: 1683073197.9761236
