event_sleeping_wait_all:
  end: 1683074036.2915611
  start: 1683073800.5514936
