event_sleeping_wait_all:
  end: 1683072866.3595376
  start: 1683072705.5736172
