event_sleeping_wait_all:
  end: 1683072968.8340135
  start: 1683072918.011987
