event_sleeping_wait_all:
  end: 1683073146.3594398
  start: 1683073020.461358
