event_sleeping_wait_all:
  end: 1683073748.859575
  start: 1683073503.0063398
