event_sleeping:
  end: 1683072866.359959
  start: 1683072722.979599
