event_sleeping_wait_all:
  end: 1683073841.3612044
  start: 1683073503.0061467
