event_sleeping:
  end: 1683073451.3598692
  start: 1683073224.101446
