event_sleeping_wait_all:
  end: 1683074138.8122425
  start: 1683074087.9485176
