event_sleeping_wait_all:
  end: 1683074036.3596451
  start: 1683073893.0918038
