event_sleeping_wait_all:
  end: 1683074511.361091
  start: 1683074190.4506547
