event_sleeping_wait_all:
  end: 1683074816.3680904
  start: 1683074562.99941
