event_sleeping:
  end: 1683072671.351821
  start: 1683072578.7648175
