event_sleeping:
  end: 1683073163.8594258
  start: 1683072918.010813
