event_sleeping_wait_all:
  end: 1683072756.2718408
  start: 1683072630.413719
