event_sleeping:
  end: 1683072578.7653196
  start: 1683072578.7653005
