event_sleeping_wait_all:
  end: 1683073043.822061
  start: 1683072808.2402022
