event_sleeping_wait_all:
  end: 1683073451.3594415
  start: 1683073198.2891297
