event_sleeping_wait_all:
  end: 1683073146.311518
  start: 1683073095.7429304
