event_sleeping_wait_all:
  end: 1683074036.359376
  start: 1683073893.2942307
