event_sleeping_wait_all:
  end: 1683074798.8612387
  start: 1683074673.3450825
