event_sleeping_wait_all:
  end: 1683073841.3280218
  start: 1683073588.2789884
