event_sleeping_wait_all:
  end: 1683073536.2937028
  start: 1683073503.2955415
