event_sleeping_wait_all:
  end: 1683074621.3616354
  start: 1683074088.2541397
