event_sleeping_wait_all:
  end: 1683073841.3276455
  start: 1683073697.991882
