event_sleeping_wait_all:
  end: 1683073341.3595853
  start: 1683073095.5783322
