event_sleeping:
  end: 1683072671.2796128
  start: 1683072578.7665026
