event_sleeping:
  end: 1683073043.8224683
  start: 1683072722.8637292
