event_sleeping_wait_all:
  end: 1683074138.7675238
  start: 1683073892.8991265
