event_sleeping_wait_all:
  end: 1683073646.2955835
  start: 1683073393.0909176
