event_sleeping_wait_all:
  end: 1683074426.3594856
  start: 1683073698.0258203
