event_sleeping_wait_all:
  end: 1683073341.2945285
  start: 1683073307.984826
