event_sleeping_wait_all:
  end: 1683073256.2955067
  start: 1683073020.4636338
