event_sleeping_wait_all:
  end: 1683074918.811901
  start: 1683074867.9767857
