event_sleeping_wait_all:
  end: 1683073646.3594322
  start: 1683073392.949633
