event_sleeping:
  end: 1683072756.2715187
  start: 1683072722.997885
