event_sleeping_wait_all:
  end: 1683074816.3355336
  start: 1683074478.0080812
