event_sleeping:
  end: 1683072671.3514376
  start: 1683072578.768305
