event_sleeping:
  end: 1683072968.7956479
  start: 1683072807.976149
