event_sleeping:
  end: 1683073201.2956312
  start: 1683073058.0094893
