event_sleeping_wait_all:
  end: 1683074956.359604
  start: 1683074813.0119224
