event_sleeping:
  end: 1683073006.3596482
  start: 1683072667.8869941
