event_sleeping:
  end: 1683074176.361547
  start: 1683073837.9250252
