event_sleeping_wait_all:
  end: 1683074761.3595388
  start: 1683074617.90078
