event_sleeping:
  end: 1683072616.295494
  start: 1683072578.7640338
