event_sleeping:
  end: 1683073786.3594003
  start: 1683073252.9064345
