event_sleeping_wait_all:
  end: 1683074566.359385
  start: 1683074227.9775257
