event_sleeping:
  end: 1685742695.9484243
  start: 1685742518.457127
