event_sleeping:
  end: 1685742518.4567587
  start: 1685742518.456369
