event_sleeping:
  end: 1685742611.0360315
  start: 1685742518.4559877
