event_sleeping:
  end: 1685742593.5013359
  start: 1685742518.4555233
