event_sleeping:
  end: 1685742611.0362966
  start: 1685742518.4570215
