event_sleeping:
  end: 1685742751.044734
  start: 1685742623.9419088
