event_sleeping:
  end: 1685742555.985266
  start: 1685742518.454662
