event_sleeping:
  end: 1683413125.0812998
  start: 1683413093.806613
