event_sleeping:
  end: 1683413040.0915627
  start: 1683412703.853919
