event_sleeping:
  end: 1683411870.147438
  start: 1683411730.946257
