event_sleeping:
  end: 1683412345.1475601
  start: 1683412203.8877654
