event_sleeping:
  end: 1683414192.5545115
  start: 1683413958.8108501
