event_sleeping:
  end: 1683413625.071962
  start: 1683413483.8736558
