event_sleeping:
  end: 1683412650.1473951
  start: 1683412398.8621917
