event_sleeping:
  end: 1683412150.1475766
  start: 1683411923.8813944
