event_sleeping:
  end: 1683414702.65044
  start: 1683414246.2543342
