event_sleeping:
  end: 1683413820.152674
  start: 1683413678.8217509
