event_sleeping:
  end: 1683414990.1503525
  start: 1683414756.4006553
