event_sleeping:
  end: 1683413905.080645
  start: 1683413873.8695452
