event_sleeping:
  end: 1683411675.1196454
  start: 1683411370.056634
