event_sleeping:
  end: 1683413430.1474638
  start: 1683413178.8373764
