event_sleeping:
  end: 1683415185.092242
  start: 1683414951.3196938
