event_sleeping:
  end: 1683414795.129605
  start: 1683413763.8070285
