event_sleeping:
  end: 1683413320.1475325
  start: 1683413093.9590387
