event_sleeping:
  end: 1683413625.071603
  start: 1683413373.902126
