event_sleeping:
  end: 1683414897.5954742
  start: 1683414848.89807
