event_sleeping:
  end: 1683412650.1478662
  start: 1683412398.9662125
