event_sleeping:
  end: 1683412735.0793104
  start: 1683412703.8758345
