event_sleeping:
  end: 1683412345.148378
  start: 1683412101.4283214
