event_sleeping:
  end: 1683411480.147494
  start: 1683411370.0559242
