event_sleeping:
  end: 1683413710.0793276
  start: 1683413678.8008604
