event_sleeping:
  end: 1683412047.650512
  start: 1683411813.9753773
