event_sleeping:
  end: 1683413040.0917914
  start: 1683412788.8677151
