event_sleeping:
  end: 1683411760.0555425
  start: 1683411728.9064758
