event_sleeping:
  end: 1683411675.1506903
  start: 1683411540.330413
