event_sleeping:
  end: 1683413532.6474447
  start: 1683413374.1938908
