event_sleeping:
  end: 1683415270.1473749
  start: 1683414951.7143154
