event_sleeping:
  end: 1683414387.6478345
  start: 1683414264.1941524
