event_sleeping:
  end: 1683411675.1492622
  start: 1683411516.7047865
