event_sleeping:
  end: 1683412260.147353
  start: 1683412101.6571753
