event_sleeping:
  end: 1683412735.151392
  start: 1683412594.1146233
