event_sleeping:
  end: 1683412047.6465347
  start: 1683411831.6043026
