event_sleeping:
  end: 1683413320.1509414
  start: 1683413094.1101017
