event_sleeping:
  end: 1683414210.1475022
  start: 1683414069.1394413
