event_sleeping:
  end: 1683411462.575603
  start: 1683411370.0576227
