event_sleeping:
  end: 1683414015.1473534
  start: 1683413586.675218
