event_sleeping:
  end: 1683414897.6313808
  start: 1683414441.7019339
