event_sleeping:
  end: 1683413040.1497788
  start: 1683412789.233304
