event_sleeping:
  end: 1683412540.0556972
  start: 1683412509.1736474
