event_sleeping:
  end: 1683411777.5987356
  start: 1683411729.2014382
