event_sleeping:
  end: 1683412455.1475284
  start: 1683412314.2351477
