event_sleeping:
  end: 1683412150.1473677
  start: 1683412026.4115264
