event_sleeping:
  end: 1683414777.6113846
  start: 1683414561.333049
