event_sleeping:
  end: 1683412540.1475546
  start: 1683412398.8183076
