event_sleeping:
  end: 1683414015.1474853
  start: 1683413873.8222075
