event_sleeping:
  end: 1683414387.6471505
  start: 1683414246.348625
