event_sleeping:
  end: 1683411777.5641463
  start: 1683411728.9103253
