event_sleeping:
  end: 1683414192.6478293
  start: 1683414068.8711426
