event_sleeping:
  end: 1683412735.1473668
  start: 1683412593.912551
