event_sleeping:
  end: 1683413235.103632
  start: 1683412983.9847627
