event_sleeping:
  end: 1683415092.6479604
  start: 1683414831.3298068
