event_sleeping:
  end: 1683413515.147341
  start: 1683413288.85881
