event_sleeping:
  end: 1683412345.1105902
  start: 1683412203.8874097
