event_sleeping:
  end: 1683412930.1474812
  start: 1683412788.8694794
