event_sleeping:
  end: 1683411370.0583856
  start: 1683411370.0583234
