event_sleeping:
  end: 1683411972.650266
  start: 1683411831.3281431
