event_sleeping:
  end: 1683411675.119978
  start: 1683411423.7698076
