event_sleeping:
  end: 1683414507.6155705
  start: 1683414441.420138
