event_sleeping:
  end: 1683413820.121636
  start: 1683413568.8861027
