event_sleeping:
  end: 1683413710.1473684
  start: 1683413586.3713067
