event_sleeping:
  end: 1683412845.1503036
  start: 1683412703.8146226
