event_sleeping:
  end: 1683413905.1474564
  start: 1683413763.8693879
