event_sleeping:
  end: 1683414777.6477485
  start: 1683414653.9580276
