event_sleeping:
  end: 1683412167.6160142
  start: 1683412008.9871793
