event_sleeping:
  end: 1683413040.1473863
  start: 1683412898.879395
