event_sleeping:
  end: 1683412650.069846
  start: 1683412491.4228568
