event_sleeping:
  end: 1683413430.0515702
  start: 1683413196.3643582
