event_sleeping:
  end: 1683414192.6474433
  start: 1683413958.8932383
