event_sleeping:
  end: 1683412437.6476033
  start: 1683412221.4089947
