event_sleeping:
  end: 1683411480.0830166
  start: 1683411370.0588737
