event_sleeping:
  end: 1683411955.1473372
  start: 1683411831.394574
