event_sleeping:
  end: 1683415465.1260688
  start: 1683414951.3191276
