event_sleeping:
  end: 1683414600.1502244
  start: 1683414458.916419
