event_sleeping:
  end: 1683411582.5760024
  start: 1683411533.8892062
