event_sleeping:
  end: 1683413142.5989585
  start: 1683413093.921083
