event_sleeping:
  end: 1683411777.6473634
  start: 1683411636.361364
