event_sleeping:
  end: 1683414897.552802
  start: 1683414831.4005618
