event_sleeping:
  end: 1683414405.1475248
  start: 1683414246.3557272
