event_sleeping:
  end: 1683413532.5955942
  start: 1683413483.785262
