event_sleeping:
  end: 1683414740.1356614
  start: 1683414598.7949617
