event_sleeping:
  end: 1683412400.0645714
  start: 1683412258.821463
