event_sleeping:
  end: 1683411815.1474378
  start: 1683411673.8422263
