event_sleeping:
  end: 1683412010.1502237
  start: 1683411868.822099
