event_sleeping:
  end: 1683414545.1474245
  start: 1683414403.8343275
