event_sleeping:
  end: 1683414935.119617
  start: 1683414793.8593333
