event_sleeping:
  end: 1683413180.0984461
  start: 1683412648.7554312
