event_sleeping:
  end: 1683414155.055559
  start: 1683413623.842721
