event_sleeping:
  end: 1683411425.071627
  start: 1683411370.0529335
