event_sleeping:
  end: 1683411620.1475618
  start: 1683411478.7252495
