event_sleeping:
  end: 1683412595.0556533
  start: 1683412453.7390788
