event_sleeping:
  end: 1683413570.1504812
  start: 1683413233.7546864
