event_sleeping:
  end: 1683412205.1473901
  start: 1683412063.7914665
