event_sleeping:
  end: 1683414350.0635207
  start: 1683414208.7513313
