event_sleeping:
  end: 1682982467.6237447
  start: 1682982374.034879
