event_sleeping:
  end: 1682982375.0310917
  start: 1682982374.0365272
