event_sleeping:
  end: 1682982625.0395336
  start: 1682982486.323769
