event_sleeping:
  end: 1682994893.8268144
  start: 1682994502.7328126
