event_sleeping:
  end: 1682994503.7255025
  start: 1682994502.731734
