event_sleeping:
  end: 1682994596.3156574
  start: 1682994502.7303305
