event_sleeping:
  end: 1682994753.764262
  start: 1682994615.0212066
