event_sleeping:
  end: 1683464661.8995566
  start: 1683464428.1103332
