event_sleeping:
  end: 1683466221.9155807
  start: 1683466080.6223326
