event_sleeping:
  end: 1683464374.415382
  start: 1683464233.0899749
