event_sleeping:
  end: 1683462619.343666
  start: 1683462478.18379
