event_sleeping:
  end: 1683465349.3755548
  start: 1683464800.5799017
