event_sleeping:
  end: 1683462424.332345
  start: 1683462265.6073987
