event_sleeping:
  end: 1683464179.3436553
  start: 1683464113.1740892
