event_sleeping:
  end: 1683463204.4154053
  start: 1683462868.1098208
