event_sleeping:
  end: 1683464746.8477883
  start: 1683464715.6424718
