event_sleeping:
  end: 1683464059.4082255
  start: 1683463825.5968914
