event_sleeping:
  end: 1683462211.916123
  start: 1683461821.8288295
