event_sleeping:
  end: 1683463771.8373582
  start: 1683463740.6636348
