event_sleeping:
  end: 1683465636.9067883
  start: 1683465403.1068432
