event_sleeping:
  end: 1683465831.8795676
  start: 1683465690.6875262
