event_sleeping:
  end: 1683463474.3459504
  start: 1683463258.2493174
