event_sleeping:
  end: 1683462814.4155588
  start: 1683462673.1003642
