event_sleeping:
  end: 1683463686.9155576
  start: 1683463528.0744762
