event_sleeping:
  end: 1683466026.83651
  start: 1683465885.6091473
