event_sleeping:
  end: 1683463101.9154396
  start: 1683462850.6306722
