event_sleeping:
  end: 1683463594.3635995
  start: 1683463545.640269
