event_sleeping:
  end: 1683465619.415345
  start: 1683464605.7659922
