event_sleeping:
  end: 1683464551.9154975
  start: 1683464410.5951557
