event_sleeping:
  end: 1683465721.8653255
  start: 1683465673.149003
