event_sleeping:
  end: 1683466221.91779
  start: 1683466063.1681254
