event_sleeping:
  end: 1683462034.415486
  start: 1683461875.5948918
