event_sleeping:
  end: 1683463491.9155135
  start: 1683463240.613583
