event_sleeping:
  end: 1683466009.415452
  start: 1683465775.705917
