event_sleeping:
  end: 1683461821.8225443
  start: 1683461821.8210795
