event_sleeping:
  end: 1683462796.8864095
  start: 1683462553.1789422
