event_sleeping:
  end: 1683463966.9155595
  start: 1683463843.213187
