event_sleeping:
  end: 1683463186.8479974
  start: 1683463155.6264758
