event_sleeping:
  end: 1683464161.9155443
  start: 1683464020.6850617
