event_sleeping:
  end: 1683462499.4155688
  start: 1683462375.6351871
