event_sleeping:
  end: 1683464356.8671548
  start: 1683464215.6358192
