event_sleeping:
  end: 1683462321.91154
  start: 1683462088.151137
