event_sleeping:
  end: 1683463789.417109
  start: 1683463648.0967782
