event_sleeping:
  end: 1683462814.3793974
  start: 1683462748.450559
