event_sleeping:
  end: 1683464271.915516
  start: 1683464113.4287872
