event_sleeping:
  end: 1683464661.8999145
  start: 1683464503.331674
