event_sleeping:
  end: 1683465136.915516
  start: 1683464800.8914053
