event_sleeping:
  end: 1683463186.9154854
  start: 1683462868.3944762
