event_sleeping:
  end: 1683464059.407617
  start: 1683463825.980522
