event_sleeping:
  end: 1683462694.4035184
  start: 1683462553.3134925
