event_sleeping:
  end: 1683463771.837449
  start: 1683463723.4803731
