event_sleeping:
  end: 1683466129.3651886
  start: 1683466080.9253204
