event_sleeping:
  end: 1683462499.3263218
  start: 1683461875.6042328
