event_sleeping:
  end: 1683466416.9156053
  start: 1683466183.4074934
