event_sleeping:
  end: 1683466026.916736
  start: 1683465581.0046282
