event_sleeping:
  end: 1683464449.3195193
  start: 1683464325.9816473
