event_sleeping:
  end: 1683461821.8275645
  start: 1683461821.8269656
