event_sleeping:
  end: 1683463474.4154675
  start: 1683463240.9190109
