event_sleeping:
  end: 1683463669.4170098
  start: 1683463528.4635515
