event_sleeping:
  end: 1683464746.8474975
  start: 1683464715.9289722
