event_sleeping:
  end: 1683465526.9155157
  start: 1683465190.9818392
