event_sleeping:
  end: 1683464059.4161103
  start: 1683463918.1698487
