event_sleeping:
  end: 1683462211.9155257
  start: 1683461968.1627934
