event_sleeping:
  end: 1683465441.8715715
  start: 1683464995.6363854
