event_sleeping:
  end: 1683463009.4155266
  start: 1683462850.634379
