event_sleeping:
  end: 1683461914.4099834
  start: 1683461821.8237278
