event_sleeping:
  end: 1683463399.3795457
  start: 1683463333.0531275
