event_sleeping:
  end: 1683464254.411206
  start: 1683464113.1749685
