event_sleeping:
  end: 1683462601.8795574
  start: 1683462460.6716897
