event_sleeping:
  end: 1683465526.8474271
  start: 1683465495.552531
