event_sleeping:
  end: 1683462406.9169664
  start: 1683462265.6219347
