event_sleeping:
  end: 1683463279.3217309
  start: 1683463063.1955955
