event_sleeping:
  end: 1683466026.8361719
  start: 1683465580.5650015
