event_sleeping:
  end: 1683466221.9153962
  start: 1683466080.5909734
