event_sleeping:
  end: 1683464941.9166327
  start: 1683464428.073002
