event_sleeping:
  end: 1683462796.886087
  start: 1683462655.5498407
