event_sleeping:
  end: 1683464374.3393867
  start: 1683464308.3025048
