event_sleeping:
  end: 1683463864.405375
  start: 1683463453.1291108
