event_sleeping:
  end: 1683465246.867079
  start: 1683465105.6455848
