event_sleeping:
  end: 1683462211.8478692
  start: 1683462180.6680975
