event_sleeping:
  end: 1683466399.334374
  start: 1683466063.1077917
