event_sleeping:
  end: 1683462814.3229175
  start: 1683462765.6206613
