event_sleeping:
  end: 1683463576.8670948
  start: 1683463350.7644143
