event_sleeping:
  end: 1683466009.3457532
  start: 1683465598.170128
