event_sleeping:
  end: 1683465544.4058619
  start: 1683465385.611416
