event_sleeping:
  end: 1683463296.9154642
  start: 1683463155.600753
