event_sleeping:
  end: 1683464076.9155421
  start: 1683463935.6058571
