event_sleeping:
  end: 1683464551.8657382
  start: 1683464503.1671948
