event_sleeping:
  end: 1683463101.8373022
  start: 1683462868.0954278
