event_sleeping:
  end: 1683462126.8904176
  start: 1683461875.6365776
