event_sleeping:
  end: 1683464746.915468
  start: 1683464605.6279864
