event_sleeping:
  end: 1683462711.867093
  start: 1683462265.693784
