event_sleeping:
  end: 1683463881.8272302
  start: 1683463630.6391475
