event_sleeping:
  end: 1683465051.8875914
  start: 1683464800.6467192
