event_sleeping:
  end: 1683461821.8247092
  start: 1683461821.824407
