event_sleeping:
  end: 1683465331.8479772
  start: 1683465300.74082
