event_sleeping:
  end: 1683464449.4154942
  start: 1683464130.6556025
