event_sleeping:
  end: 1683464216.8999867
  start: 1683464075.584417
