event_sleeping:
  end: 1683464411.9165423
  start: 1683464270.597606
