event_sleeping:
  end: 1683461876.8671167
  start: 1683461821.8250027
