event_sleeping:
  end: 1683463046.8671389
  start: 1683462905.5578816
