event_sleeping:
  end: 1683462071.8498967
  start: 1683461930.5508726
