event_sleeping:
  end: 1683465386.9168606
  start: 1683464660.5466413
