event_sleeping:
  end: 1683464021.9155228
  start: 1683463880.6596935
