event_sleeping:
  end: 1683463826.9155056
  start: 1683463685.517866
