event_sleeping:
  end: 1683462266.9158916
  start: 1683462125.5253792
