event_sleeping:
  end: 1683462851.907355
  start: 1683462710.605986
