event_sleeping:
  end: 1683462656.9169333
  start: 1683462515.5578084
