event_sleeping:
  end: 1683463631.8503585
  start: 1683463490.5902135
