event_sleeping:
  end: 1683462461.8670669
  start: 1683462320.5956352
