event_sleeping:
  end: 1683463241.8670912
  start: 1683463117.5751288
