event_sleeping:
  end: 1683465971.9154294
  start: 1683465635.5821683
