event_sleeping:
  end: 1683466166.8801363
  start: 1683466025.5913236
