event_sleeping:
  end: 1683463436.9154875
  start: 1683463295.5150597
