event_sleeping:
  end: 1683465581.905197
  start: 1683465440.6096094
