event_sleeping:
  end: 1683464606.86698
  start: 1683464465.6056507
