event_sleeping:
  end: 1685753951.3880508
  start: 1685753756.3854163
