event_sleeping:
  end: 1685753756.381749
  start: 1685753756.381552
