event_sleeping:
  end: 1685753933.975057
  start: 1685753808.4461877
