event_sleeping:
  end: 1685753848.9820714
  start: 1685753756.383796
