event_sleeping:
  end: 1685753848.9520738
  start: 1685753756.3840935
