event_sleeping:
  end: 1685753848.9599893
  start: 1685753756.384604
