event_sleeping:
  end: 1685753793.9148448
  start: 1685753756.3800695
