event_sleeping:
  end: 1685753988.975249
  start: 1685753845.5945551
