event_sleeping:
  end: 1685357687.266998
  start: 1685357543.4102578
