event_sleeping:
  end: 1685357194.7729995
  start: 1685356940.8916085
