event_sleeping:
  end: 1685358347.292106
  start: 1685358203.3679607
