event_sleeping:
  end: 1685357492.298033
  start: 1685357348.2654536
