event_sleeping:
  end: 1685356889.7959063
  start: 1685356694.700654
