event_sleeping:
  end: 1685357297.2119966
  start: 1685357245.8758512
