event_sleeping:
  end: 1685358152.295954
  start: 1685357738.3937438
