event_sleeping:
  end: 1685357864.7958963
  start: 1685357635.6009893
