event_sleeping:
  end: 1685358542.2979312
  start: 1685358305.577392
