event_sleeping:
  end: 1685356694.701922
  start: 1685356694.7017596
