event_sleeping:
  end: 1685358254.7800105
  start: 1685357915.6061704
