event_sleeping:
  end: 1685357297.2978323
  start: 1685356958.0250916
