event_sleeping:
  end: 1685356907.2079973
  start: 1685356745.5150855
