event_sleeping:
  end: 1685357584.7977636
  start: 1685357348.142429
