event_sleeping:
  end: 1685356999.7977164
  start: 1685356855.5750873
