event_sleeping:
  end: 1685356804.7958508
  start: 1685356694.7026892
