event_sleeping:
  end: 1685358272.2136557
  start: 1685358220.5690906
