event_sleeping:
  end: 1685358542.297663
  start: 1685358323.0103161
