event_sleeping:
  end: 1685357687.2672648
  start: 1685357618.0565383
