event_sleeping:
  end: 1685357567.2600985
  start: 1685357423.0158606
