event_sleeping:
  end: 1685358169.7728827
  start: 1685357738.0861332
