event_sleeping:
  end: 1685357372.198667
  start: 1685357135.5841165
