event_sleeping:
  end: 1685357084.7318878
  start: 1685357050.5970554
