event_sleeping:
  end: 1685356999.7979312
  start: 1685356838.1260557
