event_sleeping:
  end: 1685357389.772786
  start: 1685357050.561928
