event_sleeping:
  end: 1685357779.740041
  start: 1685357440.540647
