event_sleeping:
  end: 1685358272.2158158
  start: 1685358203.0280106
