event_sleeping:
  end: 1685358449.7359426
  start: 1685358323.0508263
