event_sleeping:
  end: 1685358152.2201636
  start: 1685358008.069376
