event_sleeping:
  end: 1685357957.291259
  start: 1685357830.551823
