event_sleeping:
  end: 1685356787.2907887
  start: 1685356694.7038875
