event_sleeping:
  end: 1685358559.726431
  start: 1685358305.5033917
