event_sleeping:
  end: 1685358254.809667
  start: 1685357738.0335069
