event_sleeping:
  end: 1685356889.7317843
  start: 1685356855.5499291
