event_sleeping:
  end: 1685357687.2676055
  start: 1685357525.4581618
