event_sleeping:
  end: 1685356804.7960265
  start: 1685356694.704605
