event_sleeping:
  end: 1685357474.7400813
  start: 1685356940.4685698
