event_sleeping:
  end: 1685356749.7530594
  start: 1685356694.7028186
