event_sleeping:
  end: 1685356944.79803
  start: 1685356800.6004603
