event_sleeping:
  end: 1685358309.7982657
  start: 1685358165.9352164
