event_sleeping:
  end: 1685357724.7726152
  start: 1685357580.8970678
