event_sleeping:
  end: 1685357529.772891
  start: 1685357385.954265
