event_sleeping:
  end: 1685357919.7081215
  start: 1685357775.9109254
