event_sleeping:
  end: 1685357334.772888
  start: 1685356995.9556382
