event_sleeping:
  end: 1685358114.7729933
  start: 1685357970.845981
