event_sleeping:
  end: 1685688508.236995
  start: 1685688457.74988
