event_sleeping:
  end: 1685688405.773733
  start: 1685688152.7268212
