event_sleeping_wait_all:
  end: 1685688703.2398777
  start: 1685688560.181541
