event_sleeping_wait_all:
  end: 1685688898.2879348
  start: 1685688755.1678739
