event_sleeping:
  end: 1685688100.7880304
  start: 1685687905.699435
