event_sleeping_wait_all:
  end: 1685688795.7903597
  start: 1685688559.8666048
