event_sleeping:
  end: 1685687905.6965356
  start: 1685687905.6964421
