event_sleeping_wait_all:
  end: 1685689075.7068732
  start: 1685688847.4203212
