event_sleeping_wait_all:
  end: 1685689465.7902555
  start: 1685689127.40343
