event_sleeping_wait_all:
  end: 1685689753.2881832
  start: 1685689517.4517255
