event_sleeping_wait_all:
  end: 1685688508.2011368
  start: 1685688169.954091
