event_sleeping:
  end: 1685688118.290692
  start: 1685687957.371732
