event_sleeping:
  end: 1685688583.2399738
  start: 1685688347.3714118
