event_sleeping:
  end: 1685688210.759396
  start: 1685688067.4192793
