event_sleeping:
  end: 1685688295.708366
  start: 1685688262.4649823
