event_sleeping:
  end: 1685688015.7920194
  start: 1685687905.6988792
