event_sleeping_wait_all:
  end: 1685688778.204126
  start: 1685688634.8937361
