event_sleeping_wait_all:
  end: 1685688898.2559314
  start: 1685688829.9029853
