event_sleeping_wait_all:
  end: 1685688210.7590756
  start: 1685688049.9072099
