event_sleeping:
  end: 1685687998.2682447
  start: 1685687905.701013
