event_sleeping_wait_all:
  end: 1685689168.2726183
  start: 1685689042.6396732
