event_sleeping_wait_all:
  end: 1685688990.7902317
  start: 1685688652.4242373
