event_sleeping_wait_all:
  end: 1685688600.790229
  start: 1685688262.414988
