event_sleeping:
  end: 1685688100.7236817
  start: 1685688067.4083745
