event_sleeping:
  end: 1685688898.2160964
  start: 1685688737.4433973
