event_sleeping:
  end: 1685688685.788051
  start: 1685688152.3264112
