event_sleeping:
  end: 1685688015.7917023
  start: 1685687905.7012067
