event_sleeping_wait_all:
  end: 1685689715.787911
  start: 1685689572.7250476
