event_sleeping:
  end: 1685688740.7903216
  start: 1685688597.8284614
