event_sleeping:
  end: 1685688935.7905836
  start: 1685688792.8733284
