event_sleeping_wait_all:
  end: 1685689325.787947
  start: 1685689182.768157
