event_sleeping_wait_all:
  end: 1685689130.767883
  start: 1685688987.8679209
