event_sleeping:
  end: 1685688155.7879903
  start: 1685688012.696854
