event_sleeping_wait_all:
  end: 1685689520.7599857
  start: 1685689377.797449
