event_sleeping:
  end: 1685688545.7561874
  start: 1685688207.7981994
