event_sleeping:
  end: 1685687960.699989
  start: 1685687905.6940143
