event_sleeping:
  end: 1686189189.640391
  start: 1686188775.674816
