event_sleeping:
  end: 1686188724.6168997
  start: 1686188580.796931
