event_sleeping:
  end: 1686188232.103683
  start: 1686188000.3822122
