event_sleeping:
  end: 1686189969.6715577
  start: 1686189435.6964395
