event_sleeping:
  end: 1686187944.6164005
  start: 1686187749.5959506
