event_sleeping:
  end: 1686188529.681269
  start: 1686188385.6825278
