event_sleeping:
  end: 1686188334.616509
  start: 1686188283.1883607
