event_sleeping:
  end: 1686189384.6161637
  start: 1686189240.7132277
