event_sleeping:
  end: 1686187749.5879493
  start: 1686187749.5877402
