event_sleeping:
  end: 1686188919.655575
  start: 1686188673.2067266
