event_sleeping:
  end: 1686189309.6794338
  start: 1686188970.7629418
