event_sleeping:
  end: 1686188334.6167655
  start: 1686187995.6883006
