event_sleeping:
  end: 1686188622.101845
  start: 1686188385.7319536
