event_sleeping:
  end: 1686189579.6279814
  start: 1686189360.780083
