event_sleeping:
  end: 1686187944.616652
  start: 1686187809.889812
