event_sleeping:
  end: 1686188122.1323059
  start: 1686188070.7616324
