event_sleeping:
  end: 1686189189.640769
  start: 1686188775.7020948
