event_sleeping:
  end: 1686189579.6277535
  start: 1686189360.740335
