event_sleeping:
  end: 1686188019.655676
  start: 1686187875.6952088
