event_sleeping:
  end: 1686188409.656243
  start: 1686188173.2376854
