event_sleeping:
  end: 1686189309.6386986
  start: 1686189240.7889755
