event_sleeping:
  end: 1686188604.6796436
  start: 1686188460.7506416
