event_sleeping:
  end: 1686188724.6517632
  start: 1686188655.760703
