event_sleeping:
  end: 1686189504.6164024
  start: 1686189360.7479079
