event_sleeping:
  end: 1686188799.616296
  start: 1686188460.74142
