event_sleeping:
  end: 1686188994.6291301
  start: 1686188850.7052426
