event_sleeping:
  end: 1686187824.626768
  start: 1686187749.594819
