event_sleeping:
  end: 1686189309.6479328
  start: 1686189240.7564125
