event_sleeping:
  end: 1686189189.6396894
  start: 1686189045.7073793
