event_sleeping:
  end: 1686188037.1812243
  start: 1686187875.663768
