event_sleeping:
  end: 1686188409.6558325
  start: 1686188088.25722
