event_sleeping:
  end: 1686189579.6165545
  start: 1686189343.2010276
