event_sleeping:
  end: 1686187944.6698873
  start: 1686187875.6624765
