event_sleeping:
  end: 1686187824.6595194
  start: 1686187749.5958304
