event_sleeping:
  end: 1686189292.1711805
  start: 1686188775.5892296
