event_sleeping:
  end: 1686188724.6128821
  start: 1686188580.687048
