event_sleeping:
  end: 1686188529.6808999
  start: 1686187995.6413352
