event_sleeping:
  end: 1686188957.180962
  start: 1686188813.2010074
