event_sleeping:
  end: 1686189152.1811154
  start: 1686189008.2588577
