event_sleeping:
  end: 1686188372.1809185
  start: 1686188033.1835759
