event_sleeping:
  end: 1686187787.120071
  start: 1686187749.585645
