event_sleeping:
  end: 1686188762.0877066
  start: 1686188618.2060606
