event_sleeping:
  end: 1686189347.151639
  start: 1686189203.3060856
