event_sleeping:
  end: 1686188567.1035178
  start: 1686188423.300585
