event_sleeping:
  end: 1686187982.0876389
  start: 1686187837.957566
