event_sleeping:
  end: 1685753369.5664809
  start: 1685753174.4776704
