event_sleeping:
  end: 1685753369.4638567
  start: 1685753226.1364915
