event_sleeping:
  end: 1685753174.4730456
  start: 1685753174.4729245
