event_sleeping:
  end: 1685753284.5641835
  start: 1685753174.4724252
