event_sleeping:
  end: 1685753284.504041
  start: 1685753174.4749355
