event_sleeping:
  end: 1685753284.5638733
  start: 1685753174.4752915
