event_sleeping:
  end: 1685753229.4919922
  start: 1685753174.4662356
