event_sleeping:
  end: 1685753424.5221698
  start: 1685753281.2062845
