event_sleeping_wait_all:
  end: 1685493286.2120585
  start: 1685492753.1740289
