event_sleeping:
  end: 1685491226.212236
  start: 1685491048.6270506
