event_sleeping:
  end: 1685491616.1475222
  start: 1685491583.0765522
