event_sleeping_wait_all:
  end: 1685493583.6400244
  start: 1685493533.0325541
