event_sleeping_wait_all:
  end: 1685493481.116073
  start: 1685493338.1148515
