event_sleeping_wait_all:
  end: 1685492488.7118893
  start: 1685492075.6681917
