event_sleeping_wait_all:
  end: 1685492701.211942
  start: 1685492540.6150692
