event_sleeping:
  end: 1685491828.68064
  start: 1685491668.0620563
