event_sleeping:
  end: 1685491531.1799817
  start: 1685491278.1569908
