event_sleeping_wait_all:
  end: 1685492023.7145436
  start: 1685491880.5943835
