event_sleeping_wait_all:
  end: 1685492218.7146173
  start: 1685491955.3750234
