event_sleeping_wait_all:
  end: 1685492608.6241872
  start: 1685492270.4357793
