event_sleeping_wait_all:
  end: 1685492998.6438737
  start: 1685492947.8376913
