event_sleeping:
  end: 1685491226.211885
  start: 1685491100.328254
