event_sleeping_wait_all:
  end: 1685493388.7118945
  start: 1685493050.3187282
