event_sleeping_wait_all:
  end: 1685491616.2120714
  start: 1685491277.793829
