event_sleeping_wait_all:
  end: 1685491903.68731
  start: 1685491667.8854105
