event_sleeping:
  end: 1685491048.6255498
  start: 1685491048.6254547
