event_sleeping_wait_all:
  end: 1685492896.2148027
  start: 1685492660.2627172
