event_sleeping:
  end: 1685491141.2067575
  start: 1685491048.6261203
