event_sleeping_wait_all:
  end: 1685492506.2143848
  start: 1685492057.7908914
