event_sleeping_wait_all:
  end: 1685491921.211946
  start: 1685491777.8188388
