event_sleeping_wait_all:
  end: 1685493583.7121117
  start: 1685493337.848195
