event_sleeping_wait_all:
  end: 1685491421.1656258
  start: 1685491370.3110344
