event_sleeping_wait_all:
  end: 1685493073.721955
  start: 1685492930.3286057
