event_sleeping_wait_all:
  end: 1685492878.6297383
  start: 1685492642.8131554
