event_sleeping_wait_all:
  end: 1685491726.1475847
  start: 1685491472.8452666
