event_sleeping:
  end: 1685491318.647499
  start: 1685491192.8943918
