event_sleeping_wait_all:
  end: 1685492006.1399565
  start: 1685491972.8535032
