event_sleeping_wait_all:
  end: 1685492591.1477492
  start: 1685492557.8933012
