event_sleeping_wait_all:
  end: 1685493286.212525
  start: 1685493125.361937
