event_sleeping_wait_all:
  end: 1685491336.1880112
  start: 1685491175.3210778
