event_sleeping_wait_all:
  end: 1685491726.2120543
  start: 1685491387.8174324
