event_sleeping_wait_all:
  end: 1685492116.2119992
  start: 1685491777.8370624
