event_sleeping_wait_all:
  end: 1685492311.2118778
  start: 1685492167.845946
