event_sleeping_wait_all:
  end: 1685493176.1654458
  start: 1685493125.3511918
