event_sleeping_wait_all:
  end: 1685493463.6160142
  start: 1685493227.8326173
