event_sleeping_wait_all:
  end: 1685492488.7121782
  start: 1685492362.869083
