event_sleeping_wait_all:
  end: 1685493073.6920564
  start: 1685492837.829041
