event_sleeping_wait_all:
  end: 1685492786.1808865
  start: 1685492660.283725
