event_sleeping:
  end: 1685491123.644115
  start: 1685491048.6267369
