event_sleeping_wait_all:
  end: 1685492608.679906
  start: 1685492540.3344238
