event_sleeping:
  end: 1685493091.123994
  start: 1685492947.7118385
