event_sleeping:
  end: 1685493193.6282399
  start: 1685493142.741202
