event_sleeping:
  end: 1685492896.1241024
  start: 1685492642.8075588
