event_sleeping:
  end: 1685492591.2120085
  start: 1685492057.771742
