event_sleeping:
  end: 1685491226.1478543
  start: 1685491192.6947918
