event_sleeping:
  end: 1685491141.1160874
  start: 1685491048.6258368
