event_sleeping:
  end: 1685491811.1520267
  start: 1685491277.7224727
