event_sleeping:
  end: 1685492006.1724663
  start: 1685491862.7402906
