event_sleeping:
  end: 1685491671.1479418
  start: 1685491333.1944125
