event_sleeping:
  end: 1685492061.1481547
  start: 1685491918.2142246
