event_sleeping:
  end: 1685492451.1280577
  start: 1685492308.1534567
