event_sleeping:
  end: 1685493231.2144377
  start: 1685493088.3030047
