event_sleeping:
  end: 1685491086.1547616
  start: 1685491048.6207976
