event_sleeping:
  end: 1685491866.2145221
  start: 1685491723.1331482
