event_sleeping:
  end: 1685492646.212058
  start: 1685492503.1476595
