event_sleeping:
  end: 1685491281.2146974
  start: 1685491138.1107128
