event_sleeping_wait_all:
  end: 1685493621.1481702
  start: 1685493478.1376767
