event_sleeping:
  end: 1685492841.1641498
  start: 1685492698.240258
