event_sleeping:
  end: 1685493036.2042053
  start: 1685492893.159804
