event_sleeping_wait_all:
  end: 1685493426.1403384
  start: 1685493283.2716825
