event_sleeping:
  end: 1685492256.1242454
  start: 1685492113.151852
