event_sleeping:
  end: 1683136123.8714573
  start: 1683135928.7779915
