event_sleeping_wait_all:
  end: 1683136543.830752
  start: 1683136480.5473182
