event_sleeping_wait_all:
  end: 1683136738.867223
  start: 1683136595.4241889
