event_sleeping_wait_all:
  end: 1683136933.815405
  start: 1683136790.5065262
