event_sleeping_wait_all:
  end: 1683137568.8671944
  start: 1683137425.5323904
