event_sleeping_wait_all:
  end: 1683136428.8671112
  start: 1683136175.5386689
