event_sleeping_wait_all:
  end: 1683137373.8676074
  start: 1683136985.514517
