event_sleeping_wait_all:
  end: 1683138153.8396275
  start: 1683137620.5154257
