event_sleeping:
  end: 1683135928.7753868
  start: 1683135928.7753258
