event_sleeping_wait_all:
  end: 1683137763.8668551
  start: 1683137540.702159
