event_sleeping_wait_all:
  end: 1683137488.8674784
  start: 1683137150.4807887
