event_sleeping_wait_all:
  end: 1683136153.8672476
  start: 1683135980.4434907
