event_sleeping_wait_all:
  end: 1683136543.8675323
  start: 1683136205.4597979
