event_sleeping_wait_all:
  end: 1683136818.8672302
  start: 1683136595.4244747
