event_sleeping_wait_all:
  end: 1683137098.8316364
  start: 1683136870.526425
