event_sleeping_wait_all:
  end: 1683136233.8699143
  start: 1683136090.7339861
