event_sleeping_wait_all:
  end: 1683137518.8275955
  start: 1683137455.7084703
