event_sleeping_wait_all:
  end: 1683137403.8500354
  start: 1683136985.7134511
