event_sleeping_wait_all:
  end: 1683136788.8677113
  start: 1683136645.708585
