event_sleeping_wait_all:
  end: 1683136318.772959
  start: 1683136285.8586125
