event_sleeping_wait_all:
  end: 1683136593.7689247
  start: 1683136370.7045987
