event_sleeping_wait_all:
  end: 1683136933.8149853
  start: 1683136840.7850325
