event_sleeping:
  end: 1683136038.7903938
  start: 1683135928.7770002
