event_sleeping_wait_all:
  end: 1683137763.8673272
  start: 1683137570.7273316
