event_sleeping_wait_all:
  end: 1683137683.8236022
  start: 1683137570.4302344
