event_sleeping_wait_all:
  end: 1683137373.8150177
  start: 1683137230.4792435
