event_sleeping_wait_all:
  end: 1683137518.7677047
  start: 1683137425.5309386
