event_sleeping_wait_all:
  end: 1683136233.8635213
  start: 1683136060.533445
