event_sleeping_wait_all:
  end: 1683137013.867112
  start: 1683136675.5137846
