event_sleeping:
  end: 1683136008.8475413
  start: 1683135928.7782023
