event_sleeping_wait_all:
  end: 1683137178.8636181
  start: 1683137065.4824154
