event_sleeping_wait_all:
  end: 1683136623.8675673
  start: 1683136285.5929444
