event_sleeping_wait_all:
  end: 1683137958.8671708
  start: 1683137735.505301
