event_sleeping_wait_all:
  end: 1683138073.7754588
  start: 1683138040.5867572
