event_sleeping:
  end: 1683136038.867668
  start: 1683135928.7763038
