event_sleeping_wait_all:
  end: 1683137988.8675847
  start: 1683137845.5208843
