event_sleeping_wait_all:
  end: 1683136123.8005004
  start: 1683136090.5540292
