event_sleeping_wait_all:
  end: 1683136933.8726501
  start: 1683136760.5190797
