event_sleeping_wait_all:
  end: 1683137793.8315969
  start: 1683137540.547299
