event_sleeping_wait_all:
  end: 1683137488.7835982
  start: 1683136985.731442
