event_sleeping_wait_all:
  end: 1683138543.8677607
  start: 1683138320.5415163
