event_sleeping_wait_all:
  end: 1683138268.8673751
  start: 1683138125.4074252
