event_sleeping_wait_all:
  end: 1683136708.8555923
  start: 1683136175.5391617
