event_sleeping:
  end: 1683137738.867545
  start: 1683137595.5014606
