event_sleeping:
  end: 1683136958.867193
  start: 1683136815.416296
