event_sleeping_wait_all:
  end: 1683138323.8675184
  start: 1683138180.4156926
