event_sleeping:
  end: 1683137348.867591
  start: 1683137205.5556612
