event_sleeping:
  end: 1683135983.8241675
  start: 1683135928.7744389
