event_sleeping:
  end: 1683137153.867558
  start: 1683137010.4211369
