event_sleeping_wait_all:
  end: 1683138518.863476
  start: 1683138375.4578412
