event_sleeping_wait_all:
  end: 1683137933.8633952
  start: 1683137790.4190254
