event_sleeping:
  end: 1683136568.815743
  start: 1683136230.4826329
