event_sleeping:
  end: 1683136178.8676116
  start: 1683136038.5929043
