event_sleeping:
  end: 1683136763.867095
  start: 1683136620.3985856
