event_sleeping_wait_all:
  end: 1683138128.8315651
  start: 1683137985.4254456
