event_sleeping:
  end: 1683137543.867147
  start: 1683137400.4874191
