event_sleeping_wait_all:
  end: 1685450329.1480823
  start: 1685450076.0818865
