event_sleeping_wait_all:
  end: 1685459299.1641016
  start: 1685459156.0952528
