event_sleeping_wait_all:
  end: 1685453729.1561053
  start: 1685453586.0217023
