event_sleeping_wait_all:
  end: 1685452261.6879044
  start: 1685452136.1067607
