event_sleeping_wait_all:
  end: 1685456264.1220114
  start: 1685456231.1603448
