event_sleeping_wait_all:
  end: 1685456764.1879907
  start: 1685456316.0740306
