event_sleeping_wait_all:
  end: 1685454814.1886616
  start: 1685454476.0871391
