event_sleeping_wait_all:
  end: 1685458519.1879554
  start: 1685458181.178039
