event_sleeping_wait_all:
  end: 1685457349.1837995
  start: 1685457206.1349406
