event_sleeping_wait_all:
  end: 1685455874.1880732
  start: 1685455646.1187358
