event_sleeping:
  end: 1685450024.1538873
  start: 1685449829.1021502
