event_sleeping_wait_all:
  end: 1685460646.6894712
  start: 1685460521.0621665
