event_sleeping_wait_all:
  end: 1685453356.6824067
  start: 1685452721.0351777
