event_sleeping_wait_all:
  end: 1685455594.188044
  start: 1685455341.147114
