event_sleeping_wait_all:
  end: 1685457824.1891408
  start: 1685457681.1242304
