event_sleeping_wait_all:
  end: 1685460164.0996597
  start: 1685459741.1835127
