event_sleeping_wait_all:
  end: 1685451304.1440408
  start: 1685450856.1178195
