event_sleeping_wait_all:
  end: 1685456179.1879964
  start: 1685455926.1158214
