event_sleeping_wait_all:
  end: 1685451499.1880164
  start: 1685451356.009978
