event_sleeping_wait_all:
  end: 1685460469.116207
  start: 1685460216.05511
