event_sleeping_wait_all:
  end: 1685452381.5962086
  start: 1685452313.5674052
