event_sleeping_wait_all:
  end: 1685459384.1220195
  start: 1685459351.123663
