event_sleeping_wait_all:
  end: 1685455009.1480665
  start: 1685454866.1059284
