event_sleeping_wait_all:
  end: 1685459689.1896522
  start: 1685459436.091175
