event_sleeping_wait_all:
  end: 1685453534.1028361
  start: 1685453408.637388
