event_sleeping_wait_all:
  end: 1685455289.18932
  start: 1685455146.0402486
