event_sleeping_wait_all:
  end: 1685452669.1160986
  start: 1685452433.523116
