event_sleeping_wait_all:
  end: 1685458604.1220782
  start: 1685458571.09817
