event_sleeping_wait_all:
  end: 1685450431.6397285
  start: 1685450381.0772743
