event_sleeping_wait_all:
  end: 1685454424.1486013
  start: 1685454281.1315064
