event_sleeping_wait_all:
  end: 1685455094.1218624
  start: 1685455061.1142986
