event_sleeping_wait_all:
  end: 1685452084.187903
  start: 1685451551.076695
