event_sleeping_wait_all:
  end: 1685458909.1766033
  start: 1685458656.0756834
