event_sleeping_wait_all:
  end: 1685458129.1725166
  start: 1685457876.1222072
