event_sleeping_wait_all:
  end: 1685457629.1891658
  start: 1685457401.1309824
