event_sleeping_wait_all:
  end: 1685457154.1891525
  start: 1685456816.1703043
