event_sleeping_wait_all:
  end: 1685450626.6881764
  start: 1685450483.5357094
