event_sleeping_wait_all:
  end: 1685459104.1887503
  start: 1685458961.1180105
