event_sleeping_wait_all:
  end: 1685450804.1886592
  start: 1685450678.6234896
