event_sleeping_wait_all:
  end: 1685454034.177059
  start: 1685453781.1215475
