event_sleeping_wait_all:
  end: 1685454229.1641703
  start: 1685454086.0988386
