event_sleeping_wait_all:
  end: 1685450999.1879034
  start: 1685450770.7890818
