event_sleeping_wait_all:
  end: 1685450719.1480992
  start: 1685450465.8329854
