event_sleeping_wait_all:
  end: 1685454034.1878922
  start: 1685453780.834606
