event_sleeping_wait_all:
  end: 1685452559.1878622
  start: 1685452220.8122501
