event_sleeping_wait_all:
  end: 1685452754.1374428
  start: 1685452610.845456
