event_sleeping_wait_all:
  end: 1685455594.0928779
  start: 1685455340.878008
