event_sleeping_wait_all:
  end: 1685453059.1481638
  start: 1685452805.7631476
