event_sleeping_wait_all:
  end: 1685453449.1161435
  start: 1685453305.752714
