event_sleeping_wait_all:
  end: 1685451676.6724854
  start: 1685451440.84805
