event_sleeping_wait_all:
  end: 1685454424.1880963
  start: 1685454170.7432306
