event_sleeping:
  end: 1685449829.1016376
  start: 1685449829.1016169
