event_sleeping_wait_all:
  end: 1685451779.1358519
  start: 1685451728.3331382
