event_sleeping_wait_all:
  end: 1685455009.188304
  start: 1685454865.8061059
