event_sleeping_wait_all:
  end: 1685453254.108132
  start: 1685453110.8404436
