event_sleeping_wait_all:
  end: 1685454119.1199276
  start: 1685454085.8636942
