event_sleeping_wait_all:
  end: 1685455289.1801565
  start: 1685455060.8336847
