event_sleeping_wait_all:
  end: 1685453534.1031065
  start: 1685453500.8002713
