event_sleeping_wait_all:
  end: 1685454814.14844
  start: 1685454475.8417382
