event_sleeping_wait_all:
  end: 1685453729.1440117
  start: 1685453585.7497272
