event_sleeping_wait_all:
  end: 1685451389.188372
  start: 1685451050.7975562
