event_sleeping_wait_all:
  end: 1685452169.1801655
  start: 1685451830.8113756
