event_sleeping_wait_all:
  end: 1685455966.6879385
  start: 1685455645.8009875
