event_sleeping_wait_all:
  end: 1685450414.1879566
  start: 1685450075.8391793
