event_sleeping_wait_all:
  end: 1685450024.188546
  start: 1685449880.7932785
