event_sleeping_wait_all:
  end: 1685452559.147954
  start: 1685452415.7739928
