event_sleeping_wait_all:
  end: 1685450524.156081
  start: 1685450270.7844996
