event_sleeping_wait_all:
  end: 1685455204.1120348
  start: 1685454950.7795923
