event_sleeping_wait_all:
  end: 1685455966.6361258
  start: 1685455730.7540715
