event_sleeping_wait_all:
  end: 1685453059.1485598
  start: 1685452610.845836
