event_sleeping_wait_all:
  end: 1685453144.1202772
  start: 1685453110.820645
