event_sleeping_wait_all:
  end: 1685454314.1079204
  start: 1685454280.8574674
