event_sleeping_wait_all:
  end: 1685455679.1229417
  start: 1685455645.8003705
