event_sleeping_wait_all:
  end: 1685455594.1299849
  start: 1685455358.3381588
