event_sleeping_wait_all:
  end: 1685455306.6401453
  start: 1685455255.7614675
