event_sleeping_wait_all:
  end: 1685450804.1399739
  start: 1685450753.2526705
