event_sleeping_wait_all:
  end: 1685451304.1886723
  start: 1685450855.7798014
