event_sleeping_wait_all:
  end: 1685454509.1889102
  start: 1685454365.7270453
