event_sleeping_wait_all:
  end: 1685451406.5944753
  start: 1685451355.801129
