event_sleeping_wait_all:
  end: 1685450134.1880224
  start: 1685449990.7522764
