event_sleeping_wait_all:
  end: 1685454704.189391
  start: 1685454560.8564224
