event_sleeping_wait_all:
  end: 1685451889.1161113
  start: 1685451728.2553551
