event_sleeping_wait_all:
  end: 1685454229.2000175
  start: 1685453195.7574537
