event_sleeping_wait_all:
  end: 1685450219.1199243
  start: 1685450185.7836714
