event_sleeping_wait_all:
  end: 1685454899.188076
  start: 1685454755.8706505
