event_sleeping_wait_all:
  end: 1685452364.1240354
  start: 1685452118.3343062
