event_sleeping_wait_all:
  end: 1685451676.5896657
  start: 1685451458.238129
