event_sleeping_wait_all:
  end: 1685450701.5960612
  start: 1685450575.813076
