event_sleeping:
  end: 1685449939.1520624
  start: 1685449829.1005774
