event_sleeping_wait_all:
  end: 1685452066.6839902
  start: 1685451940.782474
