event_sleeping_wait_all:
  end: 1685450524.1914234
  start: 1685450185.7308617
