event_sleeping_wait_all:
  end: 1685453839.1878984
  start: 1685453585.7301126
