event_sleeping_wait_all:
  end: 1685451871.604133
  start: 1685451635.7815888
