event_sleeping_wait_all:
  end: 1685455204.1679935
  start: 1685454865.8139453
