event_sleeping_wait_all:
  end: 1685450134.1255014
  start: 1685449990.8264365
