event_sleeping_wait_all:
  end: 1685455484.188063
  start: 1685455255.7946322
