event_sleeping:
  end: 1685449939.1880016
  start: 1685449829.0990925
