event_sleeping_wait_all:
  end: 1685453534.0921092
  start: 1685453305.7710612
