event_sleeping_wait_all:
  end: 1685455984.1001368
  start: 1685455840.7742918
