event_sleeping_wait_all:
  end: 1685456281.689295
  start: 1685456035.74995
