event_sleeping_wait_all:
  end: 1685451304.1880233
  start: 1685451143.328086
