event_sleeping_wait_all:
  end: 1685451974.1547468
  start: 1685451923.2256231
