event_sleeping_wait_all:
  end: 1685453254.1084986
  start: 1685453000.7873101
