event_sleeping_wait_all:
  end: 1685452949.1223629
  start: 1685452915.8354127
