event_sleeping_wait_all:
  end: 1685451091.663947
  start: 1685450965.6840694
