event_sleeping_wait_all:
  end: 1685454814.1879656
  start: 1685454670.7554595
