event_sleeping_wait_all:
  end: 1685455789.12409
  start: 1685455535.838832
