event_sleeping_wait_all:
  end: 1685452456.688912
  start: 1685452313.276347
