event_sleeping_wait_all:
  end: 1685450914.0920775
  start: 1685450575.8331923
