event_sleeping_wait_all:
  end: 1685454619.0999084
  start: 1685453890.8509495
