event_sleeping_wait_all:
  end: 1685452261.6162221
  start: 1685452025.7751868
