event_sleeping_wait_all:
  end: 1685451584.1243691
  start: 1685451440.7174544
