event_sleeping_wait_all:
  end: 1685452864.1902988
  start: 1685452508.3285134
