event_sleeping_wait_all:
  end: 1685451389.1322324
  start: 1685451355.8452005
