event_sleeping_wait_all:
  end: 1685453839.1321247
  start: 1685453585.7761493
