event_sleeping_wait_all:
  end: 1685451694.0904038
  start: 1685451440.6981251
