event_sleeping_wait_all:
  end: 1685457629.1895607
  start: 1685457485.6931596
