event_sleeping_wait_all:
  end: 1685452754.1486626
  start: 1685452508.32914
