event_sleeping_wait_all:
  end: 1685453144.18791
  start: 1685452805.716242
