event_sleeping_wait_all:
  end: 1685456569.1801045
  start: 1685455840.7156024
