event_sleeping:
  end: 1685449939.1887038
  start: 1685449829.1014588
