event_sleeping_wait_all:
  end: 1685459384.1880326
  start: 1685459240.9066048
