event_sleeping_wait_all:
  end: 1685450609.1891632
  start: 1685450075.6947174
