event_sleeping_wait_all:
  end: 1685454119.1528366
  start: 1685454068.2681487
