event_sleeping_wait_all:
  end: 1685454016.6880798
  start: 1685453890.7394097
