event_sleeping_wait_all:
  end: 1685452169.1805837
  start: 1685452025.7111657
