event_sleeping_wait_all:
  end: 1685458129.1721115
  start: 1685457985.7390718
