event_sleeping_wait_all:
  end: 1685452456.689228
  start: 1685452220.8229034
