event_sleeping_wait_all:
  end: 1685455399.1879597
  start: 1685455163.2740326
