event_sleeping_wait_all:
  end: 1685458604.1226182
  start: 1685458570.7240174
