event_sleeping_wait_all:
  end: 1685451974.1199536
  start: 1685451940.7514172
