event_sleeping_wait_all:
  end: 1685454424.1886709
  start: 1685454170.7294323
