event_sleeping_wait_all:
  end: 1685457239.1879199
  start: 1685457095.7506616
