event_sleeping_wait_all:
  end: 1685457934.1080983
  start: 1685457680.8431418
