event_sleeping_wait_all:
  end: 1685459866.606113
  start: 1685459740.7746365
