event_sleeping_wait_all:
  end: 1685451389.0959034
  start: 1685450855.8083093
