event_sleeping_wait_all:
  end: 1685454899.1400356
  start: 1685454848.262061
