event_sleeping_wait_all:
  end: 1685459689.1892412
  start: 1685459435.794435
