event_sleeping_wait_all:
  end: 1685457044.1223059
  start: 1685457010.7817352
