event_sleeping_wait_all:
  end: 1685459189.1160963
  start: 1685459045.670038
