event_sleeping_wait_all:
  end: 1685453534.1879127
  start: 1685453195.755848
