event_sleeping_wait_all:
  end: 1685457434.1080654
  start: 1685457290.8087115
