event_sleeping_wait_all:
  end: 1685456959.1601753
  start: 1685456620.7879024
