event_sleeping_wait_all:
  end: 1685455484.1222837
  start: 1685455450.7622774
