event_sleeping_wait_all:
  end: 1685458519.1160502
  start: 1685458375.7631743
