event_sleeping_wait_all:
  end: 1685455111.6894531
  start: 1685454950.7739377
