event_sleeping_wait_all:
  end: 1685458324.187947
  start: 1685458180.790057
