event_sleeping_wait_all:
  end: 1685458909.176127
  start: 1685458655.7710645
