event_sleeping_wait_all:
  end: 1685455789.1245053
  start: 1685455535.744284
