event_sleeping_wait_all:
  end: 1685454796.6362324
  start: 1685454475.8139293
