event_sleeping_wait_all:
  end: 1685450024.1225464
  start: 1685449990.74058
