event_sleeping_wait_all:
  end: 1685451889.1880558
  start: 1685451745.6643193
