event_sleeping_wait_all:
  end: 1685450804.1880212
  start: 1685450660.8504484
