event_sleeping_wait_all:
  end: 1685458994.1438265
  start: 1685458960.827301
