event_sleeping:
  end: 1685454564.1892104
  start: 1685454421.1635363
