event_sleeping:
  end: 1685451054.187959
  start: 1685450911.172126
