event_sleeping:
  end: 1685455149.1890805
  start: 1685454811.2245367
