event_sleeping_wait_all:
  end: 1685460024.1038873
  start: 1685459881.1016498
