event_sleeping_wait_all:
  end: 1685460219.1521115
  start: 1685460076.133268
