event_sleeping:
  end: 1685451639.1520753
  start: 1685451496.095544
