event_sleeping:
  end: 1685455929.1481755
  start: 1685455396.1718435
