event_sleeping:
  end: 1685453394.1894035
  start: 1685453251.2016714
