event_sleeping_wait_all:
  end: 1685458659.1641023
  start: 1685458126.1822298
