event_sleeping:
  end: 1685453004.108055
  start: 1685452861.1774976
