event_sleeping:
  end: 1685450079.1880784
  start: 1685449935.8312042
