event_sleeping:
  end: 1685453979.1341763
  start: 1685453641.1433623
