event_sleeping:
  end: 1685451444.1040351
  start: 1685451301.108337
