event_sleeping_wait_all:
  end: 1685458074.1893573
  start: 1685457931.1945481
