event_sleeping:
  end: 1685451834.189263
  start: 1685451699.9442542
