event_sleeping:
  end: 1685452224.1893566
  start: 1685452081.1853533
