event_sleeping:
  end: 1685454174.1636615
  start: 1685454031.2343686
