event_sleeping_wait_all:
  end: 1685457489.18933
  start: 1685457346.1724598
