event_sleeping:
  end: 1685453199.1856658
  start: 1685453056.0986466
