event_sleeping_wait_all:
  end: 1685459829.1161075
  start: 1685459686.2171443
