event_sleeping:
  end: 1685449884.1240332
  start: 1685449829.0985022
