event_sleeping:
  end: 1685450664.1892784
  start: 1685450521.090323
