event_sleeping_wait_all:
  end: 1685459634.1889296
  start: 1685459101.1696844
