event_sleeping_wait_all:
  end: 1685457684.1890693
  start: 1685457541.2421618
