event_sleeping:
  end: 1685454759.1890047
  start: 1685454616.173827
