event_sleeping_wait_all:
  end: 1685456904.1892712
  start: 1685456761.1434386
