event_sleeping:
  end: 1685452419.1521797
  start: 1685452276.25271
