event_sleeping:
  end: 1685453589.1893425
  start: 1685453446.256341
