event_sleeping:
  end: 1685451249.097629
  start: 1685451117.3721206
