event_sleeping:
  end: 1685454369.1161196
  start: 1685454226.1432598
