event_sleeping_wait_all:
  end: 1685457294.1891387
  start: 1685457151.1599436
