event_sleeping_wait_all:
  end: 1685456709.1879408
  start: 1685456371.1626062
