event_sleeping_wait_all:
  end: 1685459049.1892037
  start: 1685458711.2261353
