event_sleeping_wait_all:
  end: 1685456319.1521618
  start: 1685455981.121082
