event_sleeping:
  end: 1685452029.128063
  start: 1685451886.2043793
