event_sleeping_wait_all:
  end: 1685460609.187715
  start: 1685460466.231152
