event_sleeping:
  end: 1685452809.1891615
  start: 1685452471.249732
