event_sleeping:
  end: 1685450859.1889634
  start: 1685450716.1522455
