event_sleeping:
  end: 1685450469.1160562
  start: 1685450131.1865256
