event_sleeping_wait_all:
  end: 1685457099.1520894
  start: 1685456956.176959
