event_sleeping_wait_all:
  end: 1685460414.188932
  start: 1685460271.116901
