event_sleeping_wait_all:
  end: 1685457879.152134
  start: 1685457736.2162046
