event_sleeping:
  end: 1685455344.1880207
  start: 1685455201.2376812
