event_sleeping:
  end: 1685748462.8831747
  start: 1685748267.8354237
