event_sleeping:
  end: 1685748267.8342748
  start: 1685748267.8342469
