event_sleeping:
  end: 1685748360.3801694
  start: 1685748267.8339171
