event_sleeping:
  end: 1685748360.4168665
  start: 1685748267.835097
