event_sleeping:
  end: 1685748360.4250412
  start: 1685748267.8348317
