event_sleeping:
  end: 1685748305.3640587
  start: 1685748267.83144
