event_sleeping:
  end: 1685748500.4240072
  start: 1685748357.0494883
