event_sleeping_wait_all:
  end: 1685431009.9328232
  start: 1685430884.341899
