event_sleeping_wait_all:
  end: 1685430832.4318466
  start: 1685430689.4350266
