event_sleeping:
  end: 1685430442.4321768
  start: 1685429839.84014
