event_sleeping:
  end: 1685430637.4328566
  start: 1685430500.3890142
