event_sleeping_wait_all:
  end: 1685431297.371523
  start: 1685431061.9173713
