event_sleeping_wait_all:
  end: 1685430442.3836424
  start: 1685430391.6112108
