event_sleeping_wait_all:
  end: 1685430619.8681216
  start: 1685430494.0713933
