event_sleeping:
  end: 1685430052.4325783
  start: 1685429839.8395433
