event_sleeping_wait_all:
  end: 1685431314.8760324
  start: 1685430671.4930682
