event_sleeping_wait_all:
  end: 1685431687.4327002
  start: 1685431366.506409
