event_sleeping:
  end: 1685430339.9318535
  start: 1685430113.208881
