event_sleeping_wait_all:
  end: 1685431417.3402536
  start: 1685431366.5231955
