event_sleeping_wait_all:
  end: 1685430712.4328794
  start: 1685430569.1193411
