event_sleeping_wait_all:
  end: 1685431314.9359634
  start: 1685430884.027333
