event_sleeping:
  end: 1685430144.9328578
  start: 1685430001.5680106
