event_sleeping:
  end: 1685429949.9340436
  start: 1685429839.8379061
