event_sleeping:
  end: 1685430517.4327307
  start: 1685430196.559441
