event_sleeping_wait_all:
  end: 1685430832.3998637
  start: 1685430764.07549
