event_sleeping_wait_all:
  end: 1685430144.933221
  start: 1685429984.102436
