event_sleeping:
  end: 1685429932.4168017
  start: 1685429839.8384318
