event_sleeping_wait_all:
  end: 1685430729.9326112
  start: 1685430281.5026464
