event_sleeping_wait_all:
  end: 1685431102.4329123
  start: 1685430781.5674815
