event_sleeping_wait_all:
  end: 1685430229.86583
  start: 1685430196.588127
