event_sleeping_wait_all:
  end: 1685431399.866154
  start: 1685431366.5034184
