event_sleeping_wait_all:
  end: 1685431789.9318385
  start: 1685431451.4227173
