event_sleeping:
  end: 1685430619.9320867
  start: 1685429891.4270914
