event_sleeping_wait_all:
  end: 1685431009.93319
  start: 1685430883.9720538
