event_sleeping_wait_all:
  end: 1685432467.4329228
  start: 1685432146.5643523
