event_sleeping_wait_all:
  end: 1685431314.8764343
  start: 1685431061.5607095
