event_sleeping_wait_all:
  end: 1685432094.932866
  start: 1685431841.5705113
