event_sleeping:
  end: 1685429839.839002
  start: 1685429839.8389685
