event_sleeping:
  end: 1685430832.3481193
  start: 1685430671.495392
