event_sleeping_wait_all:
  end: 1685431844.924083
  start: 1685431701.9353516
