event_sleeping:
  end: 1685430869.9330657
  start: 1685430726.891203
