event_sleeping:
  end: 1685429894.8440955
  start: 1685429839.8373916
