event_sleeping_wait_all:
  end: 1685432039.9000351
  start: 1685431896.9194145
