event_sleeping_wait_all:
  end: 1685432234.9328172
  start: 1685432091.9510028
