event_sleeping_wait_all:
  end: 1685432429.932862
  start: 1685432286.9866521
