event_sleeping:
  end: 1685430674.8599868
  start: 1685430531.9693592
