event_sleeping_wait_all:
  end: 1685431259.9286914
  start: 1685431116.9487002
