event_sleeping_wait_all:
  end: 1685431649.932632
  start: 1685431506.9406822
