event_sleeping_wait_all:
  end: 1685431454.931978
  start: 1685431311.9937418
