event_sleeping:
  end: 1685430479.9329038
  start: 1685430141.9842253
