event_sleeping:
  end: 1685430089.9328213
  start: 1685429946.851571
