event_sleeping_wait_all:
  end: 1685431064.9325042
  start: 1685430921.9867857
