event_sleeping:
  end: 1685342895.7649577
  start: 1685342861.866283
