event_sleeping:
  end: 1685344760.7358794
  start: 1685344616.9279056
