event_sleeping:
  end: 1685343303.3311825
  start: 1685343159.4201744
