event_sleeping:
  end: 1685347593.2825682
  start: 1685347541.8145392
