event_sleeping:
  end: 1685347490.7359107
  start: 1685347329.3538911
