event_sleeping:
  end: 1685344863.2826388
  start: 1685344811.8366344
