event_sleeping:
  end: 1685348660.8278785
  start: 1685348424.3804154
