event_sleeping:
  end: 1685348763.2841086
  start: 1685348711.9341526
