event_sleeping:
  end: 1685343108.3312027
  start: 1685342946.818359
