event_sleeping:
  end: 1685345150.7357445
  start: 1685344914.3580651
