event_sleeping:
  end: 1685345820.831065
  start: 1685345201.8403513
