event_sleeping:
  end: 1685346498.331355
  start: 1685346261.8806052
