event_sleeping:
  end: 1685346905.8311884
  start: 1685346761.8528817
