event_sleeping:
  end: 1685344565.8279386
  start: 1685344031.837815
