event_sleeping:
  end: 1685346033.3183901
  start: 1685345871.9082448
