event_sleeping:
  end: 1685343768.2545059
  start: 1685343354.413732
