event_sleeping:
  end: 1685346710.7563393
  start: 1685346549.4337761
