event_sleeping:
  end: 1685347770.7829204
  start: 1685347644.353308
