event_sleeping:
  end: 1685343980.7640352
  start: 1685343819.355744
