event_sleeping:
  end: 1685348075.7357469
  start: 1685347821.8586266
