event_sleeping:
  end: 1685349228.2519948
  start: 1685348814.3839693
