event_sleeping:
  end: 1685346210.8309865
  start: 1685346084.3723657
