event_sleeping:
  end: 1685342810.7358994
  start: 1685342557.992396
