event_sleeping:
  end: 1685348373.3308492
  start: 1685348126.830631
