event_sleeping:
  end: 1685342505.8287919
  start: 1685342328.243246
