event_sleeping:
  end: 1685347278.2680972
  start: 1685346956.9330635
