event_sleeping:
  end: 1685346210.83124
  start: 1685346084.106168
