event_sleeping:
  end: 1685343888.3279588
  start: 1685343549.0859263
