event_sleeping:
  end: 1685348465.7896335
  start: 1685348126.5952475
