event_sleeping:
  end: 1685346618.2596478
  start: 1685346566.6568687
