event_sleeping:
  end: 1685342328.2395465
  start: 1685342328.2392707
