event_sleeping:
  end: 1685344668.331218
  start: 1685344329.0789669
