event_sleeping:
  end: 1685345718.2855785
  start: 1685345574.0839684
