event_sleeping:
  end: 1685348660.7356591
  start: 1685348516.6109195
