event_sleeping:
  end: 1685347490.830976
  start: 1685347346.5459814
