event_sleeping:
  end: 1685345235.735913
  start: 1685345091.64173
