event_sleeping:
  end: 1685347788.331253
  start: 1685347541.677065
