event_sleeping:
  end: 1685346033.2827182
  start: 1685345981.58687
