event_sleeping:
  end: 1685345040.8310986
  start: 1685344719.1189075
