event_sleeping:
  end: 1685349135.8310218
  start: 1685348814.0922306
