event_sleeping:
  end: 1685348075.736059
  start: 1685347839.1837358
