event_sleeping:
  end: 1685348763.2526464
  start: 1685348711.5126538
