event_sleeping:
  end: 1685344278.2828147
  start: 1685344226.6696968
