event_sleeping:
  end: 1685346515.8280222
  start: 1685346261.6552174
