event_sleeping:
  end: 1685347295.7356584
  start: 1685346956.6323082
