event_sleeping:
  end: 1685344175.8168573
  start: 1685343939.1292918
