event_sleeping:
  end: 1685346905.8316982
  start: 1685346669.0991392
