event_sleeping:
  end: 1685345930.7801323
  start: 1685345769.1460495
