event_sleeping:
  end: 1685343498.2681158
  start: 1685343234.1202388
