event_sleeping:
  end: 1685342895.7984242
  start: 1685342556.6440747
