event_sleeping:
  end: 1685343183.324146
  start: 1685342946.5941262
