event_sleeping:
  end: 1685345523.3280919
  start: 1685345286.5447788
