event_sleeping:
  end: 1685342505.8281343
  start: 1685342379.0374305
