event_sleeping:
  end: 1685347380.765668
  start: 1685347254.1434662
