event_sleeping:
  end: 1685347203.3313503
  start: 1685347041.6419406
