event_sleeping:
  end: 1685343870.7654746
  start: 1685343836.5340652
