event_sleeping:
  end: 1685342598.2357037
  start: 1685342471.5047457
