event_sleeping:
  end: 1685347668.331453
  start: 1685347431.5279527
