event_sleeping:
  end: 1685346813.2827144
  start: 1685346761.5894058
