event_sleeping:
  end: 1685343200.7641065
  start: 1685343056.6258445
