event_sleeping:
  end: 1685349245.827915
  start: 1685348711.536569
