event_sleeping:
  end: 1685342420.7361531
  start: 1685342328.241799
