event_sleeping:
  end: 1685345523.2400746
  start: 1685345091.642348
