event_sleeping:
  end: 1685344863.328015
  start: 1685344616.631387
