event_sleeping:
  end: 1685347770.7827697
  start: 1685347719.176668
