event_sleeping:
  end: 1685348660.7358344
  start: 1685348516.6279974
