event_sleeping:
  end: 1685345040.8314028
  start: 1685344914.1665547
