event_sleeping:
  end: 1685346990.8314621
  start: 1685346864.0539343
