event_sleeping:
  end: 1685348075.827876
  start: 1685347821.6359165
