event_sleeping:
  end: 1685342700.76413
  start: 1685342649.0522897
