event_sleeping:
  end: 1685348465.789401
  start: 1685348211.6110268
