event_sleeping:
  end: 1685344353.3311474
  start: 1685344209.1322784
