event_sleeping:
  end: 1685343005.8279521
  start: 1685342751.6063995
