event_sleeping:
  end: 1685348160.7650793
  start: 1685348126.6378973
