event_sleeping:
  end: 1685346710.7561016
  start: 1685345676.547942
