event_sleeping:
  end: 1685344565.8278227
  start: 1685344404.1357083
