event_sleeping:
  end: 1685343785.735889
  start: 1685343336.5594347
