event_sleeping:
  end: 1685344158.3317075
  start: 1685343921.5636954
