event_sleeping:
  end: 1685343285.7560387
  start: 1685343251.6146872
