event_sleeping:
  end: 1685345625.7356422
  start: 1685345574.0818043
