event_sleeping:
  end: 1685343768.330651
  start: 1685343641.6488616
