event_sleeping:
  end: 1685344353.2440941
  start: 1685344116.6510205
