event_sleeping:
  end: 1685344065.831469
  start: 1685343939.040867
