event_sleeping:
  end: 1685347083.3312545
  start: 1685346371.599921
