event_sleeping:
  end: 1685345735.7358475
  start: 1685345481.5454502
