event_sleeping:
  end: 1685342403.3040097
  start: 1685342328.240641
