event_sleeping:
  end: 1685349245.762001
  start: 1685348814.0430155
