event_sleeping:
  end: 1685343005.828236
  start: 1685342666.5208669
