event_sleeping:
  end: 1685348465.788078
  start: 1685348321.617796
