event_sleeping:
  end: 1685344955.772125
  start: 1685344794.065089
