event_sleeping:
  end: 1685348763.2400835
  start: 1685348516.5409806
