event_sleeping:
  end: 1685344743.2810183
  start: 1685344506.523028
