event_sleeping:
  end: 1685342615.7358825
  start: 1685342454.1617982
