event_sleeping:
  end: 1685347965.8281562
  start: 1685347719.1447155
