event_sleeping:
  end: 1685348270.8121107
  start: 1685348016.6421251
