event_sleeping:
  end: 1685346320.8279185
  start: 1685346066.531447
