event_sleeping:
  end: 1685343395.8040967
  start: 1685343056.6264594
