event_sleeping:
  end: 1685347668.3311765
  start: 1685347346.5634496
