event_sleeping:
  end: 1685347295.7358577
  start: 1685347134.1447556
