event_sleeping:
  end: 1685343888.2532642
  start: 1685343819.14197
