event_sleeping:
  end: 1685345430.7479906
  start: 1685345396.64075
