event_sleeping:
  end: 1685344455.7359014
  start: 1685344404.033271
