event_sleeping:
  end: 1685346015.740171
  start: 1685345786.5418954
