event_sleeping:
  end: 1685345345.8312051
  start: 1685345006.5732548
