event_sleeping:
  end: 1685343590.8310568
  start: 1685343446.6164289
