event_sleeping:
  end: 1685348270.8436415
  start: 1685348016.4900618
