event_sleeping:
  end: 1685346600.7581983
  start: 1685346566.50976
