event_sleeping:
  end: 1685346320.8281355
  start: 1685346066.521939
