event_sleeping:
  end: 1685347295.7361183
  start: 1685346956.6255429
