event_sleeping:
  end: 1685344175.8167326
  start: 1685343921.5686328
