event_sleeping:
  end: 1685344955.7719705
  start: 1685344719.090838
