event_sleeping:
  end: 1685347380.7655478
  start: 1685347346.5333607
