event_sleeping:
  end: 1685343870.8279989
  start: 1685343336.5540426
