event_sleeping:
  end: 1685345253.331313
  start: 1685345006.4968097
