event_sleeping:
  end: 1685342420.7358642
  start: 1685342328.2425573
