event_sleeping:
  end: 1685344370.8213587
  start: 1685344226.5526009
