event_sleeping:
  end: 1685344668.3315217
  start: 1685344524.050458
