event_sleeping:
  end: 1685346905.8314834
  start: 1685346651.4973001
