event_sleeping:
  end: 1685347880.8313339
  start: 1685347644.0461817
