event_sleeping:
  end: 1685349050.780133
  start: 1685348321.5526223
