event_sleeping:
  end: 1685346015.771111
  start: 1685345694.0642705
