event_sleeping:
  end: 1685342505.7652338
  start: 1685342471.4811532
