event_sleeping:
  end: 1685347593.3281157
  start: 1685347431.4907541
