event_sleeping:
  end: 1685343090.831115
  start: 1685342556.5141582
