event_sleeping:
  end: 1685346515.7588267
  start: 1685346371.5507863
