event_sleeping:
  end: 1685343285.7561867
  start: 1685343141.5674396
