event_sleeping:
  end: 1685347965.7643049
  start: 1685347931.5577455
