event_sleeping:
  end: 1685345643.3312194
  start: 1685345304.0735908
