event_sleeping:
  end: 1685344473.2830765
  start: 1685344421.558543
