event_sleeping:
  end: 1685343535.7319136
  start: 1685343391.9019394
