event_sleeping:
  end: 1685346460.7358875
  start: 1685346121.9410934
