event_sleeping:
  end: 1685347825.8309493
  start: 1685347681.9855022
