event_sleeping:
  end: 1685346850.771099
  start: 1685346706.970581
