event_sleeping:
  end: 1685344510.8313127
  start: 1685344366.874611
