event_sleeping:
  end: 1685345485.8308449
  start: 1685345341.950757
