event_sleeping:
  end: 1685344315.7359543
  start: 1685344171.965891
