event_sleeping:
  end: 1685345290.8309612
  start: 1685344971.8470793
