event_sleeping:
  end: 1685343730.8310835
  start: 1685343586.9163442
