event_sleeping:
  end: 1685342560.8281336
  start: 1685342416.604181
