event_sleeping:
  end: 1685346655.8218086
  start: 1685346511.8848684
