event_sleeping:
  end: 1685342365.7698576
  start: 1685342328.2382634
