event_sleeping:
  end: 1685346070.7620368
  start: 1685345926.9722688
