event_sleeping:
  end: 1685344705.820111
  start: 1685344561.9724813
