event_sleeping:
  end: 1685345875.7960722
  start: 1685345731.8928814
