event_sleeping:
  end: 1685343340.775092
  start: 1685343196.969232
