event_sleeping:
  end: 1685343145.827905
  start: 1685343001.9996753
