event_sleeping:
  end: 1685344900.7405229
  start: 1685344756.998736
