event_sleeping:
  end: 1685342950.8312688
  start: 1685342611.9546535
