event_sleeping:
  end: 1685344120.831124
  start: 1685343977.0149562
