event_sleeping:
  end: 1685345680.7400444
  start: 1685345536.9927282
