event_sleeping:
  end: 1685347630.8274887
  start: 1685347291.93485
