event_sleeping:
  end: 1685347045.8310668
  start: 1685346901.8871088
