event_sleeping:
  end: 1685347240.757077
  start: 1685347097.0146585
