event_sleeping:
  end: 1685348800.792353
  start: 1685348461.9319122
