event_sleeping:
  end: 1685348410.7658617
  start: 1685347877.0124497
