event_sleeping:
  end: 1685343925.831317
  start: 1685343781.9821775
