event_sleeping:
  end: 1683365363.4395254
  start: 1683364747.2018588
