event_sleeping:
  end: 1683362438.3697193
  start: 1683362407.1589317
