event_sleeping:
  end: 1683364108.4355605
  start: 1683363577.1126242
