event_sleeping:
  end: 1683362845.9355714
  start: 1683362704.6215522
