event_sleeping:
  end: 1683365575.9353495
  start: 1683365417.1594284
