event_sleeping:
  end: 1683365753.4025278
  start: 1683365629.6769812
