event_sleeping:
  end: 1683364693.435506
  start: 1683364459.6948512
