event_sleeping:
  end: 1683362650.8974712
  start: 1683362492.1033568
