event_sleeping:
  end: 1683363310.9362354
  start: 1683362899.669677
