event_sleeping:
  end: 1683364405.8834684
  start: 1683364357.2171285
