event_sleeping:
  end: 1683362353.4354982
  start: 1683362102.1568222
