event_sleeping:
  end: 1683362048.4450338
  start: 1683361870.8466413
