event_sleeping:
  end: 1683364303.4386017
  start: 1683364162.1950395
