event_sleeping:
  end: 1683363523.371174
  start: 1683363364.6599116
