event_sleeping:
  end: 1683362438.4394653
  start: 1683362102.1558914
