event_sleeping:
  end: 1683365575.8873675
  start: 1683365527.0805237
