event_sleeping:
  end: 1683364778.3837218
  start: 1683364637.3099315
