event_sleeping:
  end: 1683364210.939101
  start: 1683363874.6172009
