event_sleeping:
  end: 1683363040.9074793
  start: 1683362779.5972798
