event_sleeping:
  end: 1683363820.8875315
  start: 1683363772.1751473
