event_sleeping:
  end: 1683365753.4395335
  start: 1683365629.6804492
