event_sleeping:
  end: 1683361870.8452463
  start: 1683361870.844858
