event_sleeping:
  end: 1683365473.3435166
  start: 1683365314.7009764
