event_sleeping:
  end: 1683362725.8606257
  start: 1683362492.2207515
