event_sleeping:
  end: 1683364583.4389122
  start: 1683364264.6916444
