event_sleeping:
  end: 1683363430.9359355
  start: 1683363094.611598
