event_sleeping:
  end: 1683365065.891641
  start: 1683364832.1446338
