event_sleeping:
  end: 1683362048.4357138
  start: 1683361924.6080794
