event_sleeping:
  end: 1683363718.435484
  start: 1683363484.6145349
