event_sleeping:
  end: 1683365260.9355884
  start: 1683365119.645021
