event_sleeping:
  end: 1683361963.4097223
  start: 1683361870.846262
