event_sleeping:
  end: 1683362828.369432
  start: 1683362797.4535012
