event_sleeping:
  end: 1683364583.4386797
  start: 1683364459.9877653
