event_sleeping:
  end: 1683365065.93548
  start: 1683364637.588181
