event_sleeping:
  end: 1683362140.9387202
  start: 1683362017.4436967
