event_sleeping:
  end: 1683363700.9339147
  start: 1683363467.3799949
