event_sleeping:
  end: 1683365168.3868027
  start: 1683365119.9342165
