event_sleeping:
  end: 1683362743.3913534
  start: 1683362602.4056325
