event_sleeping:
  end: 1683363328.4155369
  start: 1683362882.4103494
