event_sleeping:
  end: 1683364405.9389336
  start: 1683364162.495022
