event_sleeping:
  end: 1683366253.435495
  start: 1683365222.442605
