event_sleeping:
  end: 1683363413.3697054
  start: 1683363382.432569
