event_sleeping:
  end: 1683362243.383511
  start: 1683362195.0093064
