event_sleeping:
  end: 1683364108.4390903
  start: 1683363950.0852633
