event_sleeping:
  end: 1683362548.367615
  start: 1683362297.449711
