event_sleeping:
  end: 1683365558.415597
  start: 1683365332.1520765
