event_sleeping:
  end: 1683364888.4389606
  start: 1683364552.1260948
