event_sleeping:
  end: 1683364973.367427
  start: 1683364942.2025476
