event_sleeping:
  end: 1683363430.894094
  start: 1683363364.65146
