event_sleeping:
  end: 1683363895.935459
  start: 1683363662.1637595
