event_sleeping:
  end: 1683362548.367852
  start: 1683362212.2085094
