event_sleeping:
  end: 1683363998.3794703
  start: 1683363949.6924794
