event_sleeping:
  end: 1683361945.915537
  start: 1683361870.8464215
