event_sleeping:
  end: 1683362158.435488
  start: 1683361999.6736467
