event_sleeping:
  end: 1683363608.4355001
  start: 1683363484.6054072
