event_sleeping:
  end: 1683365278.4019938
  start: 1683365027.2715108
