event_sleeping:
  end: 1683365863.4389682
  start: 1683365612.140973
