event_sleeping:
  end: 1683363310.935552
  start: 1683363187.160321
