event_sleeping:
  end: 1683363133.4190528
  start: 1683362992.1654036
