event_sleeping:
  end: 1683364285.8715732
  start: 1683364052.0988271
