event_sleeping:
  end: 1683362938.438628
  start: 1683362602.1274505
