event_sleeping:
  end: 1683364498.415576
  start: 1683364339.6129766
