event_sleeping:
  end: 1683364210.9388695
  start: 1683364069.6446154
