event_sleeping:
  end: 1683364795.9019418
  start: 1683364552.154908
