event_sleeping:
  end: 1683362633.4355206
  start: 1683362102.230209
