event_sleeping:
  end: 1683365558.4158201
  start: 1683365239.8441224
