event_sleeping:
  end: 1683361963.4089403
  start: 1683361870.8425825
