event_sleeping:
  end: 1683365863.4386458
  start: 1683365612.1991262
