event_sleeping:
  end: 1683364015.875624
  start: 1683363967.139441
