event_sleeping:
  end: 1683362828.435507
  start: 1683362687.2150512
