event_sleeping:
  end: 1683363718.4389043
  start: 1683363467.1635458
