event_sleeping:
  end: 1683363913.3663423
  start: 1683363772.1917725
