event_sleeping:
  end: 1683362048.3674476
  start: 1683362017.1956701
