event_sleeping:
  end: 1683364498.4474514
  start: 1683364264.6720502
