event_sleeping:
  end: 1683365185.9356043
  start: 1683364849.7057335
