event_sleeping:
  end: 1683363413.4353502
  start: 1683362882.1967857
