event_sleeping:
  end: 1683363663.4386044
  start: 1683363522.0359542
