event_sleeping:
  end: 1683364053.4355705
  start: 1683363912.1109815
