event_sleeping:
  end: 1683363273.43553
  start: 1683363132.1022053
