event_sleeping:
  end: 1683362883.4372132
  start: 1683362742.1456559
