event_sleeping:
  end: 1683365613.342042
  start: 1683365472.1122384
