event_sleeping:
  end: 1683362103.4386375
  start: 1683361969.0899904
