event_sleeping:
  end: 1683363468.3676023
  start: 1683363327.103848
