event_sleeping:
  end: 1683362688.4388893
  start: 1683362547.1086595
