event_sleeping:
  end: 1683364248.4315987
  start: 1683364107.1280572
