event_sleeping:
  end: 1683365418.4386103
  start: 1683365277.1966527
