event_sleeping:
  end: 1683364833.435477
  start: 1683364544.3487937
