event_sleeping:
  end: 1683361908.3780134
  start: 1683361870.8458614
