event_sleeping:
  end: 1683364443.435389
  start: 1683364302.1167967
