event_sleeping:
  end: 1683363858.4355466
  start: 1683363717.0795798
