event_sleeping:
  end: 1683362493.4389634
  start: 1683362157.0977588
