event_sleeping:
  end: 1683365223.4353914
  start: 1683365082.0753078
