event_sleeping:
  end: 1683365028.3996463
  start: 1683364887.0726063
