event_sleeping:
  end: 1683363078.43892
  start: 1683362937.1021342
