event_sleeping:
  end: 1683366796.9756086
  start: 1683366478.283176
