event_sleeping:
  end: 1683367892.0229788
  start: 1683367648.312099
