event_sleeping:
  end: 1683368282.0236723
  start: 1683368233.2643142
