event_sleeping:
  end: 1683367009.5362482
  start: 1683366850.7521892
