event_sleeping:
  end: 1683367289.5713596
  start: 1683367165.7600148
