event_sleeping:
  end: 1683366424.5828955
  start: 1683366331.980128
