event_sleeping:
  end: 1683367594.562342
  start: 1683367343.2823923
