event_sleeping:
  end: 1683367112.019364
  start: 1683367063.2381861
