event_sleeping:
  end: 1683368179.5355897
  start: 1683367945.7951508
