event_sleeping:
  end: 1683368747.0274544
  start: 1683368335.775806
