event_sleeping:
  end: 1683368179.5766897
  start: 1683368038.2979136
