event_sleeping:
  end: 1683368654.5745394
  start: 1683368335.7007937
