event_sleeping:
  end: 1683366814.5717552
  start: 1683366478.2511003
