event_sleeping:
  end: 1683367984.575202
  start: 1683367648.3109615
