event_sleeping:
  end: 1683368282.0194385
  start: 1683368233.3077078
