event_sleeping:
  end: 1683367307.071541
  start: 1683367063.2796092
