event_sleeping:
  end: 1683367594.561964
  start: 1683367360.823331
