event_sleeping:
  end: 1683367009.5717432
  start: 1683366868.3029764
