event_sleeping:
  end: 1683366424.5539243
  start: 1683366331.9810216
