event_sleeping:
  end: 1683366509.571487
  start: 1683366386.0257707
