event_sleeping:
  end: 1683368179.57515
  start: 1683368038.6448407
