event_sleeping:
  end: 1683368764.5803237
  start: 1683368233.6111698
