event_sleeping:
  end: 1683367289.5193849
  start: 1683367241.1351993
