event_sleeping:
  end: 1683367187.0562131
  start: 1683366953.7320402
