event_sleeping:
  end: 1683367984.571514
  start: 1683367733.5608788
