event_sleeping:
  end: 1683366899.5713427
  start: 1683366776.109974
