event_sleeping:
  end: 1683366722.0479178
  start: 1683366563.6408143
