event_sleeping:
  end: 1683367679.505479
  start: 1683367648.7520237
