event_sleeping:
  end: 1683367594.5627563
  start: 1683367343.5400019
