event_sleeping:
  end: 1683366331.981465
  start: 1683366331.9814072
