event_sleeping:
  end: 1683368764.5714252
  start: 1683368335.7563155
