event_sleeping:
  end: 1683367484.5713966
  start: 1683367240.7830472
