event_sleeping:
  end: 1683367187.0859733
  start: 1683366868.283176
