event_sleeping:
  end: 1683367984.5749698
  start: 1683367843.3945386
