event_sleeping:
  end: 1683368282.0717554
  start: 1683368038.4420414
