event_sleeping:
  end: 1683367789.538249
  start: 1683367538.2879634
