event_sleeping:
  end: 1683366814.571511
  start: 1683366655.7827046
