event_sleeping:
  end: 1683366602.076462
  start: 1683366331.9817612
