event_sleeping:
  end: 1683367399.5715494
  start: 1683367165.7681093
