event_sleeping:
  end: 1683366424.5634844
  start: 1683366331.982171
