event_sleeping:
  end: 1683366814.5720077
  start: 1683366478.3404732
