event_sleeping:
  end: 1683368569.5754158
  start: 1683367843.2976277
