event_sleeping:
  end: 1683366899.5055811
  start: 1683366868.285298
