event_sleeping:
  end: 1683367484.5056732
  start: 1683367453.2885003
