event_sleeping:
  end: 1683367112.0715349
  start: 1683366953.2931507
