event_sleeping:
  end: 1683367789.5736945
  start: 1683367538.281918
