event_sleeping:
  end: 1683367929.4996624
  start: 1683367398.1577585
