event_sleeping:
  end: 1683368319.5409486
  start: 1683367983.1888938
