event_sleeping:
  end: 1683366759.5356135
  start: 1683366618.1336136
