event_sleeping:
  end: 1683366564.4956179
  start: 1683366423.219002
