event_sleeping:
  end: 1683367344.4955735
  start: 1683367203.2661285
