event_sleeping:
  end: 1683367149.5661397
  start: 1683366813.223953
