event_sleeping:
  end: 1683366369.5126677
  start: 1683366331.9779353
