event_sleeping:
  end: 1685042512.3571532
  start: 1685041978.4614573
