event_sleeping:
  end: 1685041927.367118
  start: 1685041783.453446
