event_sleeping:
  end: 1685041249.876094
  start: 1685041105.988895
