event_sleeping:
  end: 1685041732.3723269
  start: 1685041300.9744036
