event_sleeping:
  end: 1685041054.8760567
  start: 1685040910.896242
