event_sleeping:
  end: 1685040774.8759935
  start: 1685040543.3812962
