event_sleeping:
  end: 1685040487.2954946
  start: 1685040292.2927852
