event_sleeping:
  end: 1685040859.8112433
  start: 1685040825.9303198
