event_sleeping:
  end: 1685040859.8760085
  start: 1685040520.6799061
