event_sleeping:
  end: 1685041852.3758974
  start: 1685041495.6178522
