event_sleeping:
  end: 1685041444.8280094
  start: 1685041215.6142812
