event_sleeping:
  end: 1685040292.2869787
  start: 1685040292.28688
