event_sleeping:
  end: 1685042139.8778613
  start: 1685041903.1598961
