event_sleeping:
  end: 1685040469.8779073
  start: 1685040352.4568927
