event_sleeping:
  end: 1685041164.8200336
  start: 1685040910.7016056
