event_sleeping:
  end: 1685040664.811595
  start: 1685040630.6214209
