event_sleeping:
  end: 1685041852.320137
  start: 1685041800.6763732
