event_sleeping:
  end: 1685041249.8200853
  start: 1685041198.1851559
