event_sleeping:
  end: 1685040952.2841008
  start: 1685040715.5997117
