event_sleeping:
  end: 1685042139.8774512
  start: 1685041903.1187534
