event_sleeping:
  end: 1685040579.804081
  start: 1685040435.6806688
