event_sleeping:
  end: 1685040384.8769593
  start: 1685040292.291206
