event_sleeping:
  end: 1685041147.3774602
  start: 1685041003.1283565
