event_sleeping:
  end: 1685041749.868083
  start: 1685041300.6666412
