event_sleeping:
  end: 1685040969.825029
  start: 1685040613.1441774
