event_sleeping:
  end: 1685041732.3259556
  start: 1685041605.662483
