event_sleeping:
  end: 1685042047.3241274
  start: 1685041885.6266115
