event_sleeping:
  end: 1685040384.876634
  start: 1685040292.29202
