event_sleeping:
  end: 1685041359.877545
  start: 1685041020.6215405
