event_sleeping:
  end: 1685042317.3778021
  start: 1685042098.140049
