event_sleeping:
  end: 1685041834.8290837
  start: 1685041783.154531
