event_sleeping:
  end: 1685041554.875851
  start: 1685041410.7145758
