event_sleeping:
  end: 1685040562.338623
  start: 1685040435.686882
