event_sleeping:
  end: 1685041267.3777828
  start: 1685041123.091656
