event_sleeping:
  end: 1685042334.8004737
  start: 1685042173.1219943
