event_sleeping:
  end: 1685040487.3336794
  start: 1685040435.5772953
