event_sleeping:
  end: 1685042122.3775806
  start: 1685041885.630896
