event_sleeping:
  end: 1685040384.8730233
  start: 1685040292.2923536
