event_sleeping:
  end: 1685041834.8760483
  start: 1685041318.1190772
