event_sleeping:
  end: 1685041072.3773959
  start: 1685040538.0524375
