event_sleeping:
  end: 1685041889.869582
  start: 1685041746.0484009
