event_sleeping:
  end: 1685041304.8777058
  start: 1685041161.0380986
