event_sleeping:
  end: 1685040524.828089
  start: 1685040380.674716
