event_sleeping:
  end: 1685041109.8776994
  start: 1685040966.030882
