event_sleeping:
  end: 1685042084.877811
  start: 1685041941.0026083
