event_sleeping:
  end: 1685041499.8680346
  start: 1685041356.034674
