event_sleeping:
  end: 1685041694.870063
  start: 1685041551.0057335
