event_sleeping:
  end: 1685040914.8774943
  start: 1685040575.9510696
