event_sleeping:
  end: 1685040329.816328
  start: 1685040292.2814682
