event_sleeping:
  end: 1685072854.509135
  start: 1685072423.1046197
