event_sleeping:
  end: 1685071609.4748209
  start: 1685071414.4267418
