event_sleeping:
  end: 1685071981.946719
  start: 1685071948.08045
