event_sleeping:
  end: 1685072372.0120564
  start: 1685072228.0360675
