event_sleeping:
  end: 1685072176.9582906
  start: 1685072033.0558436
