event_sleeping:
  end: 1685073634.5127199
  start: 1685073100.6249173
