event_sleeping:
  end: 1685073049.5129654
  start: 1685072905.6158948
