event_sleeping:
  end: 1685071896.9529772
  start: 1685071660.5289836
