event_sleeping:
  end: 1685071414.4224515
  start: 1685071414.4223597
