event_sleeping:
  end: 1685072974.4593034
  start: 1685072617.8373103
