event_sleeping:
  end: 1685071592.0127554
  start: 1685071465.2555943
