event_sleeping:
  end: 1685073261.927132
  start: 1685073025.2973094
