event_sleeping:
  end: 1685072286.9400835
  start: 1685072032.8041162
