event_sleeping:
  end: 1685072567.012912
  start: 1685072337.7565784
