event_sleeping:
  end: 1685071982.011888
  start: 1685071642.8247669
