event_sleeping:
  end: 1685072074.469128
  start: 1685071837.745688
