event_sleeping:
  end: 1685072371.9646292
  start: 1685072320.2691417
