event_sleeping:
  end: 1685071507.0091088
  start: 1685071414.4226115
