event_sleeping:
  end: 1685072269.4641109
  start: 1685072125.297911
