event_sleeping:
  end: 1685073262.0118897
  start: 1685073025.250821
