event_sleeping:
  end: 1685071702.0120575
  start: 1685071557.8320255
