event_sleeping:
  end: 1685072872.0126219
  start: 1685072422.7850528
