event_sleeping:
  end: 1685071786.9470432
  start: 1685071752.8058233
