event_sleeping:
  end: 1685072974.4586537
  start: 1685072922.8360333
