event_sleeping:
  end: 1685071507.00392
  start: 1685071414.426437
