event_sleeping:
  end: 1685071684.5095263
  start: 1685071557.8082275
