event_sleeping:
  end: 1685073169.4680958
  start: 1685073007.763034
