event_sleeping:
  end: 1685072677.0129838
  start: 1685072532.718118
