event_sleeping:
  end: 1685072091.9621592
  start: 1685071735.2783463
