event_sleeping:
  end: 1685072854.5180795
  start: 1685072727.8245058
