event_sleeping:
  end: 1685072481.9161263
  start: 1685072142.7589607
