event_sleeping:
  end: 1685072956.9648027
  start: 1685072905.3358736
