event_sleeping:
  end: 1685073439.5130649
  start: 1685073220.271465
