event_sleeping:
  end: 1685072194.4281387
  start: 1685071660.233978
