event_sleeping:
  end: 1685072389.4201424
  start: 1685072245.181153
