event_sleeping:
  end: 1685073244.4719715
  start: 1685073007.7158117
