event_sleeping:
  end: 1685071609.4642055
  start: 1685071557.7817845
