event_sleeping:
  end: 1685071507.008009
  start: 1685071414.4243178
