event_sleeping:
  end: 1685072956.9760764
  start: 1685072440.179253
