event_sleeping:
  end: 1685072427.01317
  start: 1685072283.0474057
