event_sleeping:
  end: 1685073207.0128121
  start: 1685073063.1850066
