event_sleeping:
  end: 1685072037.012844
  start: 1685071698.146592
