event_sleeping:
  end: 1685073012.0106504
  start: 1685072868.0878944
