event_sleeping:
  end: 1685072231.916041
  start: 1685072088.1827385
