event_sleeping:
  end: 1685072622.0130277
  start: 1685072478.148418
