event_sleeping:
  end: 1685071647.0127714
  start: 1685071502.8020902
