event_sleeping:
  end: 1685072816.956037
  start: 1685072673.163502
