event_sleeping:
  end: 1685071451.9518785
  start: 1685071414.4180655
