event_sleeping:
  end: 1685506684.1205842
  start: 1685506294.032605
