event_sleeping:
  end: 1685506294.03046
  start: 1685506294.0298984
