event_sleeping:
  end: 1685506294.0318732
  start: 1685506294.0317225
