event_sleeping:
  end: 1685506386.6159768
  start: 1685506294.0293283
