event_sleeping:
  end: 1685506294.0314336
  start: 1685506294.0313373
