event_sleeping:
  end: 1685506544.035939
  start: 1685506405.4073002
