event_sleeping:
  end: 1685506349.0314407
  start: 1685506294.0302055
