event_sleeping:
  end: 1685506739.1039946
  start: 1685506596.7906291
