event_sleeping_wait_all:
  end: 1685652075.25439
  start: 1685651662.2981925
