event_sleeping:
  end: 1685650812.7426734
  start: 1685650635.2209558
