event_sleeping_wait_all:
  end: 1685653067.8040867
  start: 1685652924.673603
