event_sleeping_wait_all:
  end: 1685651415.2560263
  start: 1685651254.660722
