event_sleeping_wait_all:
  end: 1685651610.309207
  start: 1685651467.188944
