event_sleeping_wait_all:
  end: 1685652872.735863
  start: 1685652339.6751258
