event_sleeping_wait_all:
  end: 1685652287.7359238
  start: 1685652127.169005
