event_sleeping_wait_all:
  end: 1685651202.7421434
  start: 1685651169.7724745
