event_sleeping_wait_all:
  end: 1685651117.7881603
  start: 1685650864.6767852
