event_sleeping_wait_all:
  end: 1685653170.233237
  start: 1685653119.7700515
