event_sleeping_wait_all:
  end: 1685652482.7120092
  start: 1685652246.995655
