event_sleeping_wait_all:
  end: 1685651202.8080468
  start: 1685650864.4641085
