event_sleeping_wait_all:
  end: 1685653542.7829516
  start: 1685653399.4189806
