event_sleeping_wait_all:
  end: 1685652195.292081
  start: 1685651856.9934924
