event_sleeping_wait_all:
  end: 1685652585.259885
  start: 1685652534.3504634
