event_sleeping_wait_all:
  end: 1685653347.740095
  start: 1685653026.8793027
