event_sleeping:
  end: 1685650635.2205215
  start: 1685650635.2204335
