event_sleeping_wait_all:
  end: 1685651490.2415736
  start: 1685651254.492637
