event_sleeping_wait_all:
  end: 1685650812.8107843
  start: 1685650686.9544947
