event_sleeping_wait_all:
  end: 1685653830.2321444
  start: 1685653594.4838712
