event_sleeping_wait_all:
  end: 1685651805.2760732
  start: 1685651541.905363
