event_sleeping_wait_all:
  end: 1685652975.2217407
  start: 1685652636.9185715
