event_sleeping_wait_all:
  end: 1685652465.262963
  start: 1685652229.3974743
