event_sleeping_wait_all:
  end: 1685652177.7398787
  start: 1685652144.3966825
