event_sleeping_wait_all:
  end: 1685652092.736116
  start: 1685651644.4041522
