event_sleeping_wait_all:
  end: 1685651312.8079884
  start: 1685651059.431576
