event_sleeping_wait_all:
  end: 1685652660.2505789
  start: 1685652516.9378514
