event_sleeping_wait_all:
  end: 1685651507.7725878
  start: 1685651364.502506
