event_sleeping:
  end: 1685650727.804572
  start: 1685650635.2198167
