event_sleeping_wait_all:
  end: 1685653170.3080156
  start: 1685652924.3982253
