event_sleeping_wait_all:
  end: 1685651592.7357297
  start: 1685651559.4672432
