event_sleeping_wait_all:
  end: 1685651007.7600107
  start: 1685650957.0124714
