event_sleeping_wait_all:
  end: 1685652872.7362397
  start: 1685652711.891361
