event_sleeping_wait_all:
  end: 1685650905.3082068
  start: 1685650779.4807928
