event_sleeping_wait_all:
  end: 1685652660.307955
  start: 1685652424.4053082
