event_sleeping_wait_all:
  end: 1685653262.824254
  start: 1685653101.989276
