event_sleeping_wait_all:
  end: 1685652195.218206
  start: 1685652126.9734209
