event_sleeping_wait_all:
  end: 1685650922.7601016
  start: 1685650761.9525185
