event_sleeping:
  end: 1685650710.261357
  start: 1685650635.2186763
