event_sleeping_wait_all:
  end: 1685655390.2925565
  start: 1685654679.4819953
