event_sleeping_wait_all:
  end: 1685652075.3081014
  start: 1685651949.4501808
