event_sleeping_wait_all:
  end: 1685654322.7188928
  start: 1685654094.4323237
