event_sleeping_wait_all:
  end: 1685653737.7338727
  start: 1685653704.395987
