event_sleeping_wait_all:
  end: 1685653050.3092887
  start: 1685652814.3825555
