event_sleeping_wait_all:
  end: 1685654042.768661
  start: 1685653789.4122393
