event_sleeping_wait_all:
  end: 1685651312.808373
  start: 1685650974.3860633
