event_sleeping_wait_all:
  end: 1685651702.8080862
  start: 1685651364.4904943
