event_sleeping_wait_all:
  end: 1685654627.8092093
  start: 1685654374.395708
