event_sleeping_wait_all:
  end: 1685653652.7599874
  start: 1685653314.4312663
