event_sleeping_wait_all:
  end: 1685652762.7440712
  start: 1685652711.9764183
