event_sleeping_wait_all:
  end: 1685652372.7320964
  start: 1685652246.8505857
