event_sleeping_wait_all:
  end: 1685651897.7904332
  start: 1685651754.489381
