event_sleeping_wait_all:
  end: 1685651592.8080275
  start: 1685651449.3337078
