event_sleeping_wait_all:
  end: 1685652482.807926
  start: 1685652229.4092934
