event_sleeping_wait_all:
  end: 1685653560.3080037
  start: 1685653314.414756
