event_sleeping_wait_all:
  end: 1685651397.7602363
  start: 1685650864.3817728
