event_sleeping_wait_all:
  end: 1685652975.222117
  start: 1685652831.8355925
