event_sleeping:
  end: 1685650727.8036814
  start: 1685650635.2194197
