event_sleeping_wait_all:
  end: 1685652780.2105312
  start: 1685652729.433822
