event_sleeping_wait_all:
  end: 1685652677.8079944
  start: 1685652534.4304655
