event_sleeping_wait_all:
  end: 1685652177.8078728
  start: 1685651644.394715
