event_sleeping_wait_all:
  end: 1685650812.742423
  start: 1685650779.3668892
