event_sleeping_wait_all:
  end: 1685653262.7860792
  start: 1685653026.881401
