event_sleeping:
  end: 1685652817.7719548
  start: 1685652674.7883549
