event_sleeping:
  end: 1685651647.8091702
  start: 1685651504.8586822
