event_sleeping:
  end: 1685653207.7411993
  start: 1685653064.7760477
