event_sleeping_wait_all:
  end: 1685655157.7686625
  start: 1685655014.8166912
