event_sleeping:
  end: 1685652622.8081057
  start: 1685652479.8750365
