event_sleeping_wait_all:
  end: 1685654377.7561014
  start: 1685654234.780849
