event_sleeping_wait_all:
  end: 1685653597.8090775
  start: 1685653259.7506528
