event_sleeping:
  end: 1685651452.7958724
  start: 1685651309.7891703
