event_sleeping:
  end: 1685651257.7406707
  start: 1685650919.7611413
