event_sleeping:
  end: 1685651842.7801085
  start: 1685651699.7888384
