event_sleeping:
  end: 1685652232.7357204
  start: 1685652089.8430183
