event_sleeping_wait_all:
  end: 1685654767.8078506
  start: 1685654429.7555206
