event_sleeping_wait_all:
  end: 1685654182.8080661
  start: 1685654039.8165824
