event_sleeping:
  end: 1685652427.8090842
  start: 1685652284.7467823
