event_sleeping:
  end: 1685650867.7120736
  start: 1685650740.0395892
