event_sleeping:
  end: 1685653012.7321563
  start: 1685652869.7756538
