event_sleeping_wait_all:
  end: 1685654962.8091471
  start: 1685654819.7683063
