event_sleeping:
  end: 1685652037.7984438
  start: 1685651894.8255446
