event_sleeping:
  end: 1685650672.7161715
  start: 1685650635.2191765
