event_sleeping_wait_all:
  end: 1685655352.8091795
  start: 1685655209.7866817
