event_sleeping_wait_all:
  end: 1685653792.8091283
  start: 1685653649.830855
