event_sleeping_wait_all:
  end: 1685653987.8092139
  start: 1685653844.8094833
