event_sleeping_wait_all:
  end: 1685717457.8920865
  start: 1685717314.8495436
