event_sleeping_wait_all:
  end: 1685715507.8856056
  start: 1685715364.809813
