event_sleeping_wait_all:
  end: 1685716287.9184334
  start: 1685716034.8675654
