event_sleeping_wait_all:
  end: 1685710827.8800418
  start: 1685710592.3259234
