event_sleeping_wait_all:
  end: 1685713167.8764703
  start: 1685713024.8450823
