event_sleeping_wait_all:
  end: 1685714032.9130952
  start: 1685713804.8580556
