event_sleeping_wait_all:
  end: 1685718805.3600838
  start: 1685718679.9096594
