event_sleeping_wait_all:
  end: 1685715312.882046
  start: 1685714974.808075
