event_sleeping_wait_all:
  end: 1685715982.915748
  start: 1685715839.7874994
