event_sleeping_wait_all:
  end: 1685710420.333443
  start: 1685710294.8634713
