event_sleeping_wait_all:
  end: 1685708487.886635
  start: 1685708234.8992934
