event_sleeping_wait_all:
  end: 1685710242.9118922
  start: 1685709709.8398285
