event_sleeping_wait_all:
  end: 1685715787.8521261
  start: 1685715559.847721
