event_sleeping_wait_all:
  end: 1685711692.9121442
  start: 1685711567.3898118
