event_sleeping_wait_all:
  end: 1685711887.908352
  start: 1685711744.8459325
