event_sleeping_wait_all:
  end: 1685714337.8520617
  start: 1685714084.8484719
