event_sleeping_wait_all:
  end: 1685717262.9120474
  start: 1685717119.9052646
