event_sleeping_wait_all:
  end: 1685713447.9271827
  start: 1685713304.7876568
