event_sleeping_wait_all:
  end: 1685718322.9120176
  start: 1685717899.776934
