event_sleeping_wait_all:
  end: 1685712972.8820186
  start: 1685712634.8581765
