event_sleeping_wait_all:
  end: 1685713252.828003
  start: 1685713219.8465538
