event_sleeping_wait_all:
  end: 1685713752.9221945
  start: 1685713499.8718574
