event_sleeping_wait_all:
  end: 1685717542.8186495
  start: 1685717509.900756
