event_sleeping_wait_all:
  end: 1685709462.8920372
  start: 1685709014.829922
