event_sleeping_wait_all:
  end: 1685708590.3493333
  start: 1685708539.8503795
