event_sleeping_wait_all:
  end: 1685712387.8680847
  start: 1685712244.8851988
