event_sleeping_wait_all:
  end: 1685716762.8484948
  start: 1685716729.8534443
