event_sleeping_wait_all:
  end: 1685708785.412395
  start: 1685708642.3093147
