event_sleeping_wait_all:
  end: 1685716677.9066653
  start: 1685716339.8369088
