event_sleeping_wait_all:
  end: 1685717847.8159754
  start: 1685717594.768926
