event_sleeping_wait_all:
  end: 1685708962.913378
  start: 1685708837.378104
