event_sleeping_wait_all:
  end: 1685714922.840001
  start: 1685714474.7946749
