event_sleeping:
  end: 1685708182.91218
  start: 1685707987.8263183
