event_sleeping_wait_all:
  end: 1685717067.903457
  start: 1685716814.8056476
