event_sleeping_wait_all:
  end: 1685712582.9179316
  start: 1685712439.82274
