event_sleeping_wait_all:
  end: 1685714422.8487663
  start: 1685714389.8133447
