event_sleeping_wait_all:
  end: 1685712192.915551
  start: 1685711939.8519692
