event_sleeping_wait_all:
  end: 1685711515.3932173
  start: 1685710879.845307
