event_sleeping_wait_all:
  end: 1685709657.900052
  start: 1685709514.851871
