event_sleeping_wait_all:
  end: 1685718627.9007285
  start: 1685718374.8242452
