event_sleeping_wait_all:
  end: 1685710540.3161988
  start: 1685710472.2652063
