event_sleeping_wait_all:
  end: 1685713167.8760748
  start: 1685713024.4998896
