event_sleeping_wait_all:
  end: 1685712582.883028
  start: 1685712329.48437
