event_sleeping_wait_all:
  end: 1685712192.915953
  start: 1685711939.569606
