event_sleeping_wait_all:
  end: 1685710912.857597
  start: 1685710769.531167
