event_sleeping_wait_all:
  end: 1685713447.8920681
  start: 1685713219.5546596
