event_sleeping_wait_all:
  end: 1685709157.915682
  start: 1685708929.5228667
