event_sleeping_wait_all:
  end: 1685713752.8821828
  start: 1685713499.5875058
