event_sleeping_wait_all:
  end: 1685711217.8469076
  start: 1685710964.5172422
