event_sleeping_wait_all:
  end: 1685710717.9169323
  start: 1685710379.5775132
