event_sleeping_wait_all:
  end: 1685709937.8664582
  start: 1685709887.059858
