event_sleeping_wait_all:
  end: 1685709835.3892365
  start: 1685709599.584716
