event_sleeping_wait_all:
  end: 1685708572.880339
  start: 1685708234.57958
