event_sleeping_wait_all:
  end: 1685708877.9120266
  start: 1685708624.5274866
