event_sleeping_wait_all:
  end: 1685714125.4159284
  start: 1685713804.5133345
