event_sleeping_wait_all:
  end: 1685712277.8479939
  start: 1685712244.5213218
