event_sleeping_wait_all:
  end: 1685708182.9118915
  start: 1685708039.484225
