event_sleeping_wait_all:
  end: 1685711692.840029
  start: 1685711659.5502863
