event_sleeping_wait_all:
  end: 1685709547.915931
  start: 1685709209.5951316
