event_sleeping_wait_all:
  end: 1685712972.8830335
  start: 1685712634.5731215
