event_sleeping:
  end: 1685707987.8253253
  start: 1685707987.824056
