event_sleeping_wait_all:
  end: 1685711887.907962
  start: 1685711744.5016236
