event_sleeping_wait_all:
  end: 1685710327.9211082
  start: 1685709989.5573351
