event_sleeping_wait_all:
  end: 1685711412.8593843
  start: 1685711269.5241017
