event_sleeping_wait_all:
  end: 1685714125.4166548
  start: 1685713889.527978
