event_sleeping_wait_all:
  end: 1685709565.3207417
  start: 1685709514.6200054
