event_sleeping_wait_all:
  end: 1685710047.872478
  start: 1685709886.988075
