event_sleeping_wait_all:
  end: 1685710522.9154768
  start: 1685710277.118609
