event_sleeping_wait_all:
  end: 1685708377.8199975
  start: 1685708344.581745
