event_sleeping_wait_all:
  end: 1685712667.9153702
  start: 1685712524.4803965
