event_sleeping_wait_all:
  end: 1685708860.3800893
  start: 1685708734.484142
