event_sleeping:
  end: 1685708097.8699033
  start: 1685707987.823006
