event_sleeping_wait_all:
  end: 1685709835.3560681
  start: 1685709616.9621038
