event_sleeping_wait_all:
  end: 1685713465.3665872
  start: 1685713414.553806
