event_sleeping_wait_all:
  end: 1685711302.8160322
  start: 1685711269.5042152
