event_sleeping_wait_all:
  end: 1685713057.8369422
  start: 1685712914.5887587
