event_sleeping_wait_all:
  end: 1685711217.8472366
  start: 1685710769.5205715
