event_sleeping_wait_all:
  end: 1685712387.9160755
  start: 1685711354.4749742
