event_sleeping_wait_all:
  end: 1685713752.8823993
  start: 1685713517.0495715
