event_sleeping_wait_all:
  end: 1685712862.9034915
  start: 1685712719.5408838
