event_sleeping_wait_all:
  end: 1685708682.8571923
  start: 1685708429.4725816
