event_sleeping_wait_all:
  end: 1685712472.8478887
  start: 1685712439.5870867
