event_sleeping_wait_all:
  end: 1685713837.8323336
  start: 1685713804.5638554
