event_sleeping_wait_all:
  end: 1685710717.8839517
  start: 1685710574.5714326
