event_sleeping_wait_all:
  end: 1685709462.9272826
  start: 1685709014.5356941
