event_sleeping_wait_all:
  end: 1685713362.9131842
  start: 1685713109.506235
