event_sleeping_wait_all:
  end: 1685708292.9158244
  start: 1685708149.5542126
