event_sleeping_wait_all:
  end: 1685708962.8664663
  start: 1685708912.0488658
