event_sleeping_wait_all:
  end: 1685710225.4157445
  start: 1685710099.5002577
