event_sleeping_wait_all:
  end: 1685713642.9120455
  start: 1685713414.5235207
