event_sleeping_wait_all:
  end: 1685708292.883306
  start: 1685708149.5143113
