event_sleeping_wait_all:
  end: 1685708682.9119139
  start: 1685708344.547197
