event_sleeping_wait_all:
  end: 1685711022.9040654
  start: 1685710666.9971545
