event_sleeping_wait_all:
  end: 1685709072.9133222
  start: 1685708734.5223048
