event_sleeping_wait_all:
  end: 1685709742.884155
  start: 1685709599.4681711
