event_sleeping_wait_all:
  end: 1685710615.3627226
  start: 1685710472.0647066
