event_sleeping_wait_all:
  end: 1685711107.84902
  start: 1685711074.5376298
