event_sleeping_wait_all:
  end: 1685712972.8836007
  start: 1685712829.5755973
