event_sleeping_wait_all:
  end: 1685713362.8821762
  start: 1685713024.5607016
