event_sleeping_wait_all:
  end: 1685709462.89241
  start: 1685709302.105715
