event_sleeping_wait_all:
  end: 1685712777.9119847
  start: 1685712049.5410135
