event_sleeping_wait_all:
  end: 1685709547.8279035
  start: 1685709514.5697858
