event_sleeping_wait_all:
  end: 1685710420.4120457
  start: 1685710184.4818087
