event_sleeping_wait_all:
  end: 1685711997.9123547
  start: 1685711744.5417218
