event_sleeping_wait_all:
  end: 1685711412.9118452
  start: 1685711159.5401175
