event_sleeping_wait_all:
  end: 1685713947.9119425
  start: 1685713694.5598786
