event_sleeping_wait_all:
  end: 1685710132.8664446
  start: 1685710082.1194124
