event_sleeping_wait_all:
  end: 1685709250.415867
  start: 1685709124.5239491
