event_sleeping:
  end: 1685708097.8600779
  start: 1685707987.8247287
