event_sleeping_wait_all:
  end: 1685714142.9156365
  start: 1685713999.5062823
