event_sleeping_wait_all:
  end: 1685711692.8403158
  start: 1685711464.5706916
