event_sleeping_wait_all:
  end: 1685714440.3648822
  start: 1685714194.5863965
