event_sleeping_wait_all:
  end: 1685710030.41211
  start: 1685709794.5409737
