event_sleeping_wait_all:
  end: 1685713270.4081054
  start: 1685713109.4751832
