event_sleeping_wait_all:
  end: 1685711997.911957
  start: 1685711744.494615
