event_sleeping_wait_all:
  end: 1685712582.8824933
  start: 1685712329.4815083
