event_sleeping_wait_all:
  end: 1685710615.411885
  start: 1685710379.5210788
