event_sleeping_wait_all:
  end: 1685710912.8480484
  start: 1685710666.9712367
