event_sleeping_wait_all:
  end: 1685714727.8840485
  start: 1685713999.4705791
