event_sleeping_wait_all:
  end: 1685718025.4155502
  start: 1685717899.552907
