event_sleeping_wait_all:
  end: 1685713947.8480635
  start: 1685713694.4779668
