event_sleeping_wait_all:
  end: 1685711692.9118938
  start: 1685711354.475958
