event_sleeping_wait_all:
  end: 1685708962.9122596
  start: 1685708819.5293272
