event_sleeping_wait_all:
  end: 1685717067.8849926
  start: 1685716814.4887483
