event_sleeping_wait_all:
  end: 1685713557.8201177
  start: 1685713321.9652658
