event_sleeping_wait_all:
  end: 1685710047.8721085
  start: 1685709904.5182776
