event_sleeping_wait_all:
  end: 1685716762.844051
  start: 1685716729.5377572
