event_sleeping_wait_all:
  end: 1685712175.386946
  start: 1685712049.5240853
