event_sleeping_wait_all:
  end: 1685712955.4121041
  start: 1685712634.4808059
