event_sleeping_wait_all:
  end: 1685715787.9119124
  start: 1685715644.490508
