event_sleeping_wait_all:
  end: 1685713057.843494
  start: 1685713006.965803
