event_sleeping_wait_all:
  end: 1685713642.8489523
  start: 1685713609.4491847
