event_sleeping_wait_all:
  end: 1685715117.8200693
  start: 1685714779.4921494
