event_sleeping_wait_all:
  end: 1685716092.8894775
  start: 1685715839.535345
