event_sleeping_wait_all:
  end: 1685708182.849951
  start: 1685708149.5135665
