event_sleeping_wait_all:
  end: 1685716482.9168434
  start: 1685716339.490295
