event_sleeping_wait_all:
  end: 1685709852.9120862
  start: 1685709599.4799092
