event_sleeping_wait_all:
  end: 1685711302.8163424
  start: 1685710964.4765716
