event_sleeping_wait_all:
  end: 1685709547.9154947
  start: 1685709014.4954624
