event_sleeping_wait_all:
  end: 1685717542.9120526
  start: 1685717399.4688065
