event_sleeping_wait_all:
  end: 1685708767.9156206
  start: 1685708234.44325
