event_sleeping_wait_all:
  end: 1685717847.9121413
  start: 1685717594.5430865
