event_sleeping_wait_all:
  end: 1685716287.8822825
  start: 1685716144.479467
