event_sleeping_wait_all:
  end: 1685717347.836133
  start: 1685717204.484642
