event_sleeping:
  end: 1685708097.9300337
  start: 1685707987.8250184
