event_sleeping_wait_all:
  end: 1685715397.9116833
  start: 1685715254.4593086
