event_sleeping_wait_all:
  end: 1685715592.9119916
  start: 1685715449.5080829
