event_sleeping_wait_all:
  end: 1685717152.848512
  start: 1685717119.4986181
