event_sleeping_wait_all:
  end: 1685712277.8814657
  start: 1685712226.953138
