event_sleeping_wait_all:
  end: 1685710132.8279932
  start: 1685710099.4867094
