event_sleeping_wait_all:
  end: 1685716677.9063601
  start: 1685716534.5163302
