event_sleeping_wait_all:
  end: 1685710327.9120681
  start: 1685710184.433193
