event_sleeping_wait_all:
  end: 1685715202.8488128
  start: 1685715169.448374
