event_sleeping:
  end: 1685711162.819999
  start: 1685711019.9502828
