event_sleeping_wait_all:
  end: 1685715842.8999534
  start: 1685715699.91356
