event_sleeping_wait_all:
  end: 1685717987.8441777
  start: 1685717844.9323497
