event_sleeping:
  end: 1685709017.9120615
  start: 1685708874.8938255
