event_sleeping:
  end: 1685712137.8879893
  start: 1685711799.982066
