event_sleeping_wait_all:
  end: 1685715647.8681228
  start: 1685715504.8494148
