event_sleeping_wait_all:
  end: 1685716817.8507419
  start: 1685716284.8522625
