event_sleeping:
  end: 1685710967.9013858
  start: 1685710629.8096583
