event_sleeping:
  end: 1685710382.911992
  start: 1685710239.9656136
