event_sleeping_wait_all:
  end: 1685718377.8521202
  start: 1685718234.8965368
