event_sleeping:
  end: 1685709602.9120305
  start: 1685709459.8870907
