event_sleeping_wait_all:
  end: 1685717792.8985314
  start: 1685717259.934331
