event_sleeping_wait_all:
  end: 1685714477.9120214
  start: 1685714139.9066422
