event_sleeping:
  end: 1685709407.8979418
  start: 1685709276.1985393
