event_sleeping:
  end: 1685711747.9120553
  start: 1685711604.9393094
