event_sleeping_wait_all:
  end: 1685718182.8799899
  start: 1685718039.8743224
