event_sleeping:
  end: 1685708627.9000819
  start: 1685708289.8742092
