event_sleeping:
  end: 1685713307.9120066
  start: 1685712969.8959963
