event_sleeping:
  end: 1685710187.886856
  start: 1685710044.9233322
