event_sleeping:
  end: 1685714087.907909
  start: 1685713554.9807732
