event_sleeping_wait_all:
  end: 1685714867.9038334
  start: 1685714529.8917155
