event_sleeping:
  end: 1685708822.915813
  start: 1685708679.9300928
