event_sleeping:
  end: 1685712722.8200011
  start: 1685712579.9314668
