event_sleeping:
  end: 1685708042.8678615
  start: 1685707987.8219872
