event_sleeping_wait_all:
  end: 1685716232.864133
  start: 1685716089.858977
