event_sleeping:
  end: 1685712332.9119756
  start: 1685712189.8802273
