event_sleeping_wait_all:
  end: 1685718767.883095
  start: 1685718624.8763735
