event_sleeping:
  end: 1685712917.9041362
  start: 1685712774.862395
