event_sleeping_wait_all:
  end: 1685716037.859245
  start: 1685715894.9032338
