event_sleeping:
  end: 1685710577.8340907
  start: 1685710434.946124
