event_sleeping:
  end: 1685709992.9118423
  start: 1685709858.7918084
