event_sleeping_wait_all:
  end: 1685715452.8920724
  start: 1685715309.9154232
