event_sleeping_wait_all:
  end: 1685715062.9120684
  start: 1685714919.9644558
