event_sleeping_wait_all:
  end: 1685718572.826283
  start: 1685718429.916412
