event_sleeping:
  end: 1685709212.9154773
  start: 1685709069.9529922
