event_sleeping:
  end: 1685711357.912037
  start: 1685711214.862026
