event_sleeping:
  end: 1685709797.9156497
  start: 1685709654.9193313
