event_sleeping:
  end: 1685708237.9059167
  start: 1685708094.5650744
