event_sleeping:
  end: 1685711552.8919122
  start: 1685711409.8890653
