event_sleeping_wait_all:
  end: 1685715257.915942
  start: 1685715114.9890783
