event_sleeping:
  end: 1685712527.9097085
  start: 1685712384.8880646
