event_sleeping:
  end: 1685713502.8676288
  start: 1685713359.964367
