event_sleeping_wait_all:
  end: 1684849783.4203537
  start: 1684849640.3400774
