event_sleeping_wait_all:
  end: 1684849300.9200678
  start: 1684849175.2675803
