event_sleeping_wait_all:
  end: 1684849588.4208992
  start: 1684849352.85232
