event_sleeping_wait_all:
  end: 1684850368.3801906
  start: 1684850047.851489
