event_sleeping:
  end: 1684848733.4159412
  start: 1684848130.8287933
