event_sleeping_wait_all:
  end: 1684849123.3300416
  start: 1684848980.3911946
