event_sleeping_wait_all:
  end: 1684848928.4202538
  start: 1684848785.3185833
