event_sleeping_wait_all:
  end: 1684849995.9201627
  start: 1684849835.35072
