event_sleeping_wait_all:
  end: 1684848733.3710597
  start: 1684848682.556628
