event_sleeping_wait_all:
  end: 1684848910.8440433
  start: 1684848785.0301845
