event_sleeping:
  end: 1684848343.4199948
  start: 1684848130.8238013
