event_sleeping_wait_all:
  end: 1684848630.9081347
  start: 1684848395.0969253
