event_sleeping_wait_all:
  end: 1684849605.9199455
  start: 1684848962.513668
