event_sleeping_wait_all:
  end: 1684849978.365062
  start: 1684849657.5764556
