event_sleeping_wait_all:
  end: 1684848435.8681355
  start: 1684848292.591316
