event_sleeping_wait_all:
  end: 1684848808.4120953
  start: 1684848487.5101058
