event_sleeping_wait_all:
  end: 1684849708.3708348
  start: 1684849657.5787065
