event_sleeping_wait_all:
  end: 1684849003.420264
  start: 1684848860.0600493
