event_sleeping_wait_all:
  end: 1684849123.330491
  start: 1684849055.0728314
