event_sleeping_wait_all:
  end: 1684849605.9207718
  start: 1684849175.0468447
