event_sleeping_wait_all:
  end: 1684849978.3642123
  start: 1684849760.0541291
