event_sleeping:
  end: 1684848240.9161744
  start: 1684848130.8248715
