event_sleeping:
  end: 1684848223.414366
  start: 1684848130.828114
