event_sleeping_wait_all:
  end: 1684849393.4182734
  start: 1684849072.6169662
