event_sleeping_wait_all:
  end: 1684850173.4161315
  start: 1684849760.0386877
