event_sleeping_wait_all:
  end: 1684848520.8280175
  start: 1684848487.546943
