event_sleeping_wait_all:
  end: 1684848435.8685932
  start: 1684848275.0780416
