event_sleeping_wait_all:
  end: 1684849708.371554
  start: 1684849640.134373
