event_sleeping_wait_all:
  end: 1684849588.4202366
  start: 1684849445.1035955
