event_sleeping_wait_all:
  end: 1684849020.9207096
  start: 1684848572.469052
