event_sleeping_wait_all:
  end: 1684850080.91996
  start: 1684849742.4717817
