event_sleeping_wait_all:
  end: 1684849690.8532968
  start: 1684849657.550023
