event_sleeping_wait_all:
  end: 1684850758.419961
  start: 1684850437.5409276
