event_sleeping_wait_all:
  end: 1684848910.919966
  start: 1684848182.404474
