event_sleeping_wait_all:
  end: 1684849300.9204016
  start: 1684849175.0423021
