event_sleeping_wait_all:
  end: 1684850385.9161024
  start: 1684850132.5013235
