event_sleeping:
  end: 1684848130.8241801
  start: 1684848130.8241386
