event_sleeping_wait_all:
  end: 1684849605.9204116
  start: 1684849352.548216
