event_sleeping_wait_all:
  end: 1684849123.420022
  start: 1684848962.494463
