event_sleeping:
  end: 1684848770.9201114
  start: 1684848432.8967593
