event_sleeping_wait_all:
  end: 1684850720.919896
  start: 1684850577.875326
