event_sleeping:
  end: 1684848185.8520977
  start: 1684848130.8255954
