event_sleeping:
  end: 1684849940.9201646
  start: 1684849797.857922
