event_sleeping_wait_all:
  end: 1684850525.8480158
  start: 1684850382.9225588
