event_sleeping:
  end: 1684848965.9160461
  start: 1684848822.9295356
