event_sleeping:
  end: 1684848380.9205647
  start: 1684848253.2365808
