event_sleeping:
  end: 1684849745.8841293
  start: 1684849602.9627736
