event_sleeping_wait_all:
  end: 1684850330.907935
  start: 1684850187.8995104
