event_sleeping_wait_all:
  end: 1684850135.9001775
  start: 1684849992.8733132
