event_sleeping:
  end: 1684849160.9204457
  start: 1684849017.934542
