event_sleeping:
  end: 1684849550.8441012
  start: 1684849407.8027096
