event_sleeping:
  end: 1684849355.8520832
  start: 1684849212.874039
