event_sleeping:
  end: 1685467425.3440394
  start: 1685467230.283745
