event_sleeping_wait_all:
  end: 1685467815.2919233
  start: 1685467764.799533
