event_sleeping_wait_all:
  end: 1685467712.8712018
  start: 1685467477.3500168
