event_sleeping_wait_all:
  end: 1685468010.3713973
  start: 1685467867.1959045
