event_sleeping_wait_all:
  end: 1685468400.370631
  start: 1685468154.4642968
