event_sleeping_wait_all:
  end: 1685467815.367908
  start: 1685467477.00362
