event_sleeping_wait_all:
  end: 1685467425.3436208
  start: 1685467281.9569762
