event_sleeping_wait_all:
  end: 1685468102.7799768
  start: 1685467866.9402025
