event_sleeping:
  end: 1685467230.281915
  start: 1685467230.2817843
