event_sleeping_wait_all:
  end: 1685467500.371048
  start: 1685467356.9480424
