event_sleeping_wait_all:
  end: 1685467890.3714519
  start: 1685467654.4649465
