event_sleeping_wait_all:
  end: 1685468085.3710856
  start: 1685467942.055906
