event_sleeping_wait_all:
  end: 1685467602.8121762
  start: 1685467552.0440218
