event_sleeping:
  end: 1685467305.2921262
  start: 1685467230.279348
