event_sleeping_wait_all:
  end: 1685467517.7879815
  start: 1685467357.0311675
