event_sleeping:
  end: 1685467305.3482168
  start: 1685467230.2808683
