event_sleeping_wait_all:
  end: 1685467890.3710256
  start: 1685467569.4082687
