event_sleeping_wait_all:
  end: 1685468280.3710184
  start: 1685467942.0712569
