event_sleeping_wait_all:
  end: 1685467425.3390923
  start: 1685467356.9083967
