event_sleeping_wait_all:
  end: 1685468010.3710053
  start: 1685467476.9802809
