event_sleeping:
  end: 1685467305.3478928
  start: 1685467230.2831428
