event_sleeping:
  end: 1685467462.871041
  start: 1685467323.4422407
