event_sleeping:
  end: 1685467267.7921767
  start: 1685467230.2828517
