event_sleeping:
  end: 1685468047.8713992
  start: 1685467904.9313624
