event_sleeping:
  end: 1685467852.8281586
  start: 1685467514.9601076
