event_sleeping_wait_all:
  end: 1685468242.861775
  start: 1685468099.858418
