event_sleeping_wait_all:
  end: 1685468437.87137
  start: 1685468294.8307016
