event_sleeping:
  end: 1684827043.6774454
  start: 1684826848.643971
