event_sleeping:
  end: 1684826848.6448176
  start: 1684826848.6447601
