event_sleeping:
  end: 1684826958.7162452
  start: 1684826848.6445484
