event_sleeping:
  end: 1684826941.1802015
  start: 1684826848.6404028
