event_sleeping:
  end: 1684826958.6799943
  start: 1684826848.6435745
