event_sleeping:
  end: 1684826903.6360636
  start: 1684826848.6428888
