event_sleeping:
  end: 1684827098.733695
  start: 1684826960.008975
