event_sleeping:
  end: 1686195958.2886245
  start: 1686195544.347784
