event_sleeping:
  end: 1686195298.2747962
  start: 1686195154.3007448
