event_sleeping:
  end: 1686194695.7996595
  start: 1686194500.7098205
