event_sleeping:
  end: 1686196153.2949092
  start: 1686196009.4140096
