event_sleeping:
  end: 1686195493.2916489
  start: 1686195349.3566527
