event_sleeping:
  end: 1686195103.2435124
  start: 1686195051.8307674
