event_sleeping:
  end: 1686195000.7562428
  start: 1686194746.8857121
