event_sleeping:
  end: 1686194713.2636282
  start: 1686194551.808792
