event_sleeping:
  end: 1686195103.2915394
  start: 1686194764.3497117
