event_sleeping:
  end: 1686194500.7033632
  start: 1686194500.7032378
