event_sleeping:
  end: 1686196348.2947674
  start: 1686196111.8240585
