event_sleeping:
  end: 1686195390.7149098
  start: 1686195154.3831494
