event_sleeping:
  end: 1686196060.7436569
  start: 1686195721.8108547
