event_sleeping:
  end: 1686195670.7122061
  start: 1686195441.7908978
