event_sleeping:
  end: 1686195493.259795
  start: 1686195424.2956822
