event_sleeping:
  end: 1686194805.7916076
  start: 1686194661.8765914
