event_sleeping:
  end: 1686195373.2297168
  start: 1686195229.4023364
