event_sleeping:
  end: 1686195975.7915368
  start: 1686195544.3225856
