event_sleeping:
  end: 1686195178.2945187
  start: 1686194941.8207452
