event_sleeping:
  end: 1686196348.1995623
  start: 1686196129.3152485
