event_sleeping:
  end: 1686194610.7954912
  start: 1686194500.7056847
