event_sleeping:
  end: 1686196078.22848
  start: 1686196026.8841264
