event_sleeping:
  end: 1686194890.7275414
  start: 1686194856.8606267
