event_sleeping:
  end: 1686196255.7516758
  start: 1686196129.312757
