event_sleeping:
  end: 1686195585.794841
  start: 1686195246.876227
