event_sleeping:
  end: 1686194805.735569
  start: 1686194644.3735662
