event_sleeping:
  end: 1686195763.2724009
  start: 1686195636.8881996
