event_sleeping:
  end: 1686194593.2588167
  start: 1686194500.7061224
