event_sleeping:
  end: 1686195195.7914872
  start: 1686194856.7827013
