event_sleeping:
  end: 1686196078.226469
  start: 1686196009.4169555
