event_sleeping:
  end: 1686195958.2983837
  start: 1686195814.395978
