event_sleeping:
  end: 1686196060.7439556
  start: 1686195544.1943705
