event_sleeping:
  end: 1686196365.7700636
  start: 1686196111.7855349
