event_sleeping:
  end: 1686194695.728655
  start: 1686194661.7487144
