event_sleeping:
  end: 1686195493.2236202
  start: 1686195331.7693899
