event_sleeping:
  end: 1686195280.7436118
  start: 1686194746.7496362
