event_sleeping:
  end: 1686194610.7276163
  start: 1686194500.7096212
