event_sleeping:
  end: 1686194555.7516735
  start: 1686194500.7002509
