event_sleeping:
  end: 1686195140.7646804
  start: 1686194801.89396
