event_sleeping:
  end: 1686194750.794732
  start: 1686194606.6172059
