event_sleeping:
  end: 1686195335.7836628
  start: 1686195191.873761
