event_sleeping:
  end: 1686196115.7916522
  start: 1686195971.8370447
