event_sleeping:
  end: 1686195530.7527418
  start: 1686195386.8682022
