event_sleeping:
  end: 1686195920.7435544
  start: 1686195776.8700404
