event_sleeping:
  end: 1686195725.7914038
  start: 1686195581.9134626
