event_sleeping:
  end: 1686143004.383552
  start: 1686142860.43622
