event_sleeping:
  end: 1686145446.884778
  start: 1686144930.4489253
