event_sleeping:
  end: 1686144276.8276336
  start: 1686144132.9213698
