event_sleeping:
  end: 1686142521.8835669
  start: 1686142395.3346648
