event_sleeping:
  end: 1686144081.8129127
  start: 1686143955.42765
