event_sleeping:
  end: 1686143904.3316321
  start: 1686143835.3767183
