event_sleeping:
  end: 1686142809.3724403
  start: 1686142572.9425843
