event_sleeping:
  end: 1686143784.2957678
  start: 1686143640.4080846
