event_sleeping:
  end: 1686144879.3734279
  start: 1686144522.9565582
