event_sleeping:
  end: 1686141954.31171
  start: 1686141351.8264177
