event_sleeping:
  end: 1686142344.2876167
  start: 1686142200.4495509
