event_sleeping:
  end: 1686144471.8516636
  start: 1686144327.8751595
