event_sleeping:
  end: 1686142149.3844674
  start: 1686142005.424829
