event_sleeping:
  end: 1686143589.3835788
  start: 1686143267.945838
