event_sleeping:
  end: 1686143216.867938
  start: 1686143055.4692698
