event_sleeping:
  end: 1686142826.8555431
  start: 1686142182.9548926
