event_sleeping:
  end: 1686143199.3035765
  start: 1686142877.9011366
