event_sleeping:
  end: 1686145539.3036473
  start: 1686145125.461076
