event_sleeping:
  end: 1686144276.8184578
  start: 1686144242.9461544
