event_sleeping:
  end: 1686144861.787535
  start: 1686144827.9189444
