event_sleeping:
  end: 1686142131.8834088
  start: 1686142005.423743
