event_sleeping:
  end: 1686143691.8679547
  start: 1686143547.9767733
