event_sleeping:
  end: 1686145074.3836026
  start: 1686144912.890582
