event_sleeping:
  end: 1686144191.847635
  start: 1686143937.914117
