event_sleeping:
  end: 1686143886.8236914
  start: 1686143742.9664323
