event_sleeping:
  end: 1686143496.88462
  start: 1686143370.4052823
