event_sleeping:
  end: 1686143319.3535924
  start: 1686143250.3403401
