event_sleeping:
  end: 1686144776.883387
  start: 1686144632.9730566
