event_sleeping:
  end: 1686144581.8459065
  start: 1686144327.8736386
