event_sleeping:
  end: 1686141851.8705795
  start: 1686141616.0439713
