event_sleeping:
  end: 1686141564.3836448
  start: 1686141351.8317945
