event_sleeping:
  end: 1686141954.343857
  start: 1686141902.966996
