event_sleeping:
  end: 1686144081.8834178
  start: 1686143955.4261234
