event_sleeping:
  end: 1686142029.287359
  start: 1686141707.9259362
