event_sleeping:
  end: 1686143801.7935293
  start: 1686143640.4102976
