event_sleeping:
  end: 1686145556.8798497
  start: 1686144827.9119563
