event_sleeping:
  end: 1686144386.8276455
  start: 1686144132.9268312
