event_sleeping:
  end: 1686144581.885575
  start: 1686144437.937427
