event_sleeping:
  end: 1686144776.8424065
  start: 1686144632.963611
