event_sleeping:
  end: 1686143589.2984304
  start: 1686143352.8550806
