event_sleeping:
  end: 1686141656.883521
  start: 1686141512.8862743
