event_sleeping:
  end: 1686142826.8834493
  start: 1686142395.4299276
