event_sleeping:
  end: 1686143199.3835485
  start: 1686142980.3503911
