event_sleeping:
  end: 1686142929.291589
  start: 1686142877.907775
