event_sleeping:
  end: 1686142224.3835535
  start: 1686142080.343353
