event_sleeping:
  end: 1686143904.3196726
  start: 1686143852.8937943
