event_sleeping:
  end: 1686141461.8834484
  start: 1686141351.7995164
