event_sleeping:
  end: 1686142344.3514442
  start: 1686142275.48714
