event_sleeping:
  end: 1686143301.7996616
  start: 1686143250.4201465
