event_sleeping:
  end: 1686141741.7849388
  start: 1686141707.9008126
