event_sleeping:
  end: 1686141656.839583
  start: 1686141495.4655428
