event_sleeping:
  end: 1686142929.3513856
  start: 1686142860.4399824
