event_sleeping:
  end: 1686143394.3835795
  start: 1686142980.4358554
