event_sleeping:
  end: 1686143979.3847375
  start: 1686143835.38003
