event_sleeping:
  end: 1686145056.8796122
  start: 1686144912.9396257
