event_sleeping:
  end: 1686144666.884704
  start: 1686144132.927768
