event_sleeping:
  end: 1686142241.7966998
  start: 1686141792.8709614
