event_sleeping:
  end: 1686143514.3538406
  start: 1686143445.4322941
