event_sleeping:
  end: 1686143784.3038266
  start: 1686143565.4653718
