event_sleeping:
  end: 1686145361.8844604
  start: 1686145107.9636512
