event_sleeping:
  end: 1686141444.3216863
  start: 1686141351.7927296
