event_sleeping:
  end: 1686142614.3848314
  start: 1686142292.8402107
