event_sleeping:
  end: 1686144081.844785
  start: 1686144030.4643133
