event_sleeping:
  end: 1686142809.3717551
  start: 1686142665.4798183
