event_sleeping:
  end: 1686144861.8835707
  start: 1686144717.9586148
