event_sleeping:
  end: 1686142344.384628
  start: 1686142182.8270545
