event_sleeping:
  end: 1686145251.851617
  start: 1686145125.2512543
