event_sleeping:
  end: 1686142911.8155081
  start: 1686142877.882129
