event_sleeping:
  end: 1686144971.8477228
  start: 1686144827.8059933
