event_sleeping:
  end: 1686142131.8196063
  start: 1686141402.5799575
