event_sleeping:
  end: 1686143301.8286746
  start: 1686142962.784176
