event_sleeping:
  end: 1686144776.8166146
  start: 1686144632.8523324
