event_sleeping:
  end: 1686144581.846265
  start: 1686144327.8202004
