event_sleeping:
  end: 1686145074.2979326
  start: 1686145022.8490522
