event_sleeping:
  end: 1686142826.8839004
  start: 1686142572.7944076
