event_sleeping:
  end: 1686143606.8042748
  start: 1686143352.8102741
