event_sleeping:
  end: 1686142521.831525
  start: 1686142395.3380063
