event_sleeping:
  end: 1686141351.7910419
  start: 1686141351.7909987
