event_sleeping:
  end: 1686143979.3850863
  start: 1686143657.815266
