event_sleeping:
  end: 1686144276.8763561
  start: 1686144030.35384
