event_sleeping:
  end: 1686142771.8516586
  start: 1686142627.9818182
