event_sleeping:
  end: 1686143746.8675692
  start: 1686143602.910381
