event_sleeping:
  end: 1686141991.8835983
  start: 1686141669.4041247
