event_sleeping:
  end: 1686141601.8835392
  start: 1686141457.722742
