event_sleeping:
  end: 1686145111.8476942
  start: 1686144967.9589405
