event_sleeping:
  end: 1686142381.8624752
  start: 1686142237.8586574
