event_sleeping:
  end: 1686143941.8005826
  start: 1686143797.9422252
