event_sleeping:
  end: 1686144331.8516185
  start: 1686143992.9226508
