event_sleeping:
  end: 1686142576.8834598
  start: 1686142432.986769
