event_sleeping:
  end: 1686144916.8845959
  start: 1686144382.9303849
