event_sleeping:
  end: 1686142186.823608
  start: 1686142042.9880865
