event_sleeping:
  end: 1686141406.8417244
  start: 1686141351.80138
