event_sleeping:
  end: 1686142966.823579
  start: 1686142822.977627
