event_sleeping:
  end: 1686143356.884713
  start: 1686143212.960431
