event_sleeping:
  end: 1686143551.847719
  start: 1686143407.9509099
