event_sleeping:
  end: 1683317208.0235431
  start: 1683317036.7527523
