event_sleeping:
  end: 1683314447.9929366
  start: 1683314367.9275243
