event_sleeping:
  end: 1683317292.9553528
  start: 1683317261.7867637
