event_sleeping:
  end: 1683315927.9571502
  start: 1683315786.8390157
