event_sleeping:
  end: 1683318962.931461
  start: 1683318516.7220912
