event_sleeping:
  end: 1683315732.9755461
  start: 1683315621.767864
