event_sleeping:
  end: 1683314593.011399
  start: 1683314503.6732585
