event_sleeping:
  end: 1683315568.023517
  start: 1683314921.75723
