event_sleeping:
  end: 1683314867.9915407
  start: 1683314646.7599502
