event_sleeping:
  end: 1683317793.0235136
  start: 1683317541.8452106
