event_sleeping:
  end: 1683316623.024914
  start: 1683316481.7739289
