event_sleeping:
  end: 1683318378.0234861
  start: 1683318126.787629
