event_sleeping:
  end: 1683316232.95335
  start: 1683315981.669914
