event_sleeping:
  end: 1683317488.0235438
  start: 1683317346.6677396
