event_sleeping:
  end: 1683316982.9631467
  start: 1683316676.7194269
