event_sleeping:
  end: 1683318073.0250113
  start: 1683317846.7789001
