event_sleeping:
  end: 1683316428.025227
  start: 1683316286.8206797
