event_sleeping:
  end: 1683318462.9559534
  start: 1683318431.7443209
