event_sleeping:
  end: 1683318883.0234966
  start: 1683318546.7142053
