event_sleeping:
  end: 1683316317.9603872
  start: 1683316256.779726
