event_sleeping:
  end: 1683314367.9283414
  start: 1683314367.9281788
