event_sleeping:
  end: 1683315762.9685526
  start: 1683315701.8007193
