event_sleeping:
  end: 1683316592.9387755
  start: 1683316371.727725
