event_sleeping:
  end: 1683318492.9834921
  start: 1683318431.8059833
