event_sleeping:
  end: 1683318378.0240138
  start: 1683318206.6573071
