event_sleeping:
  end: 1683314952.9686284
  start: 1683314811.738504
