event_sleeping:
  end: 1683317792.9267924
  start: 1683317541.7131865
