event_sleeping:
  end: 1683315452.9575772
  start: 1683315311.7601275
