event_sleeping:
  end: 1683317013.0234642
  start: 1683316646.7148995
