event_sleeping:
  end: 1683314758.0252554
  start: 1683314428.3434887
