event_sleeping:
  end: 1683315648.023522
  start: 1683315506.6687858
