event_sleeping:
  end: 1683318152.9281552
  start: 1683317846.6831672
