event_sleeping:
  end: 1683317487.9691865
  start: 1683317261.8886032
