event_sleeping:
  end: 1683315257.9757917
  start: 1683315006.6823053
