event_sleeping:
  end: 1683317208.0238142
  start: 1683317066.7792308
