event_sleeping:
  end: 1683315928.0234663
  start: 1683315816.7255871
