event_sleeping:
  end: 1683316203.0234346
  start: 1683315981.7392333
