event_sleeping:
  end: 1683317097.9686432
  start: 1683316957.0329287
