event_sleeping:
  end: 1683316707.958196
  start: 1683316566.9620023
