event_sleeping:
  end: 1683314758.025075
  start: 1683314647.2227957
