event_sleeping:
  end: 1683318153.0235403
  start: 1683317932.0658443
