event_sleeping:
  end: 1683316397.975622
  start: 1683315397.0112104
