event_sleeping:
  end: 1683316512.931586
  start: 1683316452.0064301
