event_sleeping:
  end: 1683314593.024049
  start: 1683314367.9291975
