event_sleeping:
  end: 1683317793.0243466
  start: 1683317572.0351691
