event_sleeping:
  end: 1683315257.9755545
  start: 1683314812.097412
