event_sleeping:
  end: 1683317877.9514925
  start: 1683317847.058122
