event_sleeping:
  end: 1683318963.0234585
  start: 1683318432.0837154
