event_sleeping:
  end: 1683315342.9558198
  start: 1683315312.000939
