event_sleeping:
  end: 1683316902.9562016
  start: 1683316762.0150943
