event_sleeping:
  end: 1683317517.9676304
  start: 1683317457.00611
