event_sleeping:
  end: 1683318378.0237672
  start: 1683318207.0616446
