event_sleeping:
  end: 1683317402.9567795
  start: 1683317151.992555
