event_sleeping:
  end: 1683318183.0124414
  start: 1683318041.7414715
