event_sleeping:
  end: 1683315732.975818
  start: 1683315506.7144237
