event_sleeping:
  end: 1683315063.0249407
  start: 1683314696.7325363
