event_sleeping:
  end: 1683318493.0234456
  start: 1683318236.7675111
