event_sleeping:
  end: 1683315453.0233874
  start: 1683315201.8126774
