event_sleeping:
  end: 1683314643.0240505
  start: 1683314501.715825
