event_sleeping:
  end: 1683315147.9561708
  start: 1683315116.7739866
