event_sleeping:
  end: 1683317987.9875433
  start: 1683317736.7367778
