event_sleeping:
  end: 1683317683.0234537
  start: 1683317456.709707
