event_sleeping:
  end: 1683316037.957055
  start: 1683315786.701581
