event_sleeping:
  end: 1683318963.0238554
  start: 1683318546.8284788
