event_sleeping:
  end: 1683316983.0250113
  start: 1683316871.7780724
