event_sleeping:
  end: 1683317402.957055
  start: 1683317036.741697
