event_sleeping:
  end: 1683316818.0173407
  start: 1683316091.7054765
