event_sleeping:
  end: 1683314447.993244
  start: 1683314367.930677
