event_sleeping:
  end: 1683317597.9875584
  start: 1683317376.8029141
