event_sleeping:
  end: 1683314367.9311254
  start: 1683314367.9310403
