event_sleeping:
  end: 1683314953.0235224
  start: 1683314696.7297719
