event_sleeping:
  end: 1683316202.9291737
  start: 1683316091.6883233
