event_sleeping:
  end: 1683317323.0235956
  start: 1683317151.7030935
