event_sleeping:
  end: 1683317682.9560077
  start: 1683317651.7217877
