event_sleeping:
  end: 1683318767.9674428
  start: 1683318041.7424471
