event_sleeping:
  end: 1683316037.9567525
  start: 1683315816.76212
