event_sleeping:
  end: 1683316983.023575
  start: 1683316646.7934966
