event_sleeping:
  end: 1683317097.997282
  start: 1683317036.7386663
