event_sleeping:
  end: 1683314642.9786165
  start: 1683314421.6991003
