event_sleeping:
  end: 1683315763.0234582
  start: 1683315396.7471511
