event_sleeping:
  end: 1683315343.0234873
  start: 1683315006.76243
