event_sleeping:
  end: 1683316593.023476
  start: 1683316371.7250648
