event_sleeping:
  end: 1683316317.9606745
  start: 1683316256.6804903
