event_sleeping:
  end: 1683317987.9878237
  start: 1683317736.8245978
