event_sleeping:
  end: 1683317543.0251496
  start: 1683317401.6778615
