event_sleeping:
  end: 1683314422.9805586
  start: 1683314367.9269907
