event_sleeping:
  end: 1683315398.0002918
  start: 1683315256.6308615
