event_sleeping:
  end: 1683316178.013031
  start: 1683315841.6765141
