event_sleeping:
  end: 1683316957.9567518
  start: 1683316816.7209733
