event_sleeping:
  end: 1683318518.0235672
  start: 1683318181.7195976
