event_sleeping:
  end: 1683315007.995354
  start: 1683314671.7102017
