event_sleeping:
  end: 1683314618.0213776
  start: 1683314476.6585808
