event_sleeping:
  end: 1683318128.023555
  start: 1683317596.7212894
