event_sleeping:
  end: 1683316373.00751
  start: 1683316231.832539
