event_sleeping:
  end: 1683315593.0236104
  start: 1683315451.6491802
