event_sleeping:
  end: 1683315202.9566984
  start: 1683315061.6691468
