event_sleeping:
  end: 1683317347.9902186
  start: 1683317011.647751
