event_sleeping:
  end: 1683315787.9904053
  start: 1683315646.6868494
