event_sleeping:
  end: 1683316763.023476
  start: 1683316621.6507268
