event_sleeping:
  end: 1683316567.9568734
  start: 1683316426.7968166
