event_sleeping:
  end: 1685340909.0468724
  start: 1685340672.6407743
