event_sleeping:
  end: 1685340621.5548744
  start: 1685340426.4561005
