event_sleeping:
  end: 1685341866.5028374
  start: 1685341452.606918
