event_sleeping:
  end: 1685342061.532089
  start: 1685341917.5394945
