event_sleeping:
  end: 1685341401.5483959
  start: 1685341257.5568666
