event_sleeping:
  end: 1685341206.4599624
  start: 1685341062.5501964
