event_sleeping:
  end: 1685341011.4958975
  start: 1685340960.1548352
