event_sleeping:
  end: 1685341299.0467768
  start: 1685341062.3168836
