event_sleeping:
  end: 1685341986.4825563
  start: 1685341647.3169813
