event_sleeping:
  end: 1685341011.4999766
  start: 1685340672.4026568
