event_sleeping:
  end: 1685340621.5556037
  start: 1685340477.288058
