event_sleeping:
  end: 1685342256.5120306
  start: 1685342037.2585971
