event_sleeping:
  end: 1685341596.4760916
  start: 1685341349.8491843
