event_sleeping:
  end: 1685340426.4548862
  start: 1685340426.4547632
