event_sleeping:
  end: 1685342256.5431244
  start: 1685342037.3036387
