event_sleeping:
  end: 1685341986.4816265
  start: 1685341917.288154
