event_sleeping:
  end: 1685340501.510329
  start: 1685340426.4551518
