event_sleeping:
  end: 1685341401.5161543
  start: 1685341332.3567019
