event_sleeping:
  end: 1685340696.4760935
  start: 1685340552.2968059
