event_sleeping:
  end: 1685341866.5031285
  start: 1685341452.3092837
