event_sleeping:
  end: 1685341086.5469363
  start: 1685340849.8198678
