event_sleeping:
  end: 1685340798.9988532
  start: 1685340747.2875626
