event_sleeping:
  end: 1685341281.5440562
  start: 1685341137.3473196
