event_sleeping:
  end: 1685341671.4520397
  start: 1685341527.2488105
