event_sleeping:
  end: 1685340501.476083
  start: 1685340426.4554775
