event_sleeping:
  end: 1685341866.452054
  start: 1685341722.2624424
