event_sleeping:
  end: 1685340714.0120544
  start: 1685340552.2452166
