event_sleeping:
  end: 1685341086.4553585
  start: 1685340764.7982786
