event_sleeping:
  end: 1685342181.5469308
  start: 1685342037.2979202
