event_sleeping:
  end: 1685341986.4822571
  start: 1685341917.2404244
