event_sleeping:
  end: 1685341476.4473507
  start: 1685341137.258754
