event_sleeping:
  end: 1685341401.5472589
  start: 1685341257.2926219
