event_sleeping:
  end: 1685342256.544069
  start: 1685342019.759903
