event_sleeping:
  end: 1685341969.0200586
  start: 1685341452.3095884
