event_sleeping:
  end: 1685341206.543891
  start: 1685340672.2824564
