event_sleeping:
  end: 1685340621.5174413
  start: 1685340552.2435906
