event_sleeping:
  end: 1685340501.5224488
  start: 1685340426.4557002
