event_sleeping:
  end: 1685341634.0440483
  start: 1685341490.1183221
