event_sleeping:
  end: 1685342024.0467453
  start: 1685341880.104212
