event_sleeping:
  end: 1685341438.9959555
  start: 1685341295.2069783
