event_sleeping:
  end: 1685340659.0440266
  start: 1685340514.8294582
