event_sleeping:
  end: 1685341048.9628751
  start: 1685340710.1834698
