event_sleeping:
  end: 1685341244.0280943
  start: 1685341100.1303337
