event_sleeping:
  end: 1685340463.9785736
  start: 1685340426.4513137
