event_sleeping:
  end: 1685341828.9560595
  start: 1685341685.1881537
