event_sleeping:
  end: 1683410108.1518786
  start: 1683409856.8837395
