event_sleeping:
  end: 1683404843.1036131
  start: 1683404591.829151
