event_sleeping:
  end: 1683408938.0587513
  start: 1683408796.924292
