event_sleeping:
  end: 1683410693.1585646
  start: 1683410459.3787973
