event_sleeping:
  end: 1683409523.15225
  start: 1683409364.3479948
