event_sleeping:
  end: 1683409625.6005297
  start: 1683409576.8875945
