event_sleeping:
  end: 1683411260.6514542
  start: 1683410849.3101625
