event_sleeping:
  end: 1683405800.6242313
  start: 1683405389.3922243
