event_sleeping:
  end: 1683406895.600391
  start: 1683406846.793808
