event_sleeping:
  end: 1683404928.0831616
  start: 1683404896.8450956
