event_sleeping:
  end: 1683410795.5996113
  start: 1683410746.9941735
