event_sleeping:
  end: 1683405335.6515725
  start: 1683405194.4312072
