event_sleeping:
  end: 1683407853.1516812
  start: 1683407236.9078066
