event_sleeping:
  end: 1683406793.0716012
  start: 1683406651.8979547
