event_sleeping:
  end: 1683410405.6513562
  start: 1683410161.9024835
