event_sleeping:
  end: 1683404538.1473634
  start: 1683404360.5620866
