event_sleeping:
  end: 1683408065.6514058
  start: 1683407906.9174175
