event_sleeping:
  end: 1683405140.651547
  start: 1683404981.8036819
