event_sleeping:
  end: 1683406013.0716627
  start: 1683405854.3518653
