event_sleeping:
  end: 1683408243.1514018
  start: 1683408119.3439782
