event_sleeping:
  end: 1683409310.5842712
  start: 1683408991.730092
