event_sleeping:
  end: 1683408743.1514266
  start: 1683408584.3868003
