event_sleeping:
  end: 1683407183.1515038
  start: 1683406949.3304589
