event_sleeping:
  end: 1683408530.6396153
  start: 1683408296.9078765
