event_sleeping:
  end: 1683409803.1515124
  start: 1683409679.3344574
