event_sleeping:
  end: 1683406598.1285117
  start: 1683406066.7955346
