event_sleeping:
  end: 1683408650.583445
  start: 1683408601.9393358
