event_sleeping:
  end: 1683406310.6002395
  start: 1683406261.8887494
