event_sleeping:
  end: 1683405920.5915563
  start: 1683405584.398587
