event_sleeping:
  end: 1683407555.6605086
  start: 1683407321.8955624
