event_sleeping:
  end: 1683409820.6515772
  start: 1683409576.8885865
