event_sleeping:
  end: 1683406208.1275203
  start: 1683405974.3225563
