event_sleeping:
  end: 1683405215.6514544
  start: 1683404981.8154457
