event_sleeping:
  end: 1683406700.6601446
  start: 1683406364.3801692
