event_sleeping:
  end: 1683409523.1515152
  start: 1683409381.8932326
