event_sleeping:
  end: 1683404538.1558075
  start: 1683404414.2812757
