event_sleeping:
  end: 1683407750.6514385
  start: 1683407609.3945303
