event_sleeping:
  end: 1683409328.1556644
  start: 1683408991.882037
