event_sleeping:
  end: 1683407073.1517777
  start: 1683406754.4904692
