event_sleeping:
  end: 1683407268.1315033
  start: 1683407126.8999052
