event_sleeping:
  end: 1683405530.6040566
  start: 1683405269.394529
