event_sleeping:
  end: 1683410693.1576364
  start: 1683410551.8333616
