event_sleeping:
  end: 1683408243.1515183
  start: 1683408119.3438513
