event_sleeping:
  end: 1683408548.0611682
  start: 1683408296.9077253
