event_sleeping:
  end: 1683411168.1473496
  start: 1683410849.2612681
