event_sleeping:
  end: 1683410498.0767822
  start: 1683410161.9093106
