event_sleeping:
  end: 1683407963.1194956
  start: 1683407804.4228368
