event_sleeping:
  end: 1683410108.151549
  start: 1683409874.5413854
