event_sleeping:
  end: 1683404360.5593078
  start: 1683404360.5592866
