event_sleeping:
  end: 1683408938.1521058
  start: 1683408704.3743334
