event_sleeping:
  end: 1683410795.5577118
  start: 1683410746.9350023
