event_sleeping:
  end: 1683408065.5749362
  start: 1683408016.885874
