event_sleeping:
  end: 1683404928.0833724
  start: 1683404591.902333
