event_sleeping:
  end: 1683409803.088174
  start: 1683409754.6340952
