event_sleeping:
  end: 1683409700.5960991
  start: 1683409467.1000462
