event_sleeping:
  end: 1683409023.0553923
  start: 1683408899.6351924
