event_sleeping:
  end: 1683404453.1435542
  start: 1683404360.5616577
