event_sleeping:
  end: 1683406190.6438591
  start: 1683405957.0585575
