event_sleeping:
  end: 1683404630.5944037
  start: 1683404507.1321406
