event_sleeping:
  end: 1683405318.0837212
  start: 1683405287.1315522
