event_sleeping:
  end: 1683405818.151974
  start: 1683405372.09444
