event_sleeping:
  end: 1683408845.600288
  start: 1683408797.1281173
