event_sleeping:
  end: 1683410498.0765278
  start: 1683410247.122578
