event_sleeping:
  end: 1683411278.0635266
  start: 1683410747.1506047
