event_sleeping:
  end: 1683409413.055911
  start: 1683409289.7815144
