event_sleeping:
  end: 1683405903.0826452
  start: 1683405872.2030363
