event_sleeping:
  end: 1683410693.123445
  start: 1683410552.1383538
