event_sleeping:
  end: 1683407658.0634744
  start: 1683407609.679183
