event_sleeping:
  end: 1683406385.651336
  start: 1683406244.7242532
