event_sleeping:
  end: 1683409235.6002417
  start: 1683409077.0702016
