event_sleeping:
  end: 1683407073.151499
  start: 1683406949.7380311
