event_sleeping:
  end: 1683404733.0904565
  start: 1683404684.6794496
