event_sleeping:
  end: 1683407555.6275666
  start: 1683407127.1714482
