event_sleeping:
  end: 1683408743.0812647
  start: 1683407712.074004
