event_sleeping:
  end: 1683405233.0835626
  start: 1683405092.17012
