event_sleeping:
  end: 1683410108.1520934
  start: 1683409857.121863
