event_sleeping:
  end: 1683406598.1589925
  start: 1683406439.664502
