event_sleeping:
  end: 1683406895.6514342
  start: 1683406652.1792235
