event_sleeping:
  end: 1683405038.1527348
  start: 1683404787.1332588
