event_sleeping:
  end: 1683410193.079476
  start: 1683410162.1750863
