event_sleeping:
  end: 1683410303.1195428
  start: 1683410051.8547764
