event_sleeping:
  end: 1683410498.1514678
  start: 1683410356.8847072
