event_sleeping:
  end: 1683406385.600441
  start: 1683406151.9308708
