event_sleeping:
  end: 1683409998.151464
  start: 1683409754.3418257
