event_sleeping:
  end: 1683405038.1195502
  start: 1683404701.7950308
