event_sleeping:
  end: 1683405800.623655
  start: 1683405676.873542
