event_sleeping:
  end: 1683411278.151526
  start: 1683410849.3520184
