event_sleeping:
  end: 1683409115.6515448
  start: 1683408406.9966614
