event_sleeping:
  end: 1683405623.1516798
  start: 1683405481.8596468
