event_sleeping:
  end: 1683404435.5995588
  start: 1683404360.5585625
