event_sleeping:
  end: 1683408353.1515589
  start: 1683408101.9333053
