event_sleeping:
  end: 1683406988.096543
  start: 1683406829.3195894
