event_sleeping:
  end: 1683406775.5996027
  start: 1683406541.8079295
