event_sleeping:
  end: 1683407768.1519532
  start: 1683407516.838439
