event_sleeping:
  end: 1683406488.068696
  start: 1683406439.3564813
