event_sleeping:
  end: 1683407463.0830474
  start: 1683407431.899105
