event_sleeping:
  end: 1683406098.151911
  start: 1683405974.3443635
