event_sleeping:
  end: 1683407378.1518464
  start: 1683407041.98324
