event_sleeping:
  end: 1683410795.651393
  start: 1683410551.844405
