event_sleeping:
  end: 1683404648.1078975
  start: 1683404489.3074446
