event_sleeping:
  end: 1683405428.1302984
  start: 1683405091.8319874
