event_sleeping:
  end: 1683408048.1519482
  start: 1683407821.8499892
