event_sleeping:
  end: 1683405920.6225731
  start: 1683405854.3345268
