event_sleeping:
  end: 1683409328.1035793
  start: 1683409169.5016973
