event_sleeping:
  end: 1683409700.5963461
  start: 1683409381.8937218
