event_sleeping:
  end: 1683405903.1473541
  start: 1683405371.8121643
