event_sleeping:
  end: 1683408353.1518223
  start: 1683408101.9265597
