event_sleeping:
  end: 1683405318.0539737
  start: 1683405176.8821635
