event_sleeping:
  end: 1683406505.5995085
  start: 1683406456.8484674
