event_sleeping:
  end: 1683404453.1470256
  start: 1683404360.5618608
