event_sleeping:
  end: 1683409328.1473303
  start: 1683408991.9309204
