event_sleeping:
  end: 1683409413.0864563
  start: 1683409381.892038
