event_sleeping:
  end: 1683405123.127644
  start: 1683404591.830271
