event_sleeping:
  end: 1683404538.072511
  start: 1683404506.933035
