event_sleeping:
  end: 1683409625.6006284
  start: 1683409466.8311355
