event_sleeping:
  end: 1683407675.6515052
  start: 1683407339.4095242
