event_sleeping:
  end: 1683406208.1566617
  start: 1683405956.9121838
