event_sleeping:
  end: 1683407285.651462
  start: 1683407041.9125915
