event_sleeping:
  end: 1683409913.151562
  start: 1683409679.3980842
