event_sleeping:
  end: 1683408048.151536
  start: 1683407729.441638
