event_sleeping:
  end: 1683408633.0840578
  start: 1683408601.9382377
