event_sleeping:
  end: 1683406403.119562
  start: 1683406261.888268
