event_sleeping:
  end: 1683411083.0556147
  start: 1683410356.8970253
