event_sleeping:
  end: 1683408938.1515763
  start: 1683408686.8268223
