event_sleeping:
  end: 1683408548.151556
  start: 1683408406.9346406
