event_sleeping:
  end: 1683406988.0968137
  start: 1683406754.373854
