event_sleeping:
  end: 1683406700.6284401
  start: 1683406559.3984392
