event_sleeping:
  end: 1683410303.152873
  start: 1683410051.814067
