event_sleeping:
  end: 1683409998.0829616
  start: 1683409966.9030526
