event_sleeping:
  end: 1683404593.1393425
  start: 1683404451.7893603
