event_sleeping:
  end: 1683408688.1239035
  start: 1683408546.8414428
