event_sleeping:
  end: 1683406153.0715733
  start: 1683406011.9672396
