event_sleeping:
  end: 1683405958.1321666
  start: 1683405816.798024
