event_sleeping:
  end: 1683408883.1338663
  start: 1683408741.834181
