event_sleeping:
  end: 1683407908.0824761
  start: 1683407766.8336818
