event_sleeping:
  end: 1683405568.0596616
  start: 1683405426.8249567
