event_sleeping:
  end: 1683406738.1419494
  start: 1683406596.8240085
