event_sleeping:
  end: 1683406348.1436193
  start: 1683406206.726977
