event_sleeping:
  end: 1683405178.1515052
  start: 1683405036.8299317
