event_sleeping:
  end: 1683407713.1520207
  start: 1683407571.8567631
