event_sleeping:
  end: 1683406543.1327193
  start: 1683406401.8477638
