event_sleeping:
  end: 1683409663.1515753
  start: 1683409326.8272974
