event_sleeping:
  end: 1683410443.119654
  start: 1683409911.8504694
