event_sleeping:
  end: 1683405763.1204212
  start: 1683405621.7062414
