event_sleeping:
  end: 1683408103.1514993
  start: 1683407961.7530649
