event_sleeping:
  end: 1683408493.1515133
  start: 1683408156.8496506
