event_sleeping:
  end: 1683409858.1514266
  start: 1683409716.8349614
