event_sleeping:
  end: 1683404983.1516688
  start: 1683404646.8267584
