event_sleeping:
  end: 1683409078.1197336
  start: 1683408936.820637
