event_sleeping:
  end: 1683405373.1514673
  start: 1683405231.8264713
