event_sleeping:
  end: 1683406933.1519933
  start: 1683406791.823885
