event_sleeping:
  end: 1683407323.1515818
  start: 1683407003.6310852
