event_sleeping:
  end: 1683407518.1200666
  start: 1683407376.837153
