event_sleeping:
  end: 1683404398.087627
  start: 1683404360.5570226
