event_sleeping:
  end: 1683409273.1515217
  start: 1683409131.8147273
