event_sleeping:
  end: 1683410833.14361
  start: 1683410496.815511
