event_sleeping:
  end: 1685501374.0520813
  start: 1685500771.5525713
