event_sleeping:
  end: 1685500984.0440602
  start: 1685500771.551099
