event_sleeping:
  end: 1685500881.6445239
  start: 1685500771.5497162
