event_sleeping:
  end: 1685500864.0602467
  start: 1685500771.5505254
