event_sleeping:
  end: 1685501551.6411786
  start: 1685500823.1420815
