event_sleeping:
  end: 1685500771.551243
  start: 1685500771.550892
