event_sleeping:
  end: 1685501411.547924
  start: 1685501073.651017
