event_sleeping:
  end: 1685501021.6413944
  start: 1685500878.303364
