event_sleeping:
  end: 1685500826.5972216
  start: 1685500771.545373
