event_sleeping:
  end: 1685501606.6114707
  start: 1685501463.5269003
