event_sleeping:
  end: 1684068791.1753554
  start: 1684068401.0838945
