event_sleeping_wait_all:
  end: 1684069198.6769679
  start: 1684069055.32275
