event_sleeping_wait_all:
  end: 1684071241.1476345
  start: 1684071005.277391
