event_sleeping_wait_all:
  end: 1684070833.6274958
  start: 1684070690.3222916
