event_sleeping_wait_all:
  end: 1684069003.675525
  start: 1684068842.8553474
