event_sleeping_wait_all:
  end: 1684070953.615713
  start: 1684070885.314154
