event_sleeping_wait_all:
  end: 1684071928.6754847
  start: 1684071377.7495198
