event_sleeping_wait_all:
  end: 1684069393.6753497
  start: 1684069250.3475955
