event_sleeping_wait_all:
  end: 1684071326.1050904
  start: 1684071292.7904327
