event_sleeping_wait_all:
  end: 1684070266.1755333
  start: 1684070105.3039365
