event_sleeping_wait_all:
  end: 1684070351.110248
  start: 1684070317.8131835
