event_sleeping_wait_all:
  end: 1684069858.6105046
  start: 1684069445.2600844
