event_sleeping_wait_all:
  end: 1684070638.6720295
  start: 1684070402.7501924
