event_sleeping_wait_all:
  end: 1684070053.631603
  start: 1684069910.25258
