event_sleeping_wait_all:
  end: 1684069376.1755137
  start: 1684069055.2633653
