event_sleeping_wait_all:
  end: 1684070368.5917513
  start: 1684070300.305284
