event_sleeping_wait_all:
  end: 1684070546.090344
  start: 1684070420.2718976
