event_sleeping_wait_all:
  end: 1684070248.6260285
  start: 1684070122.7644718
