event_sleeping_wait_all:
  end: 1684069003.628164
  start: 1684068952.7454991
