event_sleeping_wait_all:
  end: 1684070936.1755292
  start: 1684070792.800941
