event_sleeping_wait_all:
  end: 1684071131.15566
  start: 1684070987.806651
