event_sleeping_wait_all:
  end: 1684072123.6756558
  start: 1684071182.774624
