event_sleeping_wait_all:
  end: 1684069681.167595
  start: 1684069427.793953
