event_sleeping_wait_all:
  end: 1684068613.6723974
  start: 1684068452.753568
