event_sleeping_wait_all:
  end: 1684070071.103556
  start: 1684069817.7031727
