event_sleeping:
  end: 1684068401.0844457
  start: 1684068401.084324
