event_sleeping_wait_all:
  end: 1684069766.1074057
  start: 1684069732.8033772
