event_sleeping_wait_all:
  end: 1684070741.1726904
  start: 1684070597.7623541
