event_sleeping_wait_all:
  end: 1684068901.1033595
  start: 1684068665.3292575
