event_sleeping_wait_all:
  end: 1684071716.1769476
  start: 1684071377.7496674
