event_sleeping_wait_all:
  end: 1684070351.1431425
  start: 1684070300.2802858
