event_sleeping_wait_all:
  end: 1684070638.6715376
  start: 1684070402.7955306
