event_sleeping_wait_all:
  end: 1684069766.1754622
  start: 1684069445.296161
