event_sleeping_wait_all:
  end: 1684072106.083853
  start: 1684071767.84174
