event_sleeping_wait_all:
  end: 1684072606.1755223
  start: 1684072157.7541256
