event_sleeping_wait_all:
  end: 1684072783.6291516
  start: 1684072657.8363738
