event_sleeping_wait_all:
  end: 1684069078.6755204
  start: 1684068452.7254076
