event_sleeping_wait_all:
  end: 1684070851.175557
  start: 1684070690.3187947
