event_sleeping_wait_all:
  end: 1684071326.0955799
  start: 1684071292.8055043
