event_sleeping_wait_all:
  end: 1684069393.6590333
  start: 1684069325.2710328
