event_sleeping:
  end: 1684068401.0891602
  start: 1684068401.0891383
