event_sleeping_wait_all:
  end: 1684069273.5955582
  start: 1684069130.3795269
