event_sleeping_wait_all:
  end: 1684070953.6274714
  start: 1684070902.8056047
