event_sleeping_wait_all:
  end: 1684071241.179095
  start: 1684071005.2493663
