event_sleeping_wait_all:
  end: 1684070248.6252866
  start: 1684070030.3058262
