event_sleeping_wait_all:
  end: 1684069978.6798377
  start: 1684069817.752605
