event_sleeping_wait_all:
  end: 1684069181.1770124
  start: 1684069037.828859
