event_sleeping_wait_all:
  end: 1684068986.1755111
  start: 1684068842.7625062
