event_sleeping_wait_all:
  end: 1684069858.6755657
  start: 1684069715.3327997
