event_sleeping_wait_all:
  end: 1684069978.645178
  start: 1684069910.2710075
