event_sleeping_wait_all:
  end: 1684070833.6266983
  start: 1684070615.340396
