event_sleeping_wait_all:
  end: 1684069663.6770394
  start: 1684069427.8039744
