event_sleeping_wait_all:
  end: 1684071028.6755018
  start: 1684070885.305748
