event_sleeping_wait_all:
  end: 1684070563.643689
  start: 1684070495.2459588
