event_sleeping_wait_all:
  end: 1684070443.5807056
  start: 1684070030.3041863
