event_sleeping_wait_all:
  end: 1684068791.175781
  start: 1684068545.3313892
