event_sleeping_wait_all:
  end: 1684069376.1767404
  start: 1684069232.827463
