event_sleeping:
  end: 1684068493.6676514
  start: 1684068401.0826957
