event_sleeping:
  end: 1684068401.0887196
  start: 1684068401.0886781
