event_sleeping_wait_all:
  end: 1684068791.110273
  start: 1684068757.7608306
