event_sleeping_wait_all:
  end: 1684069876.177041
  start: 1684069732.7704747
