event_sleeping_wait_all:
  end: 1684070156.1755166
  start: 1684069927.807464
