event_sleeping_wait_all:
  end: 1684070656.1435099
  start: 1684070512.74267
