event_sleeping_wait_all:
  end: 1684068706.175498
  start: 1684068452.683143
