event_sleeping_wait_all:
  end: 1684071028.6768146
  start: 1684070707.7268777
