event_sleeping_wait_all:
  end: 1684069393.6274657
  start: 1684069342.7853608
