event_sleeping_wait_all:
  end: 1684069681.16804
  start: 1684069445.2154942
