event_sleeping_wait_all:
  end: 1684070461.1116688
  start: 1684070207.754137
