event_sleeping_wait_all:
  end: 1684069291.1556048
  start: 1684068842.7046163
