event_sleeping:
  end: 1684070796.0795596
  start: 1684070653.1127975
