event_sleeping:
  end: 1684068846.127606
  start: 1684068703.1852376
