event_sleeping:
  end: 1684069431.1754992
  start: 1684069288.069022
