event_sleeping:
  end: 1684069626.1754112
  start: 1684069483.1698408
