event_sleeping_wait_all:
  end: 1684072551.159423
  start: 1684072213.069135
