event_sleeping_wait_all:
  end: 1684071186.143379
  start: 1684071043.0658674
