event_sleeping:
  end: 1684068456.1317837
  start: 1684068401.0847101
