event_sleeping:
  end: 1684070601.135597
  start: 1684070458.2006133
