event_sleeping:
  end: 1684069236.1115365
  start: 1684069093.1294487
