event_sleeping:
  end: 1684068651.1755826
  start: 1684068511.818144
