event_sleeping:
  end: 1684069821.1755033
  start: 1684069678.1818476
