event_sleeping_wait_all:
  end: 1684072746.1754599
  start: 1684072603.1638448
