event_sleeping:
  end: 1684070991.1264458
  start: 1684070848.1546988
