event_sleeping:
  end: 1684069041.1715288
  start: 1684068898.0454004
