event_sleeping:
  end: 1684070406.175573
  start: 1684070263.1825058
