event_sleeping_wait_all:
  end: 1684072161.079623
  start: 1684072018.0586746
