event_sleeping:
  end: 1684070211.159592
  start: 1684070068.2506545
