event_sleeping:
  end: 1684070016.1768663
  start: 1684069873.2036886
