event_sleeping:
  end: 1682996948.0836885
  start: 1682996914.7637866
