event_sleeping:
  end: 1682996863.1383061
  start: 1682996362.0412965
