event_sleeping:
  end: 1682997160.6362112
  start: 1682997000.4199946
