event_sleeping:
  end: 1682996948.0475252
  start: 1682996362.045085
