event_sleeping:
  end: 1682997235.6356547
  start: 1682996999.6829097
