event_sleeping:
  end: 1682996753.0714862
  start: 1682996362.044079
