event_sleeping:
  end: 1682997058.1355374
  start: 1682996804.9951098
