event_sleeping:
  end: 1682997058.135895
  start: 1682996362.0452204
