event_sleeping:
  end: 1682997143.0420215
  start: 1682996362.0456085
