event_sleeping:
  end: 1682997393.1355505
  start: 1682997249.7344937
