event_sleeping:
  end: 1682997003.1036887
  start: 1682996362.038257
