event_sleeping:
  end: 1682997198.1354954
  start: 1682997054.665513
