event_sleeping_wait_all:
  end: 1685469078.6199214
  start: 1685469028.0756922
