event_sleeping:
  end: 1685468688.5720656
  start: 1685468493.588269
