event_sleeping:
  end: 1685468976.1240382
  start: 1685468746.560763
