event_sleeping:
  end: 1685468688.6733537
  start: 1685468556.5786543
