event_sleeping_wait_all:
  end: 1685469078.6680017
  start: 1685468740.3302093
