event_sleeping:
  end: 1685468493.5792594
  start: 1685468493.5791647
