event_sleeping_wait_all:
  end: 1685468763.5841253
  start: 1685468620.32108
