event_sleeping_wait_all:
  end: 1685469153.669533
  start: 1685468917.7149973
