event_sleeping_wait_all:
  end: 1685468866.0825403
  start: 1685468815.2711136
