event_sleeping:
  end: 1685468568.6527073
  start: 1685468493.585595
