event_sleeping_wait_all:
  end: 1685468781.1695304
  start: 1685468620.3105505
