event_sleeping:
  end: 1685468568.6440842
  start: 1685468493.5877397
