event_sleeping_wait_all:
  end: 1685469153.6601982
  start: 1685468832.8144016
