event_sleeping_wait_all:
  end: 1685468688.636083
  start: 1685468620.2947235
