event_sleeping_wait_all:
  end: 1685469273.5880325
  start: 1685468740.2112863
