event_sleeping_wait_all:
  end: 1685469311.1520896
  start: 1685469168.2017832
