event_sleeping:
  end: 1685469116.1695323
  start: 1685468778.2518187
