event_sleeping:
  end: 1685468531.108119
  start: 1685468493.5757303
