event_sleeping:
  end: 1685468726.1695158
  start: 1685468583.2184649
