event_sleeping:
  end: 1686183342.980318
  start: 1686183186.4661367
