event_sleeping:
  end: 1686184197.923804
  start: 1686183784.0020583
