event_sleeping:
  end: 1686184392.885538
  start: 1686184249.0091574
