event_sleeping:
  end: 1686183537.979694
  start: 1686183394.0511918
