event_sleeping:
  end: 1686183130.4800642
  start: 1686182740.398596
