event_sleeping:
  end: 1686184605.415688
  start: 1686184443.9669745
