event_sleeping:
  end: 1686183732.954863
  start: 1686183589.0414727
