event_sleeping:
  end: 1686183342.919743
  start: 1686183291.5306003
