event_sleeping:
  end: 1686184410.4247248
  start: 1686184156.5036697
