event_sleeping:
  end: 1686184105.415948
  start: 1686184071.580842
