event_sleeping:
  end: 1686183240.423808
  start: 1686183004.0172708
