event_sleeping:
  end: 1686182740.3888686
  start: 1686182740.3887765
