event_sleeping:
  end: 1686184020.4821851
  start: 1686183766.516677
