event_sleeping:
  end: 1686182952.9525921
  start: 1686182800.5194023
