event_sleeping:
  end: 1686183715.4616485
  start: 1686183394.0432894
