event_sleeping:
  end: 1686183612.9036987
  start: 1686183469.032425
