event_sleeping:
  end: 1686184587.9757414
  start: 1686184369.0529125
