event_sleeping:
  end: 1686182740.3921533
  start: 1686182740.3920634
