event_sleeping:
  end: 1686184317.9798677
  start: 1686184156.5252814
