event_sleeping:
  end: 1686183417.9601395
  start: 1686182791.4874537
