event_sleeping:
  end: 1686183732.953732
  start: 1686183664.0038168
