event_sleeping:
  end: 1686184105.47955
  start: 1686183784.0531905
