event_sleeping:
  end: 1686182832.9601378
  start: 1686182740.3965764
