event_sleeping:
  end: 1686184197.9795187
  start: 1686184054.062128
