event_sleeping:
  end: 1686183715.4316776
  start: 1686183571.5528796
