event_sleeping:
  end: 1686183520.4824567
  start: 1686183376.489391
