event_sleeping:
  end: 1686184002.9437377
  start: 1686183766.5065498
