event_sleeping:
  end: 1686183130.4077063
  start: 1686182884.0146708
