event_sleeping:
  end: 1686184782.9626904
  start: 1686184369.021381
