event_sleeping:
  end: 1686184317.9488807
  start: 1686184249.0816348
