event_sleeping:
  end: 1686183325.3874667
  start: 1686183181.4840086
