event_sleeping:
  end: 1686184215.4770212
  start: 1686184071.5249164
