event_sleeping:
  end: 1686184020.4825077
  start: 1686183783.9065595
