event_sleeping:
  end: 1686183045.4476864
  start: 1686182791.4208302
