event_sleeping:
  end: 1686183630.4821558
  start: 1686183181.421362
