event_sleeping:
  end: 1686183732.9170997
  start: 1686183681.5058625
