event_sleeping:
  end: 1686183130.4161897
  start: 1686183096.4353945
