event_sleeping:
  end: 1686184495.4159665
  start: 1686184266.4840958
