event_sleeping:
  end: 1686183965.4594977
  start: 1686183821.641644
