event_sleeping:
  end: 1686183575.4569101
  start: 1686183431.5182884
