event_sleeping:
  end: 1686184355.4822788
  start: 1686184211.5524354
