event_sleeping:
  end: 1686182990.3996744
  start: 1686182846.317566
