event_sleeping:
  end: 1686183380.4476552
  start: 1686183236.6105292
