event_sleeping:
  end: 1686184160.4825087
  start: 1686184016.581295
