event_sleeping:
  end: 1686182795.4374595
  start: 1686182740.3852549
