event_sleeping:
  end: 1686183770.4814842
  start: 1686183626.5656614
