event_sleeping:
  end: 1686183185.482521
  start: 1686183041.490621
