event_sleeping:
  end: 1686149203.5156455
  start: 1686148789.57791
