event_sleeping:
  end: 1686147940.9236476
  start: 1686147745.92562
