event_sleeping:
  end: 1686148348.46684
  start: 1686148297.0876412
