event_sleeping:
  end: 1686151645.9555798
  start: 1686151502.0964243
