event_sleeping:
  end: 1686150585.9276845
  start: 1686150349.5057797
