event_sleeping:
  end: 1686148738.5116236
  start: 1686148594.6045196
