event_sleeping:
  end: 1686148543.5156674
  start: 1686148399.5184395
