event_sleeping:
  end: 1686148246.0156236
  start: 1686147993.1883163
