event_sleeping:
  end: 1686149983.4196212
  start: 1686149449.5240717
