event_sleeping:
  end: 1686149398.4316053
  start: 1686149254.5695417
