event_sleeping:
  end: 1686151451.0114555
  start: 1686151324.5652163
