event_sleeping:
  end: 1686150298.4315455
  start: 1686150229.5721765
