event_sleeping:
  end: 1686150178.515641
  start: 1686150034.469623
