event_sleeping:
  end: 1686151273.5155349
  start: 1686150637.0027962
