event_sleeping:
  end: 1686151468.4671338
  start: 1686151417.031934
