event_sleeping:
  end: 1686148915.919533
  start: 1686148687.014416
