event_sleeping:
  end: 1686148635.953654
  start: 1686148399.6180408
