event_sleeping:
  end: 1686148348.5156038
  start: 1686148009.5734823
