event_sleeping:
  end: 1686149593.515593
  start: 1686149357.1067271
