event_sleeping:
  end: 1686151171.0154045
  start: 1686151027.0380275
