event_sleeping:
  end: 1686147745.925772
  start: 1686147745.9257529
