event_sleeping:
  end: 1686147958.4588246
  start: 1686147796.7709525
