event_sleeping:
  end: 1686149306.015578
  start: 1686148966.9943533
