event_sleeping:
  end: 1686150975.9675713
  start: 1686150722.0887141
