event_sleeping:
  end: 1686149713.4842846
  start: 1686149644.5631511
