event_sleeping:
  end: 1686150085.991518
  start: 1686149764.5396557
