event_sleeping:
  end: 1686151365.9601429
  start: 1686151222.0454988
