event_sleeping:
  end: 1686150671.015692
  start: 1686150527.051747
