event_sleeping:
  end: 1686151645.9559925
  start: 1686151519.5457695
