event_sleeping:
  end: 1686150476.011461
  start: 1686150137.0509772
