event_sleeping:
  end: 1686149806.0115535
  start: 1686149644.5552847
