event_sleeping:
  end: 1686148738.471689
  start: 1686148669.6061761
