event_sleeping:
  end: 1686148050.9719937
  start: 1686147907.0035222
