event_sleeping:
  end: 1686149983.5155635
  start: 1686149857.0861025
