event_sleeping:
  end: 1686149323.4672532
  start: 1686149272.0505435
