event_sleeping:
  end: 1686149221.0037122
  start: 1686148789.5782495
