event_sleeping:
  end: 1686150298.431753
  start: 1686150034.593323
