event_sleeping:
  end: 1686148135.9495766
  start: 1686148102.0729725
