event_sleeping:
  end: 1686148618.4842694
  start: 1686148474.6257744
