event_sleeping:
  end: 1686150475.9436843
  start: 1686150349.5487866
