event_sleeping:
  end: 1686148423.5155978
  start: 1686148187.0724468
