event_sleeping:
  end: 1686150976.0114262
  start: 1686150527.0238504
