event_sleeping:
  end: 1686147855.9345646
  start: 1686147745.925455
