event_sleeping:
  end: 1686152128.515552
  start: 1686151112.0525622
