event_sleeping:
  end: 1686151060.9494262
  start: 1686151027.0540116
