event_sleeping:
  end: 1686149593.5162687
  start: 1686149374.553053
