event_sleeping:
  end: 1686148830.9943998
  start: 1686148492.070731
