event_sleeping:
  end: 1686150780.971659
  start: 1686150424.6281536
