event_sleeping:
  end: 1686149908.4703739
  start: 1686149839.5394971
