event_sleeping:
  end: 1686149203.4204397
  start: 1686149059.5521357
