event_sleeping:
  end: 1686150373.516081
  start: 1686150229.5618684
