event_sleeping:
  end: 1686148440.9676702
  start: 1686148102.074931
