event_sleeping:
  end: 1686151756.0218492
  start: 1686151502.0095232
