event_sleeping:
  end: 1686149788.4958827
  start: 1686149552.0352635
