event_sleeping:
  end: 1686149008.42768
  start: 1686148882.1016233
