event_sleeping:
  end: 1686148051.0116181
  start: 1686147889.5896869
