event_sleeping:
  end: 1686149323.4872966
  start: 1686149254.4652498
