event_sleeping:
  end: 1686147838.510638
  start: 1686147745.9260218
