event_sleeping:
  end: 1686149500.935674
  start: 1686149374.5415058
