event_sleeping:
  end: 1686150865.9496703
  start: 1686150832.038656
