event_sleeping:
  end: 1686151450.91556
  start: 1686151222.0377858
