event_sleeping:
  end: 1686150178.5163195
  start: 1686149959.5667834
