event_sleeping:
  end: 1686151170.9674625
  start: 1686150917.0349376
