event_sleeping:
  end: 1686148526.0114312
  start: 1686147991.9794924
