event_sleeping:
  end: 1686150670.919672
  start: 1686150424.5097983
