event_sleeping:
  end: 1686151755.9916205
  start: 1686151519.4985363
