event_sleeping:
  end: 1686150086.0209265
  start: 1686149941.9304667
