event_sleeping:
  end: 1686151061.0155556
  start: 1686150721.9141908
