event_sleeping:
  end: 1686151468.5152009
  start: 1686151112.0141385
