event_sleeping:
  end: 1686149610.974783
  start: 1686149356.930341
