event_sleeping:
  end: 1686149305.9276357
  start: 1686148789.5232434
