event_sleeping:
  end: 1686148738.5125492
  start: 1686148576.976488
