event_sleeping:
  end: 1686149890.9494603
  start: 1686149856.9509091
