event_sleeping:
  end: 1686147940.9549284
  start: 1686147907.003821
