event_sleeping:
  end: 1686149805.9639938
  start: 1686149661.9460626
