event_sleeping:
  end: 1686150373.515804
  start: 1686150136.9825892
