event_sleeping:
  end: 1686147856.015649
  start: 1686147745.9250321
