event_sleeping:
  end: 1686149946.0116634
  start: 1686149802.0440755
