event_sleeping:
  end: 1686150726.0115125
  start: 1686150387.1070101
