event_sleeping:
  end: 1686150920.9676862
  start: 1686150777.128957
