event_sleeping:
  end: 1686150336.0157862
  start: 1686150192.1266174
