event_sleeping:
  end: 1686149361.015528
  start: 1686149217.136223
