event_sleeping:
  end: 1686151506.0156019
  start: 1686151362.1091573
