event_sleeping:
  end: 1686151116.0076606
  start: 1686150972.056715
