event_sleeping:
  end: 1686148970.951671
  start: 1686148827.1254535
