event_sleeping:
  end: 1686148581.0080457
  start: 1686148437.0334718
