event_sleeping:
  end: 1686149166.0155356
  start: 1686149022.069446
