event_sleeping:
  end: 1686151310.9869845
  start: 1686151167.093908
