event_sleeping:
  end: 1686148775.9957292
  start: 1686148632.1233602
