event_sleeping:
  end: 1686149750.9601746
  start: 1686149607.033033
