event_sleeping:
  end: 1686148385.960134
  start: 1686148047.0818145
