event_sleeping:
  end: 1686149555.9756916
  start: 1686149432.1130779
