event_sleeping:
  end: 1686150141.0155725
  start: 1686149997.1090736
