event_sleeping:
  end: 1686147995.9676373
  start: 1686147851.8096917
