event_sleeping:
  end: 1686147800.9674575
  start: 1686147745.9241538
