event_sleeping_wait_all:
  end: 1685609947.1081004
  start: 1685609804.0676599
