event_sleeping_wait_all:
  end: 1685610802.0899456
  start: 1685610658.9650097
