event_sleeping_wait_all:
  end: 1685610142.1272473
  start: 1685609999.0303664
