event_sleeping_wait_all:
  end: 1685611387.1188626
  start: 1685611151.510859
