event_sleeping_wait_all:
  end: 1685611014.6278205
  start: 1685610854.0563233
