event_sleeping_wait_all:
  end: 1685609752.123964
  start: 1685609591.4622097
