event_sleeping_wait_all:
  end: 1685610607.0459058
  start: 1685610194.0329204
