event_sleeping:
  end: 1685609539.5480015
  start: 1685609149.5451746
