event_sleeping_wait_all:
  end: 1685611099.5607228
  start: 1685611066.59664
