event_sleeping_wait_all:
  end: 1685609362.1239827
  start: 1685609201.1971304
