event_sleeping_wait_all:
  end: 1685610124.624266
  start: 1685609803.7602215
