event_sleeping_wait_all:
  end: 1685609752.0615425
  start: 1685609701.301814
