event_sleeping_wait_all:
  end: 1685610429.6240683
  start: 1685610176.2552328
