event_sleeping_wait_all:
  end: 1685610819.6278663
  start: 1685610566.178035
