event_sleeping_wait_all:
  end: 1685610997.1240296
  start: 1685610871.2749386
