event_sleeping_wait_all:
  end: 1685609649.5320969
  start: 1685609413.7650785
