event_sleeping_wait_all:
  end: 1685610514.5485475
  start: 1685610481.2773058
