event_sleeping:
  end: 1685609149.538458
  start: 1685609149.5384011
