event_sleeping_wait_all:
  end: 1685610727.123858
  start: 1685610566.289383
