event_sleeping:
  end: 1685609149.5374932
  start: 1685609149.5372088
