event_sleeping_wait_all:
  end: 1685610997.04015
  start: 1685610778.8002295
