event_sleeping_wait_all:
  end: 1685610022.127562
  start: 1685609878.7326865
