event_sleeping_wait_all:
  end: 1685610142.0481596
  start: 1685610073.7923822
