event_sleeping_wait_all:
  end: 1685609827.0457673
  start: 1685609201.1568918
