event_sleeping_wait_all:
  end: 1685610514.624152
  start: 1685610193.6939974
