event_sleeping_wait_all:
  end: 1685610727.0321674
  start: 1685610658.7979152
