event_sleeping_wait_all:
  end: 1685610412.068163
  start: 1685610176.2308416
