event_sleeping_wait_all:
  end: 1685609734.5847194
  start: 1685609591.2447054
