event_sleeping_wait_all:
  end: 1685609929.6240413
  start: 1685609786.2777479
