event_sleeping_wait_all:
  end: 1685610607.124084
  start: 1685610463.7450445
