event_sleeping:
  end: 1685609242.037324
  start: 1685609149.535429
