event_sleeping_wait_all:
  end: 1685610124.5881176
  start: 1685609981.317488
