event_sleeping_wait_all:
  end: 1685611192.1278136
  start: 1685610778.6701589
