event_sleeping_wait_all:
  end: 1685609539.5481746
  start: 1685609293.7252157
