event_sleeping_wait_all:
  end: 1685611209.5280275
  start: 1685610956.2112586
