event_sleeping_wait_all:
  end: 1685609454.5600176
  start: 1685609201.1559138
