event_sleeping_wait_all:
  end: 1685610142.0802069
  start: 1685610091.1567266
