event_sleeping_wait_all:
  end: 1685610039.5801938
  start: 1685609591.161463
