event_sleeping_wait_all:
  end: 1685610904.6278098
  start: 1685610676.216439
