event_sleeping_wait_all:
  end: 1685611404.6276748
  start: 1685611261.1498427
