event_sleeping_wait_all:
  end: 1685611777.127554
  start: 1685611456.2016683
