event_sleeping:
  end: 1685609149.538847
  start: 1685609149.5381565
