event_sleeping_wait_all:
  end: 1685609539.5602236
  start: 1685609506.1918375
