event_sleeping_wait_all:
  end: 1685610624.6149154
  start: 1685610481.1609979
