event_sleeping_wait_all:
  end: 1685610429.5708394
  start: 1685610193.6532772
