event_sleeping:
  end: 1685610959.612548
  start: 1685610816.6606374
