event_sleeping_wait_all:
  end: 1685611544.5977364
  start: 1685611401.598974
