event_sleeping:
  end: 1685610374.6239078
  start: 1685610231.5628705
