event_sleeping_wait_all:
  end: 1685611154.5280824
  start: 1685611011.6042993
