event_sleeping_wait_all:
  end: 1685611739.6119406
  start: 1685611596.5962203
