event_sleeping_wait_all:
  end: 1685611349.624111
  start: 1685611206.538494
