event_sleeping:
  end: 1685610764.58825
  start: 1685610621.5713923
