event_sleeping:
  end: 1685609594.6277294
  start: 1685609451.6167748
