event_sleeping:
  end: 1685609984.6274595
  start: 1685609841.6356752
