event_sleeping:
  end: 1685609399.5946002
  start: 1685609271.8607354
