event_sleeping:
  end: 1685610569.5487876
  start: 1685610426.6369507
