event_sleeping:
  end: 1685609204.5721395
  start: 1685609149.5368795
