event_sleeping:
  end: 1685609789.61298
  start: 1685609646.6894338
