event_sleeping:
  end: 1682994503.725633
  start: 1682994502.7295098
