event_sleeping:
  end: 1682994503.7258286
  start: 1682994502.732276
