event_sleeping:
  end: 1682994948.8194752
  start: 1682994806.0640168
