event_sleeping:
  end: 1682994558.779482
  start: 1682994502.7280004
