event_sleeping:
  end: 1685502860.3760731
  start: 1685502257.8912802
