event_sleeping:
  end: 1685502470.4143312
  start: 1685502257.8903372
