event_sleeping:
  end: 1685502367.977151
  start: 1685502257.8865945
