event_sleeping:
  end: 1685502350.381687
  start: 1685502257.889042
