event_sleeping:
  end: 1685502257.8851402
  start: 1685502257.8850448
