event_sleeping:
  end: 1685502312.9240954
  start: 1685502257.8834357
