event_sleeping:
  end: 1685502507.9627168
  start: 1685502380.8672671
