event_sleeping:
  end: 1685502897.975686
  start: 1685502560.654704
