event_sleeping_wait_all:
  end: 1683078515.599536
  start: 1683077879.7840703
