event_sleeping:
  end: 1683077225.5196795
  start: 1683076938.0125692
