event_sleeping_wait_all:
  end: 1683079193.039483
  start: 1683078939.929161
