event_sleeping_wait_all:
  end: 1683079583.1008356
  start: 1683079439.7324882
