event_sleeping_wait_all:
  end: 1683077828.1009378
  start: 1683077574.6689882
