event_sleeping_wait_all:
  end: 1683079388.0475526
  start: 1683079244.7006195
