event_sleeping_wait_all:
  end: 1683078693.1001616
  start: 1683078567.2376475
