event_sleeping_wait_all:
  end: 1683077438.1009583
  start: 1683077277.2204053
