event_sleeping_wait_all:
  end: 1683079955.5062146
  start: 1683079634.7503839
