event_sleeping_wait_all:
  end: 1683077523.0314584
  start: 1683077489.7245965
