event_sleeping_wait_all:
  end: 1683078888.0994925
  start: 1683078744.8066702
