event_sleeping_wait_all:
  end: 1683078200.527607
  start: 1683077964.6728628
