event_sleeping_wait_all:
  end: 1683078888.1009257
  start: 1683078762.2314346
