event_sleeping_wait_all:
  end: 1683077913.0396323
  start: 1683077769.7607884
