event_sleeping:
  end: 1683076938.011998
  start: 1683076938.011873
