event_sleeping_wait_all:
  end: 1683078710.552139
  start: 1683078659.715816
