event_sleeping:
  end: 1683077345.5517442
  start: 1683076989.6257303
