event_sleeping_wait_all:
  end: 1683078608.0994046
  start: 1683078464.671354
