event_sleeping_wait_all:
  end: 1683077718.099364
  start: 1683077397.1778924
