event_sleeping_wait_all:
  end: 1683079175.5994127
  start: 1683078939.7124436
