event_sleeping_wait_all:
  end: 1683078413.039554
  start: 1683078252.1713042
