event_sleeping_wait_all:
  end: 1683079880.5915651
  start: 1683079720.1145012
