event_sleeping_wait_all:
  end: 1683080058.0994627
  start: 1683079932.553007
