event_sleeping_wait_all:
  end: 1683080345.5994437
  start: 1683080109.9995136
