event_sleeping_wait_all:
  end: 1683079490.5515673
  start: 1683079440.0183287
