event_sleeping_wait_all:
  end: 1683078303.0344112
  start: 1683078269.9810553
