event_sleeping_wait_all:
  end: 1683077540.6014454
  start: 1683077277.5205493
