event_sleeping_wait_all:
  end: 1683078218.0315962
  start: 1683077770.0457299
