event_sleeping_wait_all:
  end: 1683077718.0315506
  start: 1683077592.5379448
