event_sleeping:
  end: 1683077048.0475938
  start: 1683076938.0123866
