event_sleeping_wait_all:
  end: 1683079668.1010563
  start: 1683079542.4684153
