event_sleeping_wait_all:
  end: 1683079388.0806026
  start: 1683078354.9920154
