event_sleeping:
  end: 1683077225.5994627
  start: 1683077100.0160594
