event_sleeping:
  end: 1683077030.5437899
  start: 1683076938.0129502
