event_sleeping_wait_all:
  end: 1683080345.6010928
  start: 1683080007.2884655
