event_sleeping_wait_all:
  end: 1683078125.551345
  start: 1683078074.6935656
