event_sleeping_wait_all:
  end: 1683077438.0995097
  start: 1683077184.6633794
