event_sleeping_wait_all:
  end: 1683077133.0718346
  start: 1683077082.2241063
