event_sleeping_wait_all:
  end: 1683079778.0995276
  start: 1683079049.702258
