event_sleeping_wait_all:
  end: 1683077615.600886
  start: 1683077489.8926234
