event_sleeping_wait_all:
  end: 1683078998.1008694
  start: 1683078744.7892172
