event_sleeping_wait_all:
  end: 1683079955.599522
  start: 1683079829.7192297
