event_sleeping_wait_all:
  end: 1683078023.0556922
  start: 1683077667.2001045
