event_sleeping_wait_all:
  end: 1683078693.0907857
  start: 1683078464.6751332
