event_sleeping_wait_all:
  end: 1683078413.0995398
  start: 1683078177.1403117
