event_sleeping:
  end: 1683079175.5357425
  start: 1683079049.709631
