event_sleeping:
  end: 1683078303.034118
  start: 1683077964.7280047
