event_sleeping_wait_all:
  end: 1683080058.0314827
  start: 1683080024.7881572
