event_sleeping:
  end: 1683078693.0032086
  start: 1683078354.6682916
