event_sleeping:
  end: 1683077133.0314763
  start: 1683077099.7818398
