event_sleeping_wait_all:
  end: 1683079295.5035832
  start: 1683079227.2714949
