event_sleeping:
  end: 1683077328.0995727
  start: 1683077184.691295
