event_sleeping:
  end: 1683077633.0076365
  start: 1683077379.7577894
