event_sleeping_wait_all:
  end: 1683079583.1012146
  start: 1683079347.2428439
