event_sleeping_wait_all:
  end: 1683079973.0995378
  start: 1683079634.7772467
