event_sleeping:
  end: 1683078998.0995598
  start: 1683078744.6655257
