event_sleeping:
  end: 1683077913.0995674
  start: 1683077684.7052724
