event_sleeping:
  end: 1683077048.0995328
  start: 1683076938.0127997
