event_sleeping:
  end: 1683078358.100936
  start: 1683078214.7078826
