event_sleeping:
  end: 1683079138.1013427
  start: 1683078799.6767898
