event_sleeping:
  end: 1683077188.099499
  start: 1683077044.6647606
