event_sleeping:
  end: 1683076993.0075538
  start: 1683076938.011035
