event_sleeping:
  end: 1683077968.0475736
  start: 1683077629.6647794
