event_sleeping_wait_all:
  end: 1683079528.0794945
  start: 1683079384.6198072
