event_sleeping:
  end: 1683077578.1009028
  start: 1683077434.6686153
