event_sleeping:
  end: 1683078163.1009815
  start: 1683078019.608333
