event_sleeping:
  end: 1683078553.0397067
  start: 1683078409.660277
