event_sleeping_wait_all:
  end: 1683079723.0555725
  start: 1683079579.6619766
