event_sleeping:
  end: 1683077383.100927
  start: 1683077239.694061
