event_sleeping:
  end: 1683078748.1008358
  start: 1683078604.639605
