event_sleeping_wait_all:
  end: 1683079333.00771
  start: 1683079189.7608206
