event_sleeping_wait_all:
  end: 1683079918.101177
  start: 1683079774.7017124
