event_sleeping:
  end: 1685759625.542622
  start: 1685759430.5131772
