event_sleeping:
  end: 1685759430.5116534
  start: 1685759430.511348
