event_sleeping:
  end: 1685759625.6039016
  start: 1685759493.8657393
