event_sleeping:
  end: 1685759505.5799897
  start: 1685759430.5121713
