event_sleeping:
  end: 1685759505.580443
  start: 1685759430.512716
