event_sleeping:
  end: 1685759505.5319343
  start: 1685759430.5129218
