event_sleeping:
  end: 1685759468.0455954
  start: 1685759430.5110452
