event_sleeping:
  end: 1685759663.0681376
  start: 1685759519.7346275
