event_sleeping:
  end: 1685401843.5720408
  start: 1685401648.4844565
