event_sleeping_wait_all:
  end: 1685402131.0360758
  start: 1685401895.5436306
