event_sleeping_wait_all:
  end: 1685402233.519491
  start: 1685402182.9741106
