event_sleeping:
  end: 1685401843.4840815
  start: 1685401700.142415
