event_sleeping:
  end: 1685401648.4786067
  start: 1685401648.4785116
