event_sleeping_wait_all:
  end: 1685402233.5198693
  start: 1685401895.1756186
