event_sleeping_wait_all:
  end: 1685401918.5691714
  start: 1685401775.1631687
