event_sleeping:
  end: 1685401723.5461657
  start: 1685401648.4798539
