event_sleeping_wait_all:
  end: 1685401935.9961915
  start: 1685401775.2201796
