event_sleeping_wait_all:
  end: 1685402308.5301468
  start: 1685401987.6330762
