event_sleeping:
  end: 1685401723.5467877
  start: 1685401648.4791703
