event_sleeping_wait_all:
  end: 1685402428.508103
  start: 1685401895.1607869
