event_sleeping:
  end: 1685401723.5545592
  start: 1685401648.4842126
