event_sleeping_wait_all:
  end: 1685401843.5370789
  start: 1685401775.1795323
