event_sleeping_wait_all:
  end: 1685402466.06878
  start: 1685402323.0006154
