event_sleeping:
  end: 1685401686.0002856
  start: 1685401648.4770496
