event_sleeping_wait_all:
  end: 1685402271.0687802
  start: 1685401932.9728494
