event_sleeping:
  end: 1685401881.0202022
  start: 1685401737.9751942
