event_sleeping:
  end: 1684830385.1789536
  start: 1684829782.5996628
