event_sleeping:
  end: 1684829995.1838377
  start: 1684829782.5985863
