event_sleeping:
  end: 1684829892.6884694
  start: 1684829782.5930123
