event_sleeping:
  end: 1684829875.1798942
  start: 1684829782.5953991
