event_sleeping:
  end: 1684829782.5975263
  start: 1684829782.5973039
