event_sleeping:
  end: 1684830562.6874676
  start: 1684829834.1992064
