event_sleeping:
  end: 1684830617.6876955
  start: 1684830474.5778508
