event_sleeping:
  end: 1684830422.6280894
  start: 1684830084.6710742
