event_sleeping:
  end: 1684830032.6680095
  start: 1684829889.339247
