event_sleeping:
  end: 1684829837.64466
  start: 1684829782.5944514
