event_sleeping_wait_all:
  end: 1683059602.4235613
  start: 1683059051.566208
