event_sleeping_wait_all:
  end: 1683058914.975341
  start: 1683058679.1805487
