event_sleeping_wait_all:
  end: 1683056677.4113455
  start: 1683056516.504761
