event_sleeping_wait_all:
  end: 1683058432.3996854
  start: 1683058364.2059371
