event_sleeping_wait_all:
  end: 1683057939.9756079
  start: 1683057779.2260656
