event_sleeping_wait_all:
  end: 1683058312.476472
  start: 1683058076.528282
