event_sleeping_wait_all:
  end: 1683057457.37959
  start: 1683057119.2467592
