event_sleeping:
  end: 1683056074.8800201
  start: 1683056074.8800004
