event_sleeping_wait_all:
  end: 1683057049.9755554
  start: 1683056804.0911133
