event_sleeping_wait_all:
  end: 1683056752.4756122
  start: 1683056626.565161
