event_sleeping_wait_all:
  end: 1683058609.97684
  start: 1683058466.6617084
