event_sleeping_wait_all:
  end: 1683057354.9753542
  start: 1683057101.6160817
