event_sleeping_wait_all:
  end: 1683057439.9074788
  start: 1683057406.688743
