event_sleeping_wait_all:
  end: 1683057847.4273956
  start: 1683057796.6350443
