event_sleeping_wait_all:
  end: 1683058804.9755206
  start: 1683058661.676321
