event_sleeping_wait_all:
  end: 1683058042.4766757
  start: 1683057899.0727162
