event_sleeping_wait_all:
  end: 1683056574.939515
  start: 1683056339.105038
