event_sleeping_wait_all:
  end: 1683058524.879563
  start: 1683058364.4433558
