event_sleeping_wait_all:
  end: 1683058312.4761865
  start: 1683058076.8515923
