event_sleeping_wait_all:
  end: 1683057922.4476695
  start: 1683057779.4353793
