event_sleeping_wait_all:
  end: 1683057067.4588282
  start: 1683056999.4367986
