event_sleeping_wait_all:
  end: 1683056947.391534
  start: 1683056804.458781
