event_sleeping_wait_all:
  end: 1683058507.4754996
  start: 1683058364.1997447
