event_sleeping_wait_all:
  end: 1683059194.8795679
  start: 1683058679.0137496
