event_sleeping_wait_all:
  end: 1683057652.4449406
  start: 1683057584.1397958
