event_sleeping_wait_all:
  end: 1683057532.4661798
  start: 1683057314.101117
