event_sleeping_wait_all:
  end: 1683057262.4755106
  start: 1683057101.6135662
