event_sleeping_wait_all:
  end: 1683061042.4769526
  start: 1683060611.4962175
