event_sleeping_wait_all:
  end: 1683060279.975523
  start: 1683059831.6227212
