event_sleeping_wait_all:
  end: 1683059694.8993952
  start: 1683059246.5676272
