event_sleeping_wait_all:
  end: 1683058117.4555771
  start: 1683057704.1132216
