event_sleeping_wait_all:
  end: 1683058329.9356291
  start: 1683058186.6275165
