event_sleeping_wait_all:
  end: 1683057067.4237063
  start: 1683057016.5429943
