event_sleeping_wait_all:
  end: 1683058134.9753664
  start: 1683057881.5910137
