event_sleeping_wait_all:
  end: 1683058702.4766736
  start: 1683058381.6491976
