event_sleeping_wait_all:
  end: 1683056379.9496543
  start: 1683056126.6080463
