event_sleeping_wait_all:
  end: 1683056464.9073448
  start: 1683056431.6455789
