event_sleeping_wait_all:
  end: 1683057549.9676802
  start: 1683057406.689018
