event_sleeping:
  end: 1683056074.880646
  start: 1683056074.8806264
