event_sleeping_wait_all:
  end: 1683057829.9657538
  start: 1683057601.582585
