event_sleeping:
  end: 1683057494.9596763
  start: 1683057351.5386999
