event_sleeping:
  end: 1683056714.9765584
  start: 1683056571.5329826
