event_sleeping:
  end: 1683056909.9768128
  start: 1683056766.5729132
