event_sleeping_wait_all:
  end: 1683060224.9766104
  start: 1683059886.601114
