event_sleeping_wait_all:
  end: 1683059639.9772916
  start: 1683058911.487985
