event_sleeping_wait_all:
  end: 1683059834.9596844
  start: 1683059691.611076
