event_sleeping:
  end: 1683058664.959475
  start: 1683058521.5735714
