event_sleeping_wait_all:
  end: 1683060419.976398
  start: 1683060276.5706887
