event_sleeping:
  end: 1683056129.8969107
  start: 1683056074.8837008
