event_sleeping:
  end: 1683057104.9755628
  start: 1683056961.5774374
