event_sleeping_wait_all:
  end: 1683061004.9764616
  start: 1683060861.6005116
