event_sleeping:
  end: 1683058079.887702
  start: 1683057936.5792274
