event_sleeping:
  end: 1685269110.6970608
  start: 1685269059.3308105
