event_sleeping:
  end: 1685271348.1840613
  start: 1685271111.804412
