event_sleeping:
  end: 1685272408.2400637
  start: 1685272264.3445022
