event_sleeping:
  end: 1685269500.755056
  start: 1685269356.8274364
