event_sleeping:
  end: 1685272213.2440126
  start: 1685272086.808531
