event_sleeping:
  end: 1685270745.747533
  start: 1685270211.7471368
