event_sleeping:
  end: 1685272035.7359543
  start: 1685271399.2745986
