event_sleeping:
  end: 1685270160.6465797
  start: 1685270016.8263073
