event_sleeping:
  end: 1685269305.7358928
  start: 1685269161.7432811
