event_sleeping:
  end: 1685268703.2438972
  start: 1685268508.1599514
