event_sleeping:
  end: 1685271060.7145402
  start: 1685270991.7601137
