event_sleeping:
  end: 1685269965.7320917
  start: 1685269551.8226151
