event_sleeping:
  end: 1685270940.744167
  start: 1685270796.81654
