event_sleeping:
  end: 1685269008.2456932
  start: 1685268755.6009831
