event_sleeping:
  end: 1685270355.7301764
  start: 1685270119.0621386
