event_sleeping:
  end: 1685271738.204143
  start: 1685271483.977869
