event_sleeping:
  end: 1685269678.2457843
  start: 1685269449.025795
