event_sleeping:
  end: 1685271433.187119
  start: 1685271288.99883
