event_sleeping:
  end: 1685270848.1883554
  start: 1685270526.486613
