event_sleeping:
  end: 1685269110.7440088
  start: 1685268771.5644784
