event_sleeping:
  end: 1685272408.2403219
  start: 1685272281.4663668
