event_sleeping:
  end: 1685269398.2360537
  start: 1685269161.5337884
