event_sleeping:
  end: 1685272230.6656585
  start: 1685272178.996939
