event_sleeping:
  end: 1685268508.1542618
  start: 1685268508.1541767
