event_sleeping:
  end: 1685272128.1561162
  start: 1685271983.9653053
