event_sleeping:
  end: 1685270068.2458057
  start: 1685269729.061588
