event_sleeping:
  end: 1685271933.1684465
  start: 1685271789.0222359
