event_sleeping:
  end: 1685270475.7145076
  start: 1685270406.517916
