event_sleeping:
  end: 1685268720.735901
  start: 1685268558.984523
