event_sleeping:
  end: 1685271238.1720583
  start: 1685270898.9806297
