event_sleeping:
  end: 1685268813.2456357
  start: 1685268669.0427315
