event_sleeping:
  end: 1685270085.6683993
  start: 1685270034.0475888
