event_sleeping:
  end: 1685270745.7357445
  start: 1685270618.9629064
