event_sleeping:
  end: 1685271738.2044053
  start: 1685271289.0525641
