event_sleeping:
  end: 1685271823.148045
  start: 1685271788.9934077
