event_sleeping:
  end: 1685269380.745589
  start: 1685269236.535735
