event_sleeping:
  end: 1685269983.2280552
  start: 1685269551.4298952
