event_sleeping:
  end: 1685271060.75522
  start: 1685270796.5354369
