event_sleeping:
  end: 1685269500.6681569
  start: 1685269431.556312
