event_sleeping:
  end: 1685272890.655946
  start: 1685271873.9256115
