event_sleeping:
  end: 1685268618.2438745
  start: 1685268508.154691
