event_sleeping:
  end: 1685271238.2439919
  start: 1685271111.5071135
