event_sleeping:
  end: 1685270355.7308333
  start: 1685270136.4598923
