event_sleeping:
  end: 1685268898.179768
  start: 1685268864.0266933
