event_sleeping:
  end: 1685269185.7011526
  start: 1685268948.9744463
