event_sleeping:
  end: 1685270568.2000053
  start: 1685270406.5383878
