event_sleeping:
  end: 1685272213.196084
  start: 1685271984.0407937
