event_sleeping:
  end: 1685272518.172005
  start: 1685272264.0243595
