event_sleeping:
  end: 1685270670.657006
  start: 1685270601.5452347
