event_sleeping:
  end: 1685270940.6636333
  start: 1685270721.4466708
