event_sleeping:
  end: 1685270085.7121627
  start: 1685270016.5371609
