event_sleeping:
  end: 1685271628.156004
  start: 1685271593.9643216
