event_sleeping:
  end: 1685268600.7359498
  start: 1685268508.150612
