event_sleeping:
  end: 1685271135.7444818
  start: 1685270991.476026
