event_sleeping:
  end: 1685268813.2408886
  start: 1685268651.53707
