event_sleeping:
  end: 1685270550.743904
  start: 1685270313.9915366
