event_sleeping:
  end: 1685269965.7408054
  start: 1685269821.5725033
