event_sleeping:
  end: 1685271543.1720145
  start: 1685271186.5197432
