event_sleeping:
  end: 1685271933.2120862
  start: 1685271678.9795635
