event_sleeping:
  end: 1685269203.228068
  start: 1685268864.030241
