event_sleeping:
  end: 1685270263.1481643
  start: 1685270136.4643092
