event_sleeping:
  end: 1685269770.74587
  start: 1685269644.0703442
