event_sleeping:
  end: 1685269593.2441041
  start: 1685269254.04686
