event_sleeping:
  end: 1685272230.74396
  start: 1685271873.9486134
