event_sleeping:
  end: 1685271433.2439969
  start: 1685271186.4772615
