event_sleeping:
  end: 1685272518.2438688
  start: 1685272281.4657233
