event_sleeping:
  end: 1685271135.740041
  start: 1685270898.9275143
