event_sleeping:
  end: 1685270068.2460816
  start: 1685269551.4295192
