event_sleeping:
  end: 1685270568.2439728
  start: 1685270423.9660268
