event_sleeping:
  end: 1685270653.1758578
  start: 1685270618.952932
