event_sleeping:
  end: 1685269288.1768408
  start: 1685268753.8533978
