event_sleeping:
  end: 1685271823.2439651
  start: 1685271483.9735756
