event_sleeping:
  end: 1685270848.188114
  start: 1685270703.8844712
