event_sleeping:
  end: 1685268618.2492414
  start: 1685268508.1592493
