event_sleeping:
  end: 1685268703.152018
  start: 1685268668.9914615
