event_sleeping:
  end: 1685270373.21211
  start: 1685270118.9736292
