event_sleeping:
  end: 1685269500.7198977
  start: 1685269338.901951
