event_sleeping:
  end: 1685271098.1808312
  start: 1685270954.3604257
