event_sleeping:
  end: 1685271488.220072
  start: 1685271149.3023033
