event_sleeping:
  end: 1685269148.1561434
  start: 1685268809.3405445
