event_sleeping:
  end: 1685269733.2239878
  start: 1685269589.3313274
