event_sleeping:
  end: 1685270123.1520655
  start: 1685269979.3061543
