event_sleeping:
  end: 1685271683.2439675
  start: 1685271539.365005
