event_sleeping:
  end: 1685270903.2438738
  start: 1685270759.3201523
