event_sleeping:
  end: 1685271878.2436519
  start: 1685271734.3601906
