event_sleeping:
  end: 1685269538.1812017
  start: 1685269394.3639781
