event_sleeping:
  end: 1685272073.2360473
  start: 1685271929.391335
