event_sleeping:
  end: 1685270708.1879427
  start: 1685270564.3340335
