event_sleeping:
  end: 1685269928.2119923
  start: 1685269784.3548992
