event_sleeping:
  end: 1685270318.1869433
  start: 1685270194.4574018
