event_sleeping:
  end: 1685269343.245457
  start: 1685269199.3282185
