event_sleeping:
  end: 1685272268.1859272
  start: 1685272124.3383727
