event_sleeping:
  end: 1685268563.1998518
  start: 1685268508.1559129
