event_sleeping:
  end: 1685268758.236132
  start: 1685268614.0068107
