event_sleeping:
  end: 1685270513.179351
  start: 1685270369.3560677
