event_sleeping_wait_all:
  end: 1685691470.5835767
  start: 1685691327.4568634
