event_sleeping_wait_all:
  end: 1685692658.0320113
  start: 1685692422.4326715
