event_sleeping_wait_all:
  end: 1685691275.4842112
  start: 1685690862.430504
