event_sleeping_wait_all:
  end: 1685690420.4918861
  start: 1685690370.0224621
