event_sleeping:
  end: 1685690013.080056
  start: 1685689817.9937177
