event_sleeping_wait_all:
  end: 1685692370.491992
  start: 1685692302.5361006
