event_sleeping_wait_all:
  end: 1685692055.583628
  start: 1685691522.5752046
