event_sleeping_wait_all:
  end: 1685690810.5240834
  start: 1685690667.525736
