event_sleeping_wait_all:
  end: 1685692250.5811224
  start: 1685692107.5497024
