event_sleeping_wait_all:
  end: 1685693345.532107
  start: 1685692710.012663
