event_sleeping_wait_all:
  end: 1685690318.0837076
  start: 1685690065.0401313
