event_sleeping_wait_all:
  end: 1685690615.583476
  start: 1685690472.4446812
