event_sleeping:
  end: 1685689817.992437
  start: 1685689817.9921963
