event_sleeping_wait_all:
  end: 1685692743.0799882
  start: 1685692599.7517302
