event_sleeping_wait_all:
  end: 1685693438.0678308
  start: 1685693294.76244
