event_sleeping_wait_all:
  end: 1685691785.5514638
  start: 1685691717.205564
