event_sleeping_wait_all:
  end: 1685690030.5834353
  start: 1685689869.652506
