event_sleeping_wait_all:
  end: 1685693047.9961035
  start: 1685692794.7476902
