event_sleeping_wait_all:
  end: 1685691665.5798979
  start: 1685691429.630728
