event_sleeping_wait_all:
  end: 1685690708.0798874
  start: 1685690472.2977026
