event_sleeping_wait_all:
  end: 1685693540.499963
  start: 1685693489.7319853
