event_sleeping_wait_all:
  end: 1685690988.0280008
  start: 1685690759.7164118
