event_sleeping_wait_all:
  end: 1685691378.0412138
  start: 1685691039.7137334
