event_sleeping_wait_all:
  end: 1685692548.0601368
  start: 1685692209.7132726
