event_sleeping_wait_all:
  end: 1685690420.5800202
  start: 1685690082.24019
