event_sleeping_wait_all:
  end: 1685692158.083413
  start: 1685691837.1826205
