event_sleeping_wait_all:
  end: 1685693243.0835857
  start: 1685693099.653063
