event_sleeping_wait_all:
  end: 1685692055.4960115
  start: 1685691929.639006
