event_sleeping_wait_all:
  end: 1685690208.0171065
  start: 1685690174.7361155
