event_sleeping_wait_all:
  end: 1685691395.5320315
  start: 1685691344.7145667
