event_sleeping_wait_all:
  end: 1685692548.0597298
  start: 1685692422.2633142
