event_sleeping_wait_all:
  end: 1685693048.0801594
  start: 1685692599.7219121
