event_sleeping_wait_all:
  end: 1685690123.0365417
  start: 1685689979.7076855
