event_sleeping:
  end: 1685689928.0161755
  start: 1685689817.993337
