event_sleeping_wait_all:
  end: 1685690495.4964502
  start: 1685690259.693912
