event_sleeping_wait_all:
  end: 1685690810.5657759
  start: 1685690742.207398
