event_sleeping_wait_all:
  end: 1685692370.5799513
  start: 1685692107.1633296
