event_sleeping_wait_all:
  end: 1685690690.5800745
  start: 1685690547.1422381
