event_sleeping_wait_all:
  end: 1685694200.5761497
  start: 1685693184.6629019
