event_sleeping_wait_all:
  end: 1685693133.0013497
  start: 1685693099.7492352
