event_sleeping_wait_all:
  end: 1685691293.0800307
  start: 1685690862.1923077
