event_sleeping_wait_all:
  end: 1685691665.5083826
  start: 1685691447.247074
