event_sleeping_wait_all:
  end: 1685691878.026122
  start: 1685691717.192124
