event_sleeping_wait_all:
  end: 1685690123.036194
  start: 1685689962.2118735
