event_sleeping_wait_all:
  end: 1685691080.5837219
  start: 1685690954.6808326
