event_sleeping_wait_all:
  end: 1685691395.5499868
  start: 1685691327.1610343
