event_sleeping_wait_all:
  end: 1685690513.0776258
  start: 1685690174.7365508
