event_sleeping_wait_all:
  end: 1685691860.5832365
  start: 1685691624.6903176
