event_sleeping_wait_all:
  end: 1685691573.0599809
  start: 1685691447.2467687
