event_sleeping_wait_all:
  end: 1685691275.4848177
  start: 1685691132.261451
