event_sleeping_wait_all:
  end: 1685692445.5800707
  start: 1685692302.2200184
