event_sleeping:
  end: 1685689910.5767884
  start: 1685689817.9891753
