event_sleeping_wait_all:
  end: 1685691980.5333486
  start: 1685691912.2552574
