event_sleeping_wait_all:
  end: 1685690903.0360866
  start: 1685690564.7247481
