event_sleeping_wait_all:
  end: 1685692250.544097
  start: 1685692032.2028983
