event_sleeping_wait_all:
  end: 1685692445.5804086
  start: 1685692209.6186655
