event_sleeping_wait_all:
  end: 1685692158.0837939
  start: 1685692014.6336844
