event_sleeping_wait_all:
  end: 1685690598.0111175
  start: 1685690064.599455
