event_sleeping_wait_all:
  end: 1685690810.582133
  start: 1685690649.5870078
