event_sleeping_wait_all:
  end: 1685691378.0798924
  start: 1685690862.1681314
