event_sleeping_wait_all:
  end: 1685691963.0158002
  start: 1685691929.6568193
