event_sleeping_wait_all:
  end: 1685690013.0074062
  start: 1685689979.6259854
