event_sleeping_wait_all:
  end: 1685691878.079901
  start: 1685691734.6916895
