event_sleeping:
  end: 1685689928.083952
  start: 1685689817.993528
