event_sleeping_wait_all:
  end: 1685691683.0581903
  start: 1685691429.6235511
