event_sleeping:
  end: 1685692213.0812075
  start: 1685692069.9886992
