event_sleeping_wait_all:
  end: 1685692798.0120435
  start: 1685692460.0809202
