event_sleeping:
  end: 1685691043.066292
  start: 1685690900.0953233
