event_sleeping:
  end: 1685691238.0627508
  start: 1685691095.1944563
