event_sleeping_wait_all:
  end: 1685693187.988022
  start: 1685693045.1092782
