event_sleeping:
  end: 1685692408.0281916
  start: 1685692265.1672487
