event_sleeping_wait_all:
  end: 1685693578.0838556
  start: 1685693435.084584
