event_sleeping_wait_all:
  end: 1685693967.990332
  start: 1685693630.105157
