event_sleeping:
  end: 1685691433.0568645
  start: 1685691290.176078
