event_sleeping:
  end: 1685692017.9880435
  start: 1685691875.1514416
