event_sleeping_wait_all:
  end: 1685692993.078731
  start: 1685692850.0291836
