event_sleeping:
  end: 1685690068.0759053
  start: 1685689928.7609792
