event_sleeping:
  end: 1685691823.0361633
  start: 1685691680.0829344
