event_sleeping:
  end: 1685691628.0280726
  start: 1685691485.1186397
