event_sleeping:
  end: 1685690653.07988
  start: 1685690509.999171
