event_sleeping_wait_all:
  end: 1685693383.0801575
  start: 1685693239.96261
