event_sleeping:
  end: 1685689872.995913
  start: 1685689817.991803
