event_sleeping:
  end: 1685690847.9909124
  start: 1685690705.0548017
