event_sleeping_wait_all:
  end: 1685694163.0799706
  start: 1685694019.9834135
