event_sleeping:
  end: 1685690457.9881768
  start: 1685690120.1042454
