event_sleeping:
  end: 1686152400.1515203
  start: 1686152205.075669
