event_sleeping:
  end: 1686153662.6425314
  start: 1686153248.7410302
