event_sleeping:
  end: 1686153857.643573
  start: 1686153713.733988
