event_sleeping:
  end: 1686152705.1596763
  start: 1686152456.061416
