event_sleeping:
  end: 1686154442.6381378
  start: 1686153908.7551644
