event_sleeping:
  end: 1686153002.5755427
  start: 1686152858.682107
