event_sleeping:
  end: 1686153197.667574
  start: 1686153053.6608717
