event_sleeping:
  end: 1686152807.6188567
  start: 1686152756.1952267
