event_sleeping:
  end: 1686153095.1436737
  start: 1686152858.6881871
