event_sleeping:
  end: 1686153375.167682
  start: 1686153146.2514775
