event_sleeping:
  end: 1686153765.167875
  start: 1686153426.2716763
