event_sleeping:
  end: 1686154052.6796215
  start: 1686153816.2645173
