event_sleeping:
  end: 1686152807.6190858
  start: 1686152468.7325516
