event_sleeping:
  end: 1686152417.6149201
  start: 1686152265.402248
