event_sleeping:
  end: 1686152205.079949
  start: 1686152205.0795991
