event_sleeping:
  end: 1686153680.1308389
  start: 1686153248.6496043
