event_sleeping:
  end: 1686152882.654123
  start: 1686152646.1481035
