event_sleeping:
  end: 1686152595.0739038
  start: 1686152561.1669476
