event_sleeping:
  end: 1686153077.603568
  start: 1686152933.763205
