event_sleeping:
  end: 1686152315.1298885
  start: 1686152205.0792124
