event_sleeping:
  end: 1686154052.6475966
  start: 1686153833.675972
