event_sleeping:
  end: 1686152510.1674688
  start: 1686152366.1925974
