event_sleeping:
  end: 1686153197.586329
  start: 1686153128.661542
