event_sleeping:
  end: 1686153782.6112804
  start: 1686153731.1866663
