event_sleeping:
  end: 1686153467.5859797
  start: 1686153341.1792219
