event_sleeping:
  end: 1686153662.6429956
  start: 1686153518.7126756
