event_sleeping:
  end: 1686152510.1046486
  start: 1686152348.7280085
