event_sleeping:
  end: 1686153782.6220522
  start: 1686153713.7336538
