event_sleeping:
  end: 1686152900.164372
  start: 1686152561.1663418
