event_sleeping:
  end: 1686152297.60774
  start: 1686152205.0789669
