event_sleeping:
  end: 1686153290.087694
  start: 1686152951.219374
