event_sleeping:
  end: 1686153960.1675618
  start: 1686153833.6985245
