event_sleeping:
  end: 1686152400.0711036
  start: 1686152366.1492777
