event_sleeping:
  end: 1686153197.6680226
  start: 1686153036.1824665
