event_sleeping:
  end: 1686152315.1673865
  start: 1686152205.079802
