event_sleeping:
  end: 1686154070.1347783
  start: 1686153816.121001
