event_sleeping:
  end: 1686152985.1676505
  start: 1686152451.0661373
