event_sleeping:
  end: 1686153235.1674054
  start: 1686153091.2983558
