event_sleeping:
  end: 1686152845.0853992
  start: 1686152506.2623868
