event_sleeping:
  end: 1686152455.167559
  start: 1686152310.9435954
