event_sleeping:
  end: 1686153625.095636
  start: 1686153481.2795827
