event_sleeping:
  end: 1686153040.1658978
  start: 1686152896.1925712
