event_sleeping:
  end: 1686153820.0796366
  start: 1686153676.196013
