event_sleeping:
  end: 1686153430.167669
  start: 1686153286.289874
