event_sleeping:
  end: 1686152260.1235778
  start: 1686152205.0783224
