event_sleeping_wait_all:
  end: 1684924059.7969577
  start: 1684923916.6841896
