event_sleeping_wait_all:
  end: 1684923864.8045056
  start: 1684923331.7384584
