event_sleeping_wait_all:
  end: 1684922127.2439058
  start: 1684921874.1860454
