event_sleeping_wait_all:
  end: 1684922229.7728229
  start: 1684922179.1857336
