event_sleeping:
  end: 1684921822.3011792
  start: 1684921627.2420683
