event_sleeping_wait_all:
  end: 1684923279.791405
  start: 1684923136.7045863
