event_sleeping_wait_all:
  end: 1684924179.7991214
  start: 1684924111.7282772
