event_sleeping_wait_all:
  end: 1684925154.7920153
  start: 1684924519.251697
