event_sleeping_wait_all:
  end: 1684923084.7737818
  start: 1684922671.6999576
