event_sleeping_wait_all:
  end: 1684924467.3311613
  start: 1684924231.760874
