event_sleeping_wait_all:
  end: 1684922424.7961457
  start: 1684922281.6926796
