event_sleeping_wait_all:
  end: 1684922619.7480962
  start: 1684922476.682067
