event_sleeping:
  end: 1684921627.2409303
  start: 1684921627.2408323
