event_sleeping_wait_all:
  end: 1684922797.2760284
  start: 1684922569.0096245
