event_sleeping_wait_all:
  end: 1684924552.3311577
  start: 1684924408.930234
