event_sleeping_wait_all:
  end: 1684923474.8279717
  start: 1684923238.9548604
