event_sleeping_wait_all:
  end: 1684923594.795966
  start: 1684923526.4755466
