event_sleeping_wait_all:
  end: 1684922229.773185
  start: 1684921891.5199602
