event_sleeping_wait_all:
  end: 1684921839.8313518
  start: 1684921678.924754
