event_sleeping_wait_all:
  end: 1684924857.2759302
  start: 1684924603.977147
