event_sleeping_wait_all:
  end: 1684925052.3278196
  start: 1684924908.8859463
