event_sleeping_wait_all:
  end: 1684925247.231502
  start: 1684925103.9452553
