event_sleeping_wait_all:
  end: 1684923187.3299322
  start: 1684922848.95158
