event_sleeping_wait_all:
  end: 1684924357.244069
  start: 1684924018.9768825
