event_sleeping_wait_all:
  end: 1684923967.330869
  start: 1684923646.4619238
