event_sleeping_wait_all:
  end: 1684922517.330833
  start: 1684922281.427258
