event_sleeping_wait_all:
  end: 1684925349.772647
  start: 1684925298.9070234
