event_sleeping_wait_all:
  end: 1684922499.7985458
  start: 1684922356.3992553
