event_sleeping_wait_all:
  end: 1684922017.2440789
  start: 1684921983.956396
