event_sleeping_wait_all:
  end: 1684922304.7440798
  start: 1684922068.937757
