event_sleeping_wait_all:
  end: 1684924942.264236
  start: 1684924908.994523
