event_sleeping_wait_all:
  end: 1684923864.8040855
  start: 1684923738.9723976
