event_sleeping_wait_all:
  end: 1684922619.7958488
  start: 1684922551.4860477
