event_sleeping_wait_all:
  end: 1684923204.7530668
  start: 1684923153.9495227
