event_sleeping_wait_all:
  end: 1684924179.7994723
  start: 1684923916.4758322
