event_sleeping_wait_all:
  end: 1684923687.3279805
  start: 1684923526.4542093
