event_sleeping_wait_all:
  end: 1684923102.331045
  start: 1684922671.4533868
