event_sleeping:
  end: 1684921737.3156476
  start: 1684921627.239519
