event_sleeping_wait_all:
  end: 1684926009.7801185
  start: 1684924993.9201682
