event_sleeping_wait_all:
  end: 1684923474.7731972
  start: 1684923256.3644805
