event_sleeping_wait_all:
  end: 1684921932.2976587
  start: 1684921788.958422
