event_sleeping_wait_all:
  end: 1684924857.3281248
  start: 1684924408.969993
