event_sleeping_wait_all:
  end: 1684924357.3278837
  start: 1684924231.5303013
