event_sleeping_wait_all:
  end: 1684923789.788195
  start: 1684923721.4746573
