event_sleeping_wait_all:
  end: 1684924254.7729428
  start: 1684924111.4878066
