event_sleeping_wait_all:
  end: 1684923382.3309033
  start: 1684923256.380225
