event_sleeping_wait_all:
  end: 1684921932.3331835
  start: 1684921771.376013
