event_sleeping_wait_all:
  end: 1684924059.8320315
  start: 1684923841.4467735
