event_sleeping_wait_all:
  end: 1684922712.316092
  start: 1684922373.8679733
