event_sleeping:
  end: 1684921719.740197
  start: 1684921627.2373214
