event_sleeping_wait_all:
  end: 1684922322.240099
  start: 1684921983.965769
