event_sleeping_wait_all:
  end: 1684922889.772989
  start: 1684922763.938035
