event_sleeping_wait_all:
  end: 1684923669.7972553
  start: 1684923433.992693
