event_sleeping_wait_all:
  end: 1684923084.7641878
  start: 1684922941.4252894
