event_sleeping_wait_all:
  end: 1684923204.7850063
  start: 1684923136.417511
