event_sleeping_wait_all:
  end: 1684923772.2520473
  start: 1684923738.8699489
