event_sleeping_wait_all:
  end: 1684924254.8278859
  start: 1684924018.9102664
