event_sleeping_wait_all:
  end: 1684923967.3313293
  start: 1684923823.839828
