event_sleeping:
  end: 1684921737.2841756
  start: 1684921627.2390509
