event_sleeping_wait_all:
  end: 1684921822.2644691
  start: 1684921788.9014947
