event_sleeping_wait_all:
  end: 1684923687.292161
  start: 1684923543.8790421
