event_sleeping_wait_all:
  end: 1684923492.3161025
  start: 1684923238.8637788
