event_sleeping_wait_all:
  end: 1684923187.292056
  start: 1684922671.4284651
