event_sleeping_wait_all:
  end: 1684922619.827904
  start: 1684922458.9146874
