event_sleeping_wait_all:
  end: 1684922407.3278382
  start: 1684921873.7975073
