event_sleeping:
  end: 1684922657.3312504
  start: 1684922514.293818
