event_sleeping_wait_all:
  end: 1684925777.307765
  start: 1684925439.2340293
