event_sleeping:
  end: 1684924022.331014
  start: 1684923879.3749347
