event_sleeping:
  end: 1684922852.3279607
  start: 1684922709.3951309
