event_sleeping_wait_all:
  end: 1684925972.3307712
  start: 1684925829.2754114
