event_sleeping_wait_all:
  end: 1684925387.2481008
  start: 1684925244.2162385
