event_sleeping:
  end: 1684923827.3280103
  start: 1684923684.4107533
