event_sleeping:
  end: 1684921877.328057
  start: 1684921737.8438993
