event_sleeping_wait_all:
  end: 1684924802.2680311
  start: 1684924659.3409603
