event_sleeping:
  end: 1684924217.328128
  start: 1684924074.4325428
