event_sleeping_wait_all:
  end: 1684924607.3201149
  start: 1684924269.3318653
