event_sleeping:
  end: 1684922267.3311238
  start: 1684921929.3176568
