event_sleeping:
  end: 1684921682.2876883
  start: 1684921627.2412095
