event_sleeping_wait_all:
  end: 1684924997.3313107
  start: 1684924854.277616
