event_sleeping:
  end: 1684922462.3311126
  start: 1684922319.3336256
