event_sleeping_wait_all:
  end: 1684925192.2313643
  start: 1684925049.3429413
