event_sleeping:
  end: 1684923047.3309445
  start: 1684922904.3791625
