event_sleeping:
  end: 1684923242.2906032
  start: 1684923099.4522982
