event_sleeping:
  end: 1684923632.3281026
  start: 1684923489.295826
