event_sleeping:
  end: 1684923437.3081574
  start: 1684923294.3286173
