event_sleeping:
  end: 1685498851.1119678
  start: 1685498656.0376341
