event_sleeping:
  end: 1685498656.036296
  start: 1685498656.0356948
