event_sleeping:
  end: 1685498851.1240122
  start: 1685498719.3308263
