event_sleeping:
  end: 1685498731.1078393
  start: 1685498656.036558
