event_sleeping:
  end: 1685498731.1087995
  start: 1685498656.0371335
