event_sleeping:
  end: 1685498731.0760217
  start: 1685498656.0373363
