event_sleeping:
  end: 1685498693.565489
  start: 1685498656.0304828
