event_sleeping:
  end: 1685498888.5715847
  start: 1685498745.2338753
