event_sleeping:
  end: 1685353228.540601
  start: 1685353084.5831172
