event_sleeping:
  end: 1685352736.0409675
  start: 1685352482.1296172
