event_sleeping:
  end: 1685354788.5098116
  start: 1685354719.5739448
