event_sleeping:
  end: 1685352431.0400357
  start: 1685352235.9567735
