event_sleeping:
  end: 1685356136.0280514
  start: 1685355992.0454729
