event_sleeping:
  end: 1685353033.4978225
  start: 1685352889.5779166
