event_sleeping:
  end: 1685355940.9881134
  start: 1685355814.6101158
