event_sleeping:
  end: 1685354473.4802046
  start: 1685353939.646758
