event_sleeping:
  end: 1685354668.525378
  start: 1685354524.531819
