event_sleeping:
  end: 1685353888.5063112
  start: 1685353744.592202
