event_sleeping:
  end: 1685353693.5121233
  start: 1685353279.6085024
