event_sleeping:
  end: 1685355763.5160942
  start: 1685355127.1253512
