event_sleeping:
  end: 1685355076.0410721
  start: 1685354839.5719886
