event_sleeping:
  end: 1685352838.4923396
  start: 1685352787.141065
