event_sleeping:
  end: 1685352838.5401692
  start: 1685352499.325193
