event_sleeping:
  end: 1685355161.0201387
  start: 1685355016.817562
