event_sleeping:
  end: 1685352448.4761121
  start: 1685352286.7687838
