event_sleeping:
  end: 1685355856.0398915
  start: 1685355711.8209016
