event_sleeping:
  end: 1685355661.0407484
  start: 1685355516.7843564
