event_sleeping:
  end: 1685354203.484111
  start: 1685354134.31878
