event_sleeping:
  end: 1685354576.0408862
  start: 1685354254.2716644
