event_sleeping:
  end: 1685353406.040907
  start: 1685353176.809221
