event_sleeping:
  end: 1685356136.0399945
  start: 1685356009.305224
