event_sleeping:
  end: 1685355465.987502
  start: 1685355211.8130753
