event_sleeping:
  end: 1685353126.0120814
  start: 1685352889.3537834
