event_sleeping:
  end: 1685354083.5445623
  start: 1685353846.77471
