event_sleeping:
  end: 1685353795.9640958
  start: 1685353456.8371615
