event_sleeping:
  end: 1685355958.4922352
  start: 1685355906.812118
