event_sleeping:
  end: 1685354966.0421445
  start: 1685354626.8402703
