event_sleeping:
  end: 1685352235.9496095
  start: 1685352235.949521
