event_sleeping:
  end: 1685352913.5082102
  start: 1685352676.812223
