event_sleeping:
  end: 1685352345.9549541
  start: 1685352235.954291
