event_sleeping:
  end: 1685354083.5112803
  start: 1685353864.2911022
