event_sleeping:
  end: 1685353228.5080745
  start: 1685353159.3067539
