event_sleeping:
  end: 1685352625.975002
  start: 1685352591.7916749
