event_sleeping:
  end: 1685353813.4926174
  start: 1685353761.8289144
