event_sleeping:
  end: 1685354966.036139
  start: 1685354839.3426263
