event_sleeping:
  end: 1685352541.0398893
  start: 1685352396.7531154
