event_sleeping:
  end: 1685354788.5418398
  start: 1685354524.2582073
