event_sleeping:
  end: 1685353711.0310767
  start: 1685353279.3166583
