event_sleeping:
  end: 1685355465.9872139
  start: 1685355016.8586197
