event_sleeping:
  end: 1685356618.524087
  start: 1685355601.7465622
