event_sleeping:
  end: 1685353108.5400734
  start: 1685352964.2805476
