event_sleeping:
  end: 1685354473.4805374
  start: 1685354346.7601464
