event_sleeping:
  end: 1685355550.975805
  start: 1685355516.7833383
