event_sleeping:
  end: 1685354295.9801486
  start: 1685354134.2916646
