event_sleeping:
  end: 1685355271.0361464
  start: 1685354914.3800967
