event_sleeping:
  end: 1685352930.9757173
  start: 1685352591.7721124
