event_sleeping:
  end: 1685352328.5389912
  start: 1685352235.9557004
