event_sleeping:
  end: 1685355661.041138
  start: 1685355406.7973073
