event_sleeping:
  end: 1685356246.0121243
  start: 1685355991.8435602
