event_sleeping:
  end: 1685353498.4954994
  start: 1685353371.7536635
