event_sleeping:
  end: 1685355355.9747596
  start: 1685355321.8214219
