event_sleeping:
  end: 1685354668.4762032
  start: 1685354449.3321705
