event_sleeping:
  end: 1685353320.9561005
  start: 1685352981.759852
