event_sleeping:
  end: 1685355941.0398786
  start: 1685355711.8295484
