event_sleeping:
  end: 1685354398.5102746
  start: 1685354329.2976649
