event_sleeping:
  end: 1685353693.5510564
  start: 1685353549.328271
