event_sleeping:
  end: 1685353991.0361164
  start: 1685353864.3125954
