event_sleeping:
  end: 1685353813.4932594
  start: 1685353744.359113
