event_sleeping:
  end: 1685354278.4842827
  start: 1685354041.8463073
