event_sleeping:
  end: 1685352540.972135
  start: 1685352379.3664422
