event_sleeping:
  end: 1685354863.542483
  start: 1685354719.3011646
