event_sleeping:
  end: 1685354100.9871683
  start: 1685353846.7733297
