event_sleeping:
  end: 1685355551.0400362
  start: 1685355211.8038673
