event_sleeping:
  end: 1685353228.5399764
  start: 1685353066.7435784
