event_sleeping:
  end: 1685353015.9961474
  start: 1685352481.704183
