event_sleeping:
  end: 1685355161.0203853
  start: 1685354914.2521372
