event_sleeping:
  end: 1685354380.9750664
  start: 1685354346.7617104
