event_sleeping:
  end: 1685354575.9480488
  start: 1685354431.7402933
