event_sleeping:
  end: 1685356246.0448105
  start: 1685356009.202176
