event_sleeping:
  end: 1685353796.0399976
  start: 1685353279.2932713
