event_sleeping:
  end: 1685355958.4600673
  start: 1685355601.7421987
