event_sleeping:
  end: 1685352346.01203
  start: 1685352235.9547315
