event_sleeping:
  end: 1685354296.0398486
  start: 1685354151.7388012
