event_sleeping:
  end: 1685352430.9752612
  start: 1685352396.7302127
