event_sleeping:
  end: 1685354863.530934
  start: 1685354626.6908133
