event_sleeping:
  end: 1685353265.9912403
  start: 1685353122.1892307
