event_sleeping:
  end: 1685353071.036018
  start: 1685352927.181061
