event_sleeping:
  end: 1685353656.0285559
  start: 1685353512.171019
