event_sleeping:
  end: 1685355215.9411142
  start: 1685354877.1383653
