event_sleeping:
  end: 1685354631.0410962
  start: 1685354487.1577053
