event_sleeping:
  end: 1685355410.9420664
  start: 1685355267.0981858
