event_sleeping:
  end: 1685354046.0121164
  start: 1685353952.562855
