event_sleeping:
  end: 1685355605.9480786
  start: 1685355462.0961628
