event_sleeping:
  end: 1685355996.0171897
  start: 1685355852.1481168
