event_sleeping:
  end: 1685354826.0120764
  start: 1685354682.1670697
