event_sleeping:
  end: 1685353851.0377777
  start: 1685353707.1645806
