event_sleeping:
  end: 1685352290.9966626
  start: 1685352235.9470336
