event_sleeping:
  end: 1685354241.0302608
  start: 1685354097.1457598
