event_sleeping:
  end: 1685353461.0200498
  start: 1685353317.178761
