event_sleeping:
  end: 1685352875.9960792
  start: 1685352537.1854806
