event_sleeping:
  end: 1685355801.01382
  start: 1685355657.0944636
