event_sleeping:
  end: 1685352486.040778
  start: 1685352341.8441055
