event_sleeping:
  end: 1685354435.9947789
  start: 1685354292.196528
