event_sleeping:
  end: 1683482344.5074983
  start: 1683482110.6844075
