event_sleeping:
  end: 1683484117.103504
  start: 1683483975.8522892
