event_sleeping:
  end: 1683483634.5678506
  start: 1683483085.7556643
