event_sleeping:
  end: 1683482057.0072083
  start: 1683482025.8178904
