event_sleeping:
  end: 1683483922.1034255
  start: 1683483688.3387144
