event_sleeping:
  end: 1683481099.6076236
  start: 1683480958.2927701
