event_sleeping:
  end: 1683480497.1127348
  start: 1683480107.0211043
