event_sleeping:
  end: 1683482947.1054122
  start: 1683482713.286828
