event_sleeping:
  end: 1683484507.1077063
  start: 1683484365.8060825
