event_sleeping:
  end: 1683484312.057748
  start: 1683484170.8176677
