event_sleeping:
  end: 1683480904.5416658
  start: 1683480763.2750342
