event_sleeping:
  end: 1683481759.6058424
  start: 1683481543.410596
