event_sleeping:
  end: 1683482464.5378778
  start: 1683482398.3250859
