event_sleeping:
  end: 1683482659.5502915
  start: 1683482518.3047562
