event_sleeping:
  end: 1683480709.5196745
  start: 1683480550.8403237
