event_sleeping:
  end: 1683481489.6035743
  start: 1683481153.33423
