event_sleeping:
  end: 1683483032.037422
  start: 1683483000.8713958
