event_sleeping:
  end: 1683481972.1035123
  start: 1683481813.3398428
