event_sleeping:
  end: 1683480107.012192
  start: 1683480107.012149
