event_sleeping:
  end: 1683481387.1035497
  start: 1683481135.7950091
