event_sleeping:
  end: 1683481082.1033447
  start: 1683480838.2742913
