event_sleeping:
  end: 1683482252.1067193
  start: 1683482128.3446147
