event_sleeping:
  end: 1683481879.5435736
  start: 1683481830.819738
