event_sleeping:
  end: 1683480784.5274777
  start: 1683480660.789778
