event_sleeping:
  end: 1683482642.1034956
  start: 1683482500.8326874
