event_sleeping:
  end: 1683480319.5548503
  start: 1683480160.8138764
