event_sleeping:
  end: 1683484007.0552108
  start: 1683483958.3089767
