event_sleeping:
  end: 1683481777.0877721
  start: 1683481525.797597
