event_sleeping:
  end: 1683482074.6022737
  start: 1683481933.2886958
