event_sleeping:
  end: 1683480607.0715256
  start: 1683480373.3120387
