event_sleeping:
  end: 1683484507.1035852
  start: 1683484348.3494418
