event_sleeping:
  end: 1683481472.0354512
  start: 1683481440.8616886
