event_sleeping:
  end: 1683482447.0896778
  start: 1683482305.8609495
