event_sleeping:
  end: 1683483904.527506
  start: 1683482890.8327062
