event_sleeping:
  end: 1683484294.5451005
  start: 1683484060.8063684
