event_sleeping:
  end: 1683482837.1033792
  start: 1683482695.8179958
