event_sleeping:
  end: 1683483812.103481
  start: 1683483476.0302036
