event_sleeping:
  end: 1683484702.1005924
  start: 1683484468.593838
