event_sleeping:
  end: 1683480784.602278
  start: 1683480160.8140385
