event_sleeping:
  end: 1683483032.0375059
  start: 1683483001.1601179
