event_sleeping:
  end: 1683482344.5079253
  start: 1683482111.081204
