event_sleeping:
  end: 1683482057.0514076
  start: 1683482008.627653
