event_sleeping:
  end: 1683480107.018675
  start: 1683480107.0182989
