event_sleeping:
  end: 1683483422.031647
  start: 1683483086.0523875
