event_sleeping:
  end: 1683482734.6075172
  start: 1683482611.1544795
