event_sleeping:
  end: 1683484414.5550342
  start: 1683484366.1101704
