event_sleeping:
  end: 1683484312.0570757
  start: 1683483866.1669445
