event_sleeping:
  end: 1683482557.106646
  start: 1683482398.5310965
