event_sleeping:
  end: 1683481759.60636
  start: 1683481526.0870934
