event_sleeping:
  end: 1683482947.0790706
  start: 1683482788.6564782
