event_sleeping:
  end: 1683481954.603525
  start: 1683481813.7510884
