event_sleeping:
  end: 1683481472.0835197
  start: 1683481153.5616577
