event_sleeping:
  end: 1683480979.538621
  start: 1683480838.6549666
