event_sleeping:
  end: 1683481099.571983
  start: 1683481033.634946
