event_sleeping:
  end: 1683480692.1034882
  start: 1683480550.9304717
