event_sleeping:
  end: 1683482344.6033826
  start: 1683482203.260974
