event_sleeping:
  end: 1683481082.0316718
  start: 1683480940.856498
