event_sleeping:
  end: 1683482149.5515807
  start: 1683481738.3087962
