event_sleeping:
  end: 1683483812.0354607
  start: 1683483780.8575082
