event_sleeping:
  end: 1683482539.5709789
  start: 1683482398.324961
