event_sleeping:
  end: 1683484507.1038532
  start: 1683484365.775754
