event_sleeping:
  end: 1683480497.1035008
  start: 1683480253.354056
