event_sleeping:
  end: 1683481684.5686405
  start: 1683481618.3186824
