event_sleeping:
  end: 1683483227.1036334
  start: 1683482713.296524
