event_sleeping:
  end: 1683484312.056808
  start: 1683483865.7862153
