event_sleeping:
  end: 1683482659.5843496
  start: 1683482593.2924783
