event_sleeping:
  end: 1683481294.5435286
  start: 1683481135.7817562
