event_sleeping:
  end: 1683480199.6020129
  start: 1683480107.0172806
