event_sleeping:
  end: 1683483727.1060753
  start: 1683483280.9464412
