event_sleeping:
  end: 1683480887.1069756
  start: 1683480745.871933
