event_sleeping:
  end: 1683481564.6034706
  start: 1683481348.3220172
