event_sleeping:
  end: 1683483337.1035874
  start: 1683483085.8301113
