event_sleeping:
  end: 1683482362.1035268
  start: 1683482220.856239
