event_sleeping:
  end: 1683484684.6034641
  start: 1683484348.37312
