event_sleeping:
  end: 1683481387.10388
  start: 1683481153.2646556
