event_sleeping:
  end: 1683483829.6036096
  start: 1683483670.7579448
