event_sleeping:
  end: 1683480107.0176888
  start: 1683480107.0176136
