event_sleeping:
  end: 1683482734.5755725
  start: 1683482415.8068836
