event_sleeping:
  end: 1683480412.103491
  start: 1683480160.819677
