event_sleeping:
  end: 1683484294.6035094
  start: 1683483883.3646069
