event_sleeping:
  end: 1683481862.1035376
  start: 1683481635.816361
