event_sleeping:
  end: 1683482837.0396464
  start: 1683482788.3009543
