event_sleeping:
  end: 1683481582.0613155
  start: 1683481440.861116
