event_sleeping:
  end: 1683480497.0375497
  start: 1683480465.8584335
