event_sleeping:
  end: 1683482167.092378
  start: 1683481915.8614998
