event_sleeping:
  end: 1683483617.0075185
  start: 1683483585.8836052
