event_sleeping:
  end: 1683483532.0634649
  start: 1683483390.8653035
