event_sleeping:
  end: 1683483032.1056378
  start: 1683482890.830845
