event_sleeping:
  end: 1683481099.5356138
  start: 1683481050.8460734
