event_sleeping:
  end: 1683480997.103552
  start: 1683480550.7650676
