event_sleeping:
  end: 1683480552.047567
  start: 1683480410.8102195
