event_sleeping:
  end: 1683482307.1036804
  start: 1683482165.776876
