event_sleeping:
  end: 1683483867.103666
  start: 1683483725.734079
