event_sleeping:
  end: 1683480162.0316186
  start: 1683480107.0147555
