event_sleeping:
  end: 1683481137.0580752
  start: 1683480995.7362237
