event_sleeping:
  end: 1683482502.065241
  start: 1683482360.7749913
