event_sleeping:
  end: 1683481332.0852463
  start: 1683481190.7179036
