event_sleeping:
  end: 1683481722.0496166
  start: 1683481580.7001107
