event_sleeping:
  end: 1683480747.0819976
  start: 1683480605.8154624
