event_sleeping:
  end: 1683481527.0401423
  start: 1683481432.9955735
