event_sleeping:
  end: 1683484452.1065931
  start: 1683484310.79425
