event_sleeping:
  end: 1683482112.1034675
  start: 1683481970.7557306
