event_sleeping:
  end: 1683483672.1007912
  start: 1683482945.7299452
