event_sleeping:
  end: 1683482892.0475183
  start: 1683482750.7429614
