event_sleeping:
  end: 1683480357.1037395
  start: 1683480215.8068638
