event_sleeping:
  end: 1683482697.1036086
  start: 1683482555.758133
