event_sleeping:
  end: 1683481917.1035995
  start: 1683481775.7289853
