event_sleeping:
  end: 1683480942.103571
  start: 1683480800.7546792
