event_sleeping:
  end: 1684826506.0134497
  start: 1684826310.9660132
