event_sleeping:
  end: 1684826310.965818
  start: 1684826310.9657981
