event_sleeping:
  end: 1684826386.025057
  start: 1684826310.9656305
