event_sleeping:
  end: 1684826386.0130358
  start: 1684826310.961487
