event_sleeping:
  end: 1684826386.01223
  start: 1684826310.964717
