event_sleeping:
  end: 1684826348.4627633
  start: 1684826310.9662433
