event_sleeping:
  end: 1684826543.4840438
  start: 1684826416.5299485
