event_sleeping:
  end: 1685350308.6756167
  start: 1685350164.6610708
