event_sleeping:
  end: 1685349901.1083372
  start: 1685349867.2454076
