event_sleeping:
  end: 1685351766.0841508
  start: 1685351622.2244074
