event_sleeping:
  end: 1685351868.627022
  start: 1685351817.1946661
