event_sleeping:
  end: 1685349511.175854
  start: 1685349333.5832143
