event_sleeping:
  end: 1685350773.5803337
  start: 1685350359.7744255
