event_sleeping:
  end: 1685349816.1461885
  start: 1685349567.1132507
