event_sleeping:
  end: 1685351571.1520057
  start: 1685351037.2958925
