event_sleeping:
  end: 1685350986.1757007
  start: 1685350824.6546452
