event_sleeping:
  end: 1685352156.1758356
  start: 1685351919.7394774
