event_sleeping:
  end: 1685350113.5919979
  start: 1685349952.1755743
