event_sleeping:
  end: 1685351673.6516802
  start: 1685351334.4208062
