event_sleeping:
  end: 1685351181.1759396
  start: 1685350944.4651804
