event_sleeping:
  end: 1685350893.68088
  start: 1685350554.5098321
