event_sleeping:
  end: 1685351283.623873
  start: 1685351231.9297602
