event_sleeping:
  end: 1685350188.6680884
  start: 1685349951.8707867
