event_sleeping:
  end: 1685349333.5839608
  start: 1685349333.5839405
