event_sleeping:
  end: 1685352046.1029787
  start: 1685351724.4213564
