event_sleeping:
  end: 1685349511.0999985
  start: 1685349393.685273
