event_sleeping:
  end: 1685349901.0760155
  start: 1685349561.9264555
