event_sleeping:
  end: 1685350503.67601
  start: 1685350239.5147572
