event_sleeping:
  end: 1685350206.1719494
  start: 1685350061.972987
