event_sleeping:
  end: 1685350011.171938
  start: 1685349756.971359
