event_sleeping:
  end: 1685351163.6719258
  start: 1685350926.8712997
