event_sleeping:
  end: 1685349706.1274314
  start: 1685349654.522711
