event_sleeping:
  end: 1685350791.159988
  start: 1685350341.8947606
