event_sleeping:
  end: 1685350291.1097407
  start: 1685350256.9943767
