event_sleeping:
  end: 1685350876.092008
  start: 1685350841.9689639
