event_sleeping:
  end: 1685351868.6755998
  start: 1685351622.001204
