event_sleeping:
  end: 1685351571.1523347
  start: 1685351409.4621155
