event_sleeping:
  end: 1685351358.636001
  start: 1685351214.4719234
