event_sleeping:
  end: 1685349603.6758423
  start: 1685349476.94711
