event_sleeping:
  end: 1685349426.1692138
  start: 1685349333.5866327
