event_sleeping:
  end: 1685352046.0937257
  start: 1685351919.5206802
