event_sleeping:
  end: 1685351461.127288
  start: 1685351409.4751182
