event_sleeping:
  end: 1685351358.6721013
  start: 1685351121.9926205
