event_sleeping:
  end: 1685351961.1759589
  start: 1685351799.5036564
