event_sleeping:
  end: 1685350011.1718347
  start: 1685349671.9250743
