event_sleeping:
  end: 1685350773.6718953
  start: 1685350646.9229999
