event_sleeping:
  end: 1685349621.1480477
  start: 1685349459.4582896
