event_sleeping:
  end: 1685351071.1481066
  start: 1685350944.4697309
