event_sleeping:
  end: 1685350401.1758246
  start: 1685350061.9679837
