event_sleeping:
  end: 1685350596.1200416
  start: 1685350451.9603045
