event_sleeping:
  end: 1685351748.671867
  start: 1685351511.9331853
