event_sleeping:
  end: 1685349408.6555061
  start: 1685349333.5904903
