event_sleeping:
  end: 1685350893.6441894
  start: 1685350824.4430306
