event_sleeping:
  end: 1685351376.1046221
  start: 1685351231.919124
