event_sleeping:
  end: 1685351181.176219
  start: 1685350926.8892577
