event_sleeping:
  end: 1685349426.1730502
  start: 1685349333.5908532
