event_sleeping:
  end: 1685350291.1718934
  start: 1685350146.900886
