event_sleeping:
  end: 1685350096.1666362
  start: 1685349561.8666718
