event_sleeping:
  end: 1685351478.576135
  start: 1685351426.8819282
