event_sleeping:
  end: 1685350876.172087
  start: 1685350341.9122005
