event_sleeping:
  end: 1685351961.1757123
  start: 1685351724.4166594
