event_sleeping:
  end: 1685349511.110935
  start: 1685349476.8931913
