event_sleeping:
  end: 1685351673.6841195
  start: 1685351529.3559556
