event_sleeping:
  end: 1685349566.1080148
  start: 1685349421.972137
