event_sleeping:
  end: 1685351516.1759682
  start: 1685351372.303445
