event_sleeping:
  end: 1685350541.113679
  start: 1685350397.235646
