event_sleeping:
  end: 1685349956.1755147
  start: 1685349617.2513106
