event_sleeping:
  end: 1685351711.1756675
  start: 1685351567.3370657
