event_sleeping:
  end: 1685350346.0816646
  start: 1685350202.3144858
