event_sleeping:
  end: 1685350151.1521633
  start: 1685350007.324092
