event_sleeping:
  end: 1685350931.1520836
  start: 1685350787.3236132
