event_sleeping:
  end: 1685351906.0840561
  start: 1685351762.3229246
