event_sleeping:
  end: 1685349371.1137872
  start: 1685349333.5800107
