event_sleeping:
  end: 1685350736.1759555
  start: 1685350592.2834928
