event_sleeping:
  end: 1685351321.1080039
  start: 1685351177.331976
