event_sleeping:
  end: 1685351126.1757128
  start: 1685350982.3103597
