event_sleeping_wait_all:
  end: 1685398677.893933
  start: 1685398534.8482068
