event_sleeping:
  end: 1685398185.3724437
  start: 1685397932.278395
