event_sleeping_wait_all:
  end: 1685399142.882211
  start: 1685398729.8102927
