event_sleeping:
  end: 1685397880.3043375
  start: 1685397685.3034537
