event_sleeping:
  end: 1685398287.8417969
  start: 1685398237.3550365
