event_sleeping:
  end: 1685398482.8824978
  start: 1685398345.7147186
