event_sleeping_wait_all:
  end: 1685399532.8879008
  start: 1685399296.942306
