event_sleeping:
  end: 1685397685.2965264
  start: 1685397685.2961884
