event_sleeping:
  end: 1685398287.8881857
  start: 1685397958.6249325
