event_sleeping_wait_all:
  end: 1685399245.308154
  start: 1685398907.0627975
