event_sleeping_wait_all:
  end: 1685398855.391003
  start: 1685398627.0613685
