event_sleeping_wait_all:
  end: 1685398575.3520894
  start: 1685398339.5289583
