event_sleeping:
  end: 1685397897.7921264
  start: 1685397736.9742074
