event_sleeping:
  end: 1685397795.345481
  start: 1685397685.2998993
