event_sleeping_wait_all:
  end: 1685398557.8914835
  start: 1685398414.5367436
