event_sleeping_wait_all:
  end: 1685399160.34017
  start: 1685398729.5023823
