event_sleeping_wait_all:
  end: 1685399262.8421073
  start: 1685399211.9916704
