event_sleeping:
  end: 1685397990.3967946
  start: 1685397846.9781184
