event_sleeping_wait_all:
  end: 1685398677.8595192
  start: 1685398609.5578914
