event_sleeping:
  end: 1685398362.882345
  start: 1685398127.0116806
