event_sleeping:
  end: 1685398075.323829
  start: 1685398042.0670035
