event_sleeping_wait_all:
  end: 1685398947.8042529
  start: 1685398822.004467
