event_sleeping_wait_all:
  end: 1685398380.3913248
  start: 1685398041.9808943
