event_sleeping_wait_all:
  end: 1685398770.3641212
  start: 1685398432.0020058
