event_sleeping:
  end: 1685397777.8870726
  start: 1685397685.304287
