event_sleeping_wait_all:
  end: 1685397990.3641422
  start: 1685397829.586838
