event_sleeping_wait_all:
  end: 1685399245.3880658
  start: 1685398729.490702
