event_sleeping_wait_all:
  end: 1685399830.3245077
  start: 1685399796.9100635
