event_sleeping:
  end: 1685398465.3913145
  start: 1685397931.925035
