event_sleeping:
  end: 1685397795.345861
  start: 1685397685.3040328
