event_sleeping:
  end: 1685398677.8949842
  start: 1685398516.9802182
