event_sleeping:
  end: 1685397880.3040233
  start: 1685397846.9395294
