event_sleeping_wait_all:
  end: 1685400025.3080406
  start: 1685399881.948839
