event_sleeping_wait_all:
  end: 1685399550.3924654
  start: 1685399296.9420266
