event_sleeping_wait_all:
  end: 1685400312.8879704
  start: 1685400076.9168305
