event_sleeping_wait_all:
  end: 1685399745.340133
  start: 1685399601.9716358
