event_sleeping_wait_all:
  end: 1685399885.3880057
  start: 1685399742.3465326
