event_sleeping:
  end: 1685398325.2962055
  start: 1685397987.3832407
