event_sleeping_wait_all:
  end: 1685399300.3160026
  start: 1685399157.3254652
