event_sleeping:
  end: 1685397740.3465333
  start: 1685397685.2942808
