event_sleeping_wait_all:
  end: 1685400080.2959738
  start: 1685399937.393748
