event_sleeping_wait_all:
  end: 1685399105.339996
  start: 1685398962.3593411
