event_sleeping_wait_all:
  end: 1685400275.2919474
  start: 1685400132.3385606
