event_sleeping:
  end: 1685398715.356217
  start: 1685398572.3339994
