event_sleeping:
  end: 1685398520.3480062
  start: 1685398377.3738372
