event_sleeping_wait_all:
  end: 1685398910.3463643
  start: 1685398767.3554916
