event_sleeping_wait_all:
  end: 1685399690.2977734
  start: 1685399547.3818667
