event_sleeping:
  end: 1685397935.3915002
  start: 1685397792.4383905
