event_sleeping_wait_all:
  end: 1685399495.3560226
  start: 1685399352.3021595
