event_sleeping:
  end: 1685503531.6907537
  start: 1685502929.1039097
