event_sleeping:
  end: 1685503141.6079721
  start: 1685502929.103498
