event_sleeping:
  end: 1685503039.152163
  start: 1685502929.1010807
