event_sleeping:
  end: 1685503021.6862144
  start: 1685502929.10303
