event_sleeping:
  end: 1685502929.1026855
  start: 1685502929.1024067
