event_sleeping:
  end: 1685503709.1692607
  start: 1685502980.6464016
