event_sleeping:
  end: 1685503764.1913795
  start: 1685503621.1968248
