event_sleeping:
  end: 1685502984.1438882
  start: 1685502929.0941536
