event_sleeping:
  end: 1685503569.1910865
  start: 1685503231.1232212
