event_sleeping:
  end: 1685503179.1743326
  start: 1685503035.7823598
