event_sleeping_wait_all:
  end: 1683095891.325735
  start: 1683095747.9202619
