event_sleeping_wait_all:
  end: 1683096848.7487786
  start: 1683096815.4123015
