event_sleeping_wait_all:
  end: 1683096763.7435992
  start: 1683096603.0371218
