event_sleeping:
  end: 1683095288.782609
  start: 1683094898.7266347
