event_sleeping_wait_all:
  end: 1683095501.3157024
  start: 1683095340.430161
