event_sleeping_wait_all:
  end: 1683097136.2237022
  start: 1683096900.4171362
