event_sleeping_wait_all:
  end: 1683095696.2236462
  start: 1683095552.9354732
