event_sleeping:
  end: 1683094898.7224944
  start: 1683094898.7224371
