event_sleeping_wait_all:
  end: 1683095873.8156226
  start: 1683095627.9315345
