event_sleeping_wait_all:
  end: 1683095111.2676382
  start: 1683094950.4290125
