event_sleeping_wait_all:
  end: 1683095576.3156238
  start: 1683095450.4995472
