event_sleeping_wait_all:
  end: 1683096263.8155105
  start: 1683095943.2406437
