event_sleeping_wait_all:
  end: 1683095576.3153605
  start: 1683094950.4585032
