event_sleeping_wait_all:
  end: 1683095771.3157527
  start: 1683095628.3123577
