event_sleeping_wait_all:
  end: 1683095891.2992322
  start: 1683095823.2923245
