event_sleeping:
  end: 1683094991.3090641
  start: 1683094898.7214878
