event_sleeping_wait_all:
  end: 1683096356.3154075
  start: 1683096137.9247775
