event_sleeping_wait_all:
  end: 1683095873.7435539
  start: 1683095730.3553011
