event_sleeping_wait_all:
  end: 1683095288.8200092
  start: 1683095043.0042315
