event_sleeping_wait_all:
  end: 1683096476.2834964
  start: 1683096408.0362108
