event_sleeping_wait_all:
  end: 1683096086.2187853
  start: 1683095925.376113
