event_sleeping_wait_all:
  end: 1683096941.3162327
  start: 1683096527.9194942
