event_sleeping_wait_all:
  end: 1683096958.815638
  start: 1683096705.5205483
