event_sleeping_wait_all:
  end: 1683095203.7276514
  start: 1683094950.4775357
