event_sleeping_wait_all:
  end: 1683095891.2636347
  start: 1683095840.4475527
