event_sleeping_wait_all:
  end: 1683096373.8155231
  start: 1683096230.502417
