event_sleeping:
  end: 1683095928.8155384
  start: 1683095785.435388
