event_sleeping:
  end: 1683096318.7675347
  start: 1683096175.3542726
