event_sleeping:
  end: 1683096708.7594876
  start: 1683096565.5230782
