event_sleeping:
  end: 1683095733.8114629
  start: 1683095590.3192096
