event_sleeping:
  end: 1683095343.8156734
  start: 1683095200.3934996
