event_sleeping_wait_all:
  end: 1683096903.7710693
  start: 1683096760.3402326
