event_sleeping:
  end: 1683471063.3189762
  start: 1683470922.022079
