event_sleeping:
  end: 1683470088.2800913
  start: 1683469677.0515187
