event_sleeping:
  end: 1683471470.7794418
  start: 1683471237.0840669
