event_sleeping:
  end: 1683472158.2795062
  start: 1683471524.5341704
