event_sleeping:
  end: 1683472530.7829294
  start: 1683472389.4875898
