event_sleeping:
  end: 1683470283.216634
  start: 1683470141.9710586
