event_sleeping:
  end: 1683469130.7795315
  start: 1683468879.534769
