event_sleeping:
  end: 1683468825.7795177
  start: 1683468630.6961844
