event_sleeping:
  end: 1683469428.282925
  start: 1683469286.961925
