event_sleeping:
  end: 1683471183.2473173
  start: 1683471117.0094595
