event_sleeping:
  end: 1683469233.1983387
  start: 1683469184.5528052
