event_sleeping:
  end: 1683470868.279456
  start: 1683470336.9812844
