event_sleeping:
  end: 1683472335.7794704
  start: 1683472212.9225268
