event_sleeping:
  end: 1683469623.281176
  start: 1683469482.0471208
