event_sleeping:
  end: 1683468630.6955595
  start: 1683468630.695503
