event_sleeping:
  end: 1683471555.7798223
  start: 1683471414.5281553
