event_sleeping:
  end: 1683470970.7798247
  start: 1683470652.0010147
