event_sleeping:
  end: 1683472530.7827272
  start: 1683472406.9800944
