event_sleeping:
  end: 1683471360.7824285
  start: 1683471024.5170703
