event_sleeping:
  end: 1683472055.7797728
  start: 1683471914.5932193
