event_sleeping:
  end: 1683470190.782721
  start: 1683469854.5526001
