event_sleeping:
  end: 1683471860.7793443
  start: 1683471609.4999533
