event_sleeping:
  end: 1683470478.1999605
  start: 1683470244.5345354
