event_sleeping:
  end: 1683468843.2793665
  start: 1683468684.4869013
