event_sleeping:
  end: 1683472353.200035
  start: 1683472304.5201156
