event_sleeping:
  end: 1683469800.7826784
  start: 1683469574.6571593
