event_sleeping:
  end: 1683469520.7795377
  start: 1683469287.0103984
