event_sleeping:
  end: 1683469233.2795618
  start: 1683468896.9798105
