event_sleeping:
  end: 1683472250.7794955
  start: 1683472110.4338574
