event_sleeping:
  end: 1683470598.2475157
  start: 1683470532.0853891
