event_sleeping:
  end: 1683469020.7114325
  start: 1683468989.8525102
