event_sleeping:
  end: 1683471860.7196248
  start: 1683471414.8329031
