event_sleeping:
  end: 1683469503.2121062
  start: 1683469362.3637338
