event_sleeping:
  end: 1683470868.2798097
  start: 1683470744.743384
