event_sleeping:
  end: 1683473013.2563384
  start: 1683472000.572703
