event_sleeping:
  end: 1683470105.7298276
  start: 1683469677.2626371
