event_sleeping:
  end: 1683471360.7795045
  start: 1683471237.2675812
