event_sleeping:
  end: 1683471945.7275429
  start: 1683471914.8566756
