event_sleeping:
  end: 1683469308.2821786
  start: 1683469074.7633688
