event_sleeping:
  end: 1683468740.7704606
  start: 1683468630.6942508
