event_sleeping:
  end: 1683468935.7799728
  start: 1683468794.7891588
