event_sleeping:
  end: 1683470478.2795067
  start: 1683470262.2736638
