event_sleeping:
  end: 1683469623.2473636
  start: 1683469557.2482898
