event_sleeping:
  end: 1683471183.1994045
  start: 1683470922.3394575
