event_sleeping:
  end: 1683470690.7035842
  start: 1683470532.3468316
