event_sleeping:
  end: 1683470208.2125447
  start: 1683470159.7440903
