event_sleeping:
  end: 1683472335.7276301
  start: 1683472110.4553583
