event_sleeping:
  end: 1683468723.279558
  start: 1683468630.6959598
