event_sleeping:
  end: 1683470673.2809086
  start: 1683470439.4625974
