event_sleeping:
  end: 1683472055.7794785
  start: 1683471804.4587502
