event_sleeping:
  end: 1683470793.2266724
  start: 1683470727.0316925
