event_sleeping:
  end: 1683468935.7795835
  start: 1683468776.9775832
