event_sleeping:
  end: 1683471665.733084
  start: 1683471311.9664488
