event_sleeping:
  end: 1683471063.2796626
  start: 1683470846.9712248
