event_sleeping:
  end: 1683470385.724757
  start: 1683470261.9891584
