event_sleeping:
  end: 1683472640.7826355
  start: 1683472389.4150817
