event_sleeping:
  end: 1683470208.2232814
  start: 1683470142.0133202
