event_sleeping:
  end: 1683470088.2795253
  start: 1683469947.0041974
