event_sleeping:
  end: 1683469325.7795053
  start: 1683468989.4984334
