event_sleeping:
  end: 1683471258.2286437
  start: 1683471116.967245
