event_sleeping:
  end: 1683469893.2701278
  start: 1683469769.4924736
