event_sleeping:
  end: 1683469715.7726102
  start: 1683469379.5421891
