event_sleeping:
  end: 1683471750.7114577
  start: 1683471719.469599
