event_sleeping:
  end: 1683470690.7794774
  start: 1683470549.512504
