event_sleeping:
  end: 1683470190.782516
  start: 1683469677.0174096
