event_sleeping:
  end: 1683468740.7702076
  start: 1683468630.695126
