event_sleeping:
  end: 1683472640.7795503
  start: 1683472406.9827108
