event_sleeping:
  end: 1683471555.7795403
  start: 1683471311.9862382
