event_sleeping:
  end: 1683468825.7136617
  start: 1683468794.515668
