event_sleeping:
  end: 1683472353.2006738
  start: 1683472000.5342705
