event_sleeping:
  end: 1683470775.6834166
  start: 1683470744.526643
