event_sleeping:
  end: 1683471258.2795372
  start: 1683471024.5268824
