event_sleeping:
  end: 1683470970.7795796
  start: 1683470829.441359
