event_sleeping:
  end: 1683470495.7794588
  start: 1683470244.5600119
