event_sleeping:
  end: 1683469410.727505
  start: 1683468879.5394702
