event_sleeping:
  end: 1683471945.6972768
  start: 1683471609.498914
