event_sleeping:
  end: 1683469623.2805667
  start: 1683469464.4821317
