event_sleeping:
  end: 1683472000.7648811
  start: 1683471859.4715464
