event_sleeping:
  end: 1683470050.7737164
  start: 1683469909.4324567
