event_sleeping:
  end: 1683468880.7794268
  start: 1683468739.3250284
