event_sleeping:
  end: 1683469465.7637112
  start: 1683469324.4091594
