event_sleeping:
  end: 1683468685.711561
  start: 1683468630.6901495
