event_sleeping:
  end: 1683470245.7317953
  start: 1683470104.476639
