event_sleeping:
  end: 1683470440.7754624
  start: 1683470347.0486312
