event_sleeping:
  end: 1683469855.7795756
  start: 1683469714.4489458
