event_sleeping:
  end: 1683472390.72757
  start: 1683472249.4237275
