event_sleeping:
  end: 1683471610.739482
  start: 1683471274.361314
