event_sleeping:
  end: 1683471805.7795248
  start: 1683471664.3961732
