event_sleeping:
  end: 1683469270.773252
  start: 1683468934.4098735
