event_sleeping:
  end: 1683472195.723521
  start: 1683472055.2780044
