event_sleeping:
  end: 1683471220.6842196
  start: 1683471079.466977
