event_sleeping:
  end: 1683470830.7790568
  start: 1683470689.433609
