event_sleeping:
  end: 1683469660.7795842
  start: 1683469519.4367588
