event_sleeping:
  end: 1683470635.779567
  start: 1683470494.4608102
