event_sleeping:
  end: 1683471025.7732916
  start: 1683470884.4621987
