event_sleeping_wait_all:
  end: 1683092518.8435757
  start: 1683092485.566371
