event_sleeping_wait_all:
  end: 1683093976.3676074
  start: 1683093850.5212684
