event_sleeping_wait_all:
  end: 1683093213.912979
  start: 1683092960.49456
