event_sleeping_wait_all:
  end: 1683093798.942601
  start: 1683093655.496959
