event_sleeping_wait_all:
  end: 1683092908.8434474
  start: 1683092875.502435
