event_sleeping:
  end: 1683091636.3522015
  start: 1683091400.5082805
