event_sleeping:
  end: 1683090763.916955
  start: 1683090568.8244073
