event_sleeping_wait_all:
  end: 1683093603.8875618
  start: 1683093350.5313854
