event_sleeping:
  end: 1683091153.8434556
  start: 1683091120.591706
