event_sleeping_wait_all:
  end: 1683094096.4116602
  start: 1683093833.1787708
