event_sleeping_wait_all:
  end: 1683091933.9074864
  start: 1683091790.4954355
