event_sleeping_wait_all:
  end: 1683093586.4114313
  start: 1683093173.039865
