event_sleeping_wait_all:
  end: 1683093781.391722
  start: 1683093638.1116633
