event_sleeping_wait_all:
  end: 1683092518.9132237
  start: 1683092375.5648217
