event_sleeping_wait_all:
  end: 1683091653.91138
  start: 1683091400.508016
