event_sleeping_wait_all:
  end: 1683092323.9115505
  start: 1683092180.4173338
