event_sleeping_wait_all:
  end: 1683092731.4116402
  start: 1683092570.4852595
