event_sleeping_wait_all:
  end: 1683092146.4114983
  start: 1683091985.7598484
