event_sleeping_wait_all:
  end: 1683091653.8671074
  start: 1683091205.8114378
