event_sleeping_wait_all:
  end: 1683091738.8446465
  start: 1683091705.7931962
