event_sleeping_wait_all:
  end: 1683093493.911379
  start: 1683093350.9142284
