event_sleeping:
  end: 1683091051.3116746
  start: 1683090925.8693182
