event_sleeping_wait_all:
  end: 1683094486.4117413
  start: 1683094130.9263542
