event_sleeping_wait_all:
  end: 1683093781.4274542
  start: 1683093545.910294
