event_sleeping:
  end: 1683091636.3528457
  start: 1683091510.506761
