event_sleeping_wait_all:
  end: 1683093018.9114618
  start: 1683092765.5745697
