event_sleeping_wait_all:
  end: 1683093901.3597546
  start: 1683093850.7136054
