event_sleeping_wait_all:
  end: 1683093798.9114761
  start: 1683093545.4474323
