event_sleeping_wait_all:
  end: 1683092043.89556
  start: 1683091688.096795
