event_sleeping_wait_all:
  end: 1683093408.876801
  start: 1683093247.969876
