event_sleeping:
  end: 1683090873.9117422
  start: 1683090730.524825
