event_sleeping_wait_all:
  end: 1683091246.4133806
  start: 1683091120.614981
