event_sleeping_wait_all:
  end: 1683094756.4076421
  start: 1683094520.5404434
