event_sleeping_wait_all:
  end: 1683091458.8968642
  start: 1683091298.2653613
