event_sleeping_wait_all:
  end: 1683094078.8671665
  start: 1683093935.5421793
