event_sleeping_wait_all:
  end: 1683091068.9118023
  start: 1683090908.0066216
