event_sleeping_wait_all:
  end: 1683093781.4281192
  start: 1683093265.5046637
