event_sleeping_wait_all:
  end: 1683092518.8434591
  start: 1683092485.5587952
