event_sleeping:
  end: 1683090818.9076586
  start: 1683090568.818907
