event_sleeping_wait_all:
  end: 1683094718.911444
  start: 1683094575.4597201
