event_sleeping:
  end: 1683093353.9116137
  start: 1683093210.5353525
