event_sleeping:
  end: 1683093158.8833928
  start: 1683092820.5326447
