event_sleeping:
  end: 1683091013.867147
  start: 1683090870.4613829
