event_sleeping_wait_all:
  end: 1683094133.9115417
  start: 1683093990.4700098
