event_sleeping:
  end: 1683091403.9115212
  start: 1683091260.5225458
