event_sleeping:
  end: 1685371069.6142645
  start: 1685370925.7693906
