event_sleeping:
  end: 1685371264.7184887
  start: 1685371120.7356584
