event_sleeping:
  end: 1685371729.6580153
  start: 1685371315.782284
