event_sleeping:
  end: 1685371924.6880896
  start: 1685371780.7422493
