event_sleeping:
  end: 1685370874.7079692
  start: 1685370713.3057096
