event_sleeping:
  end: 1685370662.2119865
  start: 1685370272.1321192
