event_sleeping:
  end: 1685370272.1223571
  start: 1685370272.1222608
