event_sleeping:
  end: 1685371552.207504
  start: 1685371297.9964986
