event_sleeping:
  end: 1685370874.6655295
  start: 1685370822.9473271
