event_sleeping:
  end: 1685371942.2140255
  start: 1685371687.9600503
