event_sleeping:
  end: 1685371637.1479936
  start: 1685371602.9855316
