event_sleeping:
  end: 1685370772.127908
  start: 1685370535.4426985
