event_sleeping:
  end: 1685371247.1520603
  start: 1685370925.4742453
