event_sleeping:
  end: 1685370484.6360922
  start: 1685370322.9203057
