event_sleeping:
  end: 1685371264.6928077
  start: 1685371195.4830072
