event_sleeping:
  end: 1685370272.1257124
  start: 1685370272.1252592
