event_sleeping:
  end: 1685371637.2119832
  start: 1685371315.4922717
