event_sleeping:
  end: 1685372119.7137625
  start: 1685371900.4829493
