event_sleeping:
  end: 1685371849.6835856
  start: 1685371688.030692
