event_sleeping:
  end: 1685370949.6281037
  start: 1685370322.9208755
