event_sleeping:
  end: 1685371144.668135
  start: 1685371000.4052527
