event_sleeping:
  end: 1685371849.6833122
  start: 1685371780.511105
