event_sleeping:
  end: 1685370364.7120552
  start: 1685370272.129726
