event_sleeping:
  end: 1685371247.1922095
  start: 1685371103.0276978
