event_sleeping:
  end: 1685370857.1800718
  start: 1685370713.0320861
