event_sleeping:
  end: 1685370662.2125723
  start: 1685370415.524246
