event_sleeping:
  end: 1685371729.7118864
  start: 1685371585.5004756
