event_sleeping:
  end: 1685372314.71389
  start: 1685371900.482163
