event_sleeping:
  end: 1685371534.7139564
  start: 1685371297.9958453
