event_sleeping:
  end: 1685371052.213751
  start: 1685370907.9953167
