event_sleeping:
  end: 1685372027.2140176
  start: 1685371797.8502014
