event_sleeping:
  end: 1685371552.1821954
  start: 1685371315.3806522
