event_sleeping:
  end: 1685370577.2152746
  start: 1685370322.919252
