event_sleeping:
  end: 1685370272.1312315
  start: 1685370272.131207
