event_sleeping:
  end: 1685371747.1263547
  start: 1685371602.9170895
