event_sleeping:
  end: 1685371264.6567438
  start: 1685371212.9581811
