event_sleeping:
  end: 1685371162.2139556
  start: 1685370712.8777583
