event_sleeping:
  end: 1685370662.1482606
  start: 1685370627.9614308
