event_sleeping:
  end: 1685371497.1479416
  start: 1685371353.3640974
