event_sleeping:
  end: 1685371107.1481419
  start: 1685370963.2997184
