event_sleeping:
  end: 1685371887.212702
  start: 1685371743.3151422
