event_sleeping:
  end: 1685370717.2031953
  start: 1685370573.2851691
