event_sleeping:
  end: 1685370522.1605592
  start: 1685370378.0304558
