event_sleeping:
  end: 1685370327.151968
  start: 1685370272.118937
