event_sleeping:
  end: 1685370912.139944
  start: 1685370768.3993244
