event_sleeping:
  end: 1685371302.2040517
  start: 1685371158.3176641
