event_sleeping:
  end: 1685371692.214082
  start: 1685371548.3057318
