event_sleeping:
  end: 1685504277.1419253
  start: 1685504082.1424456
