event_sleeping:
  end: 1685504082.1405537
  start: 1685504082.1404872
