event_sleeping:
  end: 1685504259.666317
  start: 1685504145.4327168
