event_sleeping:
  end: 1685504174.7265987
  start: 1685504082.1418583
