event_sleeping:
  end: 1685504174.725957
  start: 1685504082.1427162
