event_sleeping:
  end: 1685504174.7263577
  start: 1685504082.1421998
