event_sleeping:
  end: 1685504314.6440902
  start: 1685504171.362775
