event_sleeping:
  end: 1685504119.672895
  start: 1685504082.1378224
