event_sleeping_wait_all:
  end: 1684861350.7631633
  start: 1684861300.261954
