event_sleeping:
  end: 1684861248.3128464
  start: 1684861018.698887
