event_sleeping:
  end: 1684860960.8122158
  start: 1684860765.7263443
