event_sleeping:
  end: 1684860765.719545
  start: 1684860765.7194588
