event_sleeping:
  end: 1684860960.735864
  start: 1684860828.68208
