event_sleeping_wait_all:
  end: 1684861350.8118706
  start: 1684861012.409016
