event_sleeping_wait_all:
  end: 1684861425.8120615
  start: 1684861189.9507973
