event_sleeping_wait_all:
  end: 1684861035.8124735
  start: 1684860892.3611577
