event_sleeping_wait_all:
  end: 1684861138.2519627
  start: 1684861087.4699132
