event_sleeping:
  end: 1684860840.7363515
  start: 1684860765.7262368
