event_sleeping:
  end: 1684860840.7946734
  start: 1684860765.7260077
