event_sleeping_wait_all:
  end: 1684861425.7359326
  start: 1684861104.9708142
