event_sleeping_wait_all:
  end: 1684861053.2968135
  start: 1684860892.407376
