event_sleeping_wait_all:
  end: 1684860960.7799027
  start: 1684860892.3530452
