event_sleeping_wait_all:
  end: 1684861545.7565715
  start: 1684861012.354099
