event_sleeping:
  end: 1684860840.7358873
  start: 1684860765.7256804
