event_sleeping:
  end: 1684860803.252164
  start: 1684860765.716961
