event_sleeping_wait_all:
  end: 1684861583.220702
  start: 1684861440.3525465
