event_sleeping:
  end: 1684860998.2681901
  start: 1684860855.3264112
