event_sleeping:
  end: 1684861388.3128233
  start: 1684861050.3075063
