event_sleeping:
  end: 1684824006.8999224
  start: 1684823829.3131144
