event_sleeping:
  end: 1684823829.3113444
  start: 1684823829.3104918
