event_sleeping:
  end: 1684823921.8959332
  start: 1684823829.311866
