event_sleeping:
  end: 1684823904.3800511
  start: 1684823829.312191
