event_sleeping:
  end: 1684823921.8520582
  start: 1684823829.308184
