event_sleeping:
  end: 1684823866.8424804
  start: 1684823829.3112671
