event_sleeping:
  end: 1684824061.8040125
  start: 1684823923.1894853
