event_sleeping:
  end: 1686181987.239728
  start: 1686181435.8090074
