event_sleeping:
  end: 1686180324.8287795
  start: 1686180163.322787
