event_sleeping:
  end: 1686181299.8275626
  start: 1686181063.4150572
