event_sleeping:
  end: 1686179917.3121135
  start: 1686179503.325787
