event_sleeping:
  end: 1686180892.3274653
  start: 1686180748.426345
