event_sleeping:
  end: 1686181384.7440245
  start: 1686181350.8424125
