event_sleeping:
  end: 1686181012.3126378
  start: 1686180943.3476217
