event_sleeping:
  end: 1686180409.7644463
  start: 1686180375.8905516
