event_sleeping:
  end: 1686179257.2778192
  start: 1686179113.3940592
