event_sleeping:
  end: 1686182274.735031
  start: 1686182038.320465
