event_sleeping:
  end: 1686179452.2386773
  start: 1686179308.3940954
