event_sleeping:
  end: 1686178849.8309445
  start: 1686178459.7435918
