event_sleeping:
  end: 1686180697.3275595
  start: 1686180460.8110108
