event_sleeping:
  end: 1686179062.3277144
  start: 1686178902.1561775
