event_sleeping:
  end: 1686180112.2436337
  start: 1686179968.4502673
