event_sleeping:
  end: 1686180307.3370023
  start: 1686180180.847248
