event_sleeping:
  end: 1686179739.7773077
  start: 1686179485.8905802
