event_sleeping:
  end: 1686180994.8301258
  start: 1686180850.9132106
