event_sleeping:
  end: 1686178672.2716231
  start: 1686178510.5521252
