event_sleeping:
  end: 1686179434.8036578
  start: 1686179113.3049219
