event_sleeping:
  end: 1686180604.8155406
  start: 1686180478.3191698
