event_sleeping:
  end: 1686179824.7411036
  start: 1686179790.857264
