event_sleeping:
  end: 1686179062.2487612
  start: 1686179010.864916
