event_sleeping:
  end: 1686180799.7928715
  start: 1686180655.925747
