event_sleeping:
  end: 1686182182.2566047
  start: 1686181240.8971174
