event_sleeping:
  end: 1686181189.8276308
  start: 1686181045.9135036
