event_sleeping:
  end: 1686180129.7555914
  start: 1686179875.8064358
