event_sleeping:
  end: 1686178959.827399
  start: 1686178723.3395019
