event_sleeping:
  end: 1686178459.739222
  start: 1686178459.7390442
