event_sleeping:
  end: 1686182359.8235948
  start: 1686182233.2920752
