event_sleeping:
  end: 1686179137.311569
  start: 1686178510.526418
