event_sleeping:
  end: 1686182664.8308346
  start: 1686182215.8425004
