event_sleeping:
  end: 1686181012.2818296
  start: 1686180960.8836951
