event_sleeping:
  end: 1686181774.8196974
  start: 1686181435.8460784
