event_sleeping:
  end: 1686178459.7379994
  start: 1686178459.7379575
