event_sleeping:
  end: 1686181384.7435734
  start: 1686181350.8060827
