event_sleeping:
  end: 1686180909.7877214
  start: 1686180748.3884838
