event_sleeping:
  end: 1686179452.2964423
  start: 1686179383.42037
