event_sleeping:
  end: 1686179332.309438
  start: 1686179188.408766
