event_sleeping:
  end: 1686180409.73568
  start: 1686180358.3662024
