event_sleeping:
  end: 1686181299.7560198
  start: 1686181063.3563159
