event_sleeping:
  end: 1686182164.7641487
  start: 1686181825.9240918
