event_sleeping:
  end: 1686180697.268063
  start: 1686180460.8098543
