event_sleeping:
  end: 1686180037.327703
  start: 1686179875.8032622
