event_sleeping:
  end: 1686180307.3075914
  start: 1686180088.4220002
