event_sleeping:
  end: 1686179824.7709763
  start: 1686179503.3284042
