event_sleeping:
  end: 1686180892.273741
  start: 1686180673.4141016
