event_sleeping:
  end: 1686179044.827497
  start: 1686178900.8874068
