event_sleeping:
  end: 1686182164.7640164
  start: 1686182130.849177
