event_sleeping:
  end: 1686178552.303664
  start: 1686178459.739673
