event_sleeping:
  end: 1686180502.2796268
  start: 1686180088.368373
