event_sleeping:
  end: 1686181087.3247902
  start: 1686180943.3342872
