event_sleeping:
  end: 1686179434.832447
  start: 1686179290.8433022
