event_sleeping:
  end: 1686179722.3148053
  start: 1686179485.891291
