event_sleeping:
  end: 1686182664.8301823
  start: 1686182215.825518
