event_sleeping:
  end: 1686179239.7599487
  start: 1686179095.9308162
