event_sleeping:
  end: 1686182079.7436264
  start: 1686181630.895652
