event_sleeping:
  end: 1686180037.2955413
  start: 1686179968.4143953
