event_sleeping:
  end: 1686178849.830318
  start: 1686178603.4127502
