event_sleeping:
  end: 1686180622.299183
  start: 1686180553.3600826
