event_sleeping:
  end: 1686179917.3127391
  start: 1686179773.412403
