event_sleeping:
  end: 1686181579.7838383
  start: 1686181138.4538267
