event_sleeping:
  end: 1686179739.8275921
  start: 1686179503.194693
