event_sleeping:
  end: 1686181689.8274302
  start: 1686181435.7598128
