event_sleeping:
  end: 1686181087.3245182
  start: 1686180765.8127909
