event_sleeping:
  end: 1686181969.7643085
  start: 1686181935.7968886
