event_sleeping:
  end: 1686180519.8303168
  start: 1686180265.7714334
