event_sleeping:
  end: 1686178459.738871
  start: 1686178459.738813
