event_sleeping:
  end: 1686181189.7355366
  start: 1686181138.3271918
