event_sleeping:
  end: 1686179934.8009264
  start: 1686179790.8377104
