event_sleeping:
  end: 1686182647.3301196
  start: 1686182233.276386
