event_sleeping:
  end: 1686181384.743788
  start: 1686181240.7127922
