event_sleeping:
  end: 1686180714.8236024
  start: 1686180570.8139875
