event_sleeping:
  end: 1686178849.746932
  start: 1686178815.7782924
