event_sleeping:
  end: 1686178764.8116474
  start: 1686178510.4730265
