event_sleeping:
  end: 1686181884.8151221
  start: 1686181740.7957008
