event_sleeping:
  end: 1686179349.7852905
  start: 1686178900.7318027
