event_sleeping:
  end: 1686180214.7795756
  start: 1686179985.8009136
