event_sleeping:
  end: 1686182182.258707
  start: 1686182020.786977
