event_sleeping:
  end: 1686179452.2379873
  start: 1686179400.761429
