event_sleeping:
  end: 1686179294.7662132
  start: 1686179150.9037054
