event_sleeping:
  end: 1686180854.8280213
  start: 1686180710.9249277
