event_sleeping:
  end: 1686179879.827546
  start: 1686179735.8458254
