event_sleeping:
  end: 1686180074.8304691
  start: 1686179930.9341578
