event_sleeping:
  end: 1686178514.7836506
  start: 1686178459.7385375
