event_sleeping:
  end: 1686182219.827553
  start: 1686182075.8230748
