event_sleeping:
  end: 1686180464.7771068
  start: 1686180320.8808908
