event_sleeping:
  end: 1686179489.8274019
  start: 1686179345.8328454
