event_sleeping:
  end: 1686179099.8275235
  start: 1686178955.8895547
