event_sleeping:
  end: 1686181244.731693
  start: 1686181100.8644793
