event_sleeping:
  end: 1686179684.7310135
  start: 1686179540.9311068
