event_sleeping:
  end: 1686180269.8303452
  start: 1686180145.9022033
