event_sleeping:
  end: 1686182024.7676346
  start: 1686181295.84288
