event_sleeping:
  end: 1686178904.8302798
  start: 1686178760.8564854
