event_sleeping:
  end: 1686181049.7501295
  start: 1686180905.9222147
