event_sleeping:
  end: 1686178709.7490666
  start: 1686178565.5771046
