event_sleeping:
  end: 1686180659.8275685
  start: 1686180515.8825402
