event_sleeping:
  end: 1684831277.0181808
  start: 1684830674.459734
