event_sleeping:
  end: 1684830887.021132
  start: 1684830674.4318595
