event_sleeping:
  end: 1684830784.464034
  start: 1684830674.422648
