event_sleeping:
  end: 1684830767.0136192
  start: 1684830674.427503
