event_sleeping:
  end: 1684830674.424761
  start: 1684830674.4247427
