event_sleeping:
  end: 1684830729.473399
  start: 1684830674.42299
