event_sleeping:
  end: 1684830924.5080674
  start: 1684830797.43063
