event_sleeping:
  end: 1684831314.5160007
  start: 1684830977.1886084
