event_sleeping:
  end: 1684829706.2118673
  start: 1684829103.6585274
