event_sleeping:
  end: 1684829316.2240198
  start: 1684829103.6571999
