event_sleeping:
  end: 1684829213.640048
  start: 1684829103.6275253
