event_sleeping:
  end: 1684829196.209167
  start: 1684829103.623024
