event_sleeping:
  end: 1684829103.6210923
  start: 1684829103.6209612
