event_sleeping:
  end: 1684829743.715106
  start: 1684829406.4139802
