event_sleeping:
  end: 1684829353.715107
  start: 1684829215.005151
