event_sleeping:
  end: 1684829158.6759105
  start: 1684829103.6296701
