event_sleeping:
  end: 1682994314.53149
  start: 1682993671.1054692
