event_sleeping:
  end: 1682993729.583458
  start: 1682993619.49064
