event_sleeping:
  end: 1682993907.084115
  start: 1682993671.142747
