event_sleeping:
  end: 1682993869.58416
  start: 1682993726.1576886
