event_sleeping:
  end: 1686237327.4856353
  start: 1686237183.5977547
