event_sleeping:
  end: 1686236277.4395208
  start: 1686236226.044098
