event_sleeping:
  end: 1686236667.4359496
  start: 1686236523.5536656
