event_sleeping:
  end: 1686236174.99163
  start: 1686235938.5441923
