event_sleeping:
  end: 1686237132.4929762
  start: 1686236718.5393634
