event_sleeping:
  end: 1686236472.4919286
  start: 1686236328.527136
