event_sleeping:
  end: 1686235887.461702
  start: 1686235692.4012723
