event_sleeping:
  end: 1686237522.4396486
  start: 1686237303.5360005
