event_sleeping:
  end: 1686236277.491397
  start: 1686235938.5454886
