event_sleeping:
  end: 1686236862.4746823
  start: 1686236616.1022964
