event_sleeping:
  end: 1686235692.4000049
  start: 1686235692.399982
