event_sleeping:
  end: 1686237252.4937716
  start: 1686236913.6051116
