event_sleeping:
  end: 1686236564.9895017
  start: 1686236328.5245621
