event_sleeping:
  end: 1686235887.4965851
  start: 1686235743.462401
