event_sleeping:
  end: 1686237252.4642298
  start: 1686237183.567409
