event_sleeping:
  end: 1686237522.4915986
  start: 1686237303.5509772
