event_sleeping:
  end: 1686237132.492352
  start: 1686236718.5468404
