event_sleeping:
  end: 1686235767.4674122
  start: 1686235692.3998332
