event_sleeping:
  end: 1686236352.4500225
  start: 1686236116.0173814
