event_sleeping:
  end: 1686236064.9439735
  start: 1686236013.5115743
