event_sleeping:
  end: 1686235962.399382
  start: 1686235818.502804
