event_sleeping:
  end: 1686236667.4868562
  start: 1686236598.5816567
