event_sleeping:
  end: 1686236547.4635725
  start: 1686236403.5039926
