event_sleeping:
  end: 1686236937.4766216
  start: 1686236793.5822854
