event_sleeping:
  end: 1686237447.4884179
  start: 1686237303.5070252
