event_sleeping:
  end: 1686236352.4915245
  start: 1686236031.07208
