event_sleeping:
  end: 1686235767.4048314
  start: 1686235692.400767
