event_sleeping:
  end: 1686236742.4921782
  start: 1686236403.5637312
