event_sleeping:
  end: 1686235979.9915214
  start: 1686235818.4663105
