event_sleeping:
  end: 1686237252.4316998
  start: 1686237183.5966685
