event_sleeping:
  end: 1686237132.4933462
  start: 1686236988.5747216
