event_sleeping:
  end: 1686236667.4356444
  start: 1686236523.4476218
