event_sleeping:
  end: 1686236472.461475
  start: 1686235938.4332175
