event_sleeping:
  end: 1686237522.4921887
  start: 1686237285.9101481
