event_sleeping:
  end: 1686235767.4334738
  start: 1686235692.4010882
