event_sleeping:
  end: 1686235887.4615798
  start: 1686235818.4460895
