event_sleeping:
  end: 1686237234.919691
  start: 1686236718.425126
