event_sleeping:
  end: 1686236704.9914908
  start: 1686236561.107726
