event_sleeping:
  end: 1686236314.8995185
  start: 1686235976.056093
