event_sleeping:
  end: 1686236509.9928532
  start: 1686236366.0036945
