event_sleeping:
  end: 1686237094.9035017
  start: 1686236951.0878086
