event_sleeping:
  end: 1686235729.9316585
  start: 1686235692.3966768
