event_sleeping:
  end: 1686237289.9683902
  start: 1686237146.0160816
