event_sleeping:
  end: 1686235924.919245
  start: 1686235780.7926013
