event_sleeping:
  end: 1686236899.963662
  start: 1686236756.0852804
