event_sleeping:
  end: 1682984226.703545
  start: 1682983233.125366
