event_sleeping:
  end: 1682984404.2194996
  start: 1682984287.3888981
