event_sleeping:
  end: 1682984301.7197597
  start: 1682983233.1296625
