event_sleeping:
  end: 1682984264.1916142
  start: 1682983233.124406
