event_sleeping:
  end: 1682984654.1675932
  start: 1682984510.8341095
