event_sleeping:
  end: 1683361803.3239095
  start: 1683361169.5611682
