event_sleeping:
  end: 1683361115.8671348
  start: 1683360882.021646
