event_sleeping:
  end: 1683360828.274209
  start: 1683360828.2738123
