event_sleeping:
  end: 1683361005.8677218
  start: 1683360828.2746246
