event_sleeping:
  end: 1683361488.3673267
  start: 1683361272.0869303
