event_sleeping:
  end: 1683361218.3828332
  start: 1683361059.6111102
