event_sleeping:
  end: 1683361005.8281453
  start: 1683360882.3239496
