event_sleeping:
  end: 1683360828.2744706
  start: 1683360828.2744243
