event_sleeping:
  end: 1683361505.8071597
  start: 1683361059.8882482
