event_sleeping:
  end: 1683361413.308703
  start: 1683361347.048252
