event_sleeping:
  end: 1683361683.3675032
  start: 1683361467.0995033
