event_sleeping:
  end: 1683361293.2700791
  start: 1683360957.0018392
