event_sleeping:
  end: 1683360903.2969098
  start: 1683360828.273373
