event_sleeping:
  end: 1683361608.3355439
  start: 1683361272.1169314
