event_sleeping:
  end: 1683361218.351548
  start: 1683360957.08351
