event_sleeping:
  end: 1683360903.3394096
  start: 1683360828.2751513
