event_sleeping:
  end: 1683361255.863606
  start: 1683360919.4291854
