event_sleeping:
  end: 1683360865.7836502
  start: 1683360828.270698
