event_sleeping:
  end: 1683361450.863641
  start: 1683361309.5494576
