event_sleeping:
  end: 1682978442.2184134
  start: 1682978246.1248422
