event_sleeping:
  end: 1682978247.1203444
  start: 1682978246.1287017
