event_sleeping:
  end: 1682978357.1678958
  start: 1682978246.1292639
