event_sleeping:
  end: 1682978357.2309442
  start: 1682978246.1291127
