event_sleeping:
  end: 1682978357.1823132
  start: 1682978246.1275795
