event_sleeping:
  end: 1682978302.12755
  start: 1682978246.1281447
