event_sleeping:
  end: 1682978497.1995668
  start: 1682978353.8418736
