event_sleeping:
  end: 1684016268.7873862
  start: 1684015947.0185988
