event_sleeping:
  end: 1684015023.6956286
  start: 1684014879.6075413
