event_sleeping:
  end: 1684014633.7410247
  start: 1684014031.2049847
