event_sleeping:
  end: 1684018126.2640784
  start: 1684017609.5908737
