event_sleeping:
  end: 1684015201.2517061
  start: 1684015074.482273
