event_sleeping:
  end: 1684016463.787471
  start: 1684016319.5454698
