event_sleeping:
  end: 1684015683.787359
  start: 1684015539.6066535
