event_sleeping:
  end: 1684015488.787706
  start: 1684015252.0458608
