event_sleeping:
  end: 1684017558.767693
  start: 1684017202.0480156
