event_sleeping:
  end: 1684016761.287824
  start: 1684016634.5499916
