event_sleeping:
  end: 1684017151.2179077
  start: 1684017007.0455465
