event_sleeping:
  end: 1684014828.7873805
  start: 1684014685.802634
