event_sleeping:
  end: 1684016956.2875295
  start: 1684016812.0850172
