event_sleeping:
  end: 1684015896.2075937
  start: 1684015734.5893362
