event_sleeping:
  end: 1684016583.7555065
  start: 1684016514.5414407
