event_sleeping:
  end: 1684016956.20038
  start: 1684016922.0257406
