event_sleeping:
  end: 1684017261.2894003
  start: 1684017007.0042074
