event_sleeping:
  end: 1684016371.2580614
  start: 1684016227.0098042
