event_sleeping:
  end: 1684014243.7875373
  start: 1684014031.2037334
