event_sleeping:
  end: 1684016176.2046962
  start: 1684016049.504716
