event_sleeping:
  end: 1684018218.7873328
  start: 1684017804.574854
