event_sleeping:
  end: 1684016566.2873967
  start: 1684016422.0848181
