event_sleeping:
  end: 1684015878.7876768
  start: 1684015557.0482326
