event_sleeping:
  end: 1684017541.2228594
  start: 1684017507.0425038
