event_sleeping:
  end: 1684016871.219523
  start: 1684016617.0782344
