event_sleeping:
  end: 1684014811.2874913
  start: 1684014684.5368245
