event_sleeping:
  end: 1684015998.6987467
  start: 1684015929.6123633
