event_sleeping:
  end: 1684014531.2473698
  start: 1684014294.600204
