event_sleeping:
  end: 1684017753.7874193
  start: 1684017592.0555139
