event_sleeping:
  end: 1684015506.2933226
  start: 1684014862.0876293
