event_sleeping:
  end: 1684017456.242716
  start: 1684017312.0599763
