event_sleeping:
  end: 1684014633.74076
  start: 1684014582.0845497
