event_sleeping:
  end: 1684016268.7319953
  start: 1684016032.012848
