event_sleeping:
  end: 1684017456.2873673
  start: 1684017312.066302
