event_sleeping:
  end: 1684015878.7873638
  start: 1684015659.5426695
