event_sleeping:
  end: 1684014141.2916028
  start: 1684014031.2011364
