event_sleeping:
  end: 1684015608.7406273
  start: 1684015557.07322
