event_sleeping:
  end: 1684017066.2888894
  start: 1684016812.0445087
