event_sleeping:
  end: 1684014708.7194905
  start: 1684014387.0595257
