event_sleeping:
  end: 1684018236.2791424
  start: 1684017507.044577
