event_sleeping:
  end: 1684016583.7012568
  start: 1684016532.0668995
