event_sleeping:
  end: 1684016761.287426
  start: 1684016634.4872453
