event_sleeping:
  end: 1684015506.2926557
  start: 1684015074.5207663
