event_sleeping:
  end: 1684014903.7616394
  start: 1684014759.5078194
