event_sleeping:
  end: 1684015023.7554328
  start: 1684014954.5627854
