event_sleeping:
  end: 1684014336.2879112
  start: 1684014192.0984538
