event_sleeping:
  end: 1684017261.288884
  start: 1684017117.1201844
