event_sleeping:
  end: 1684016481.289677
  start: 1684016319.5099952
