event_sleeping:
  end: 1684015981.226658
  start: 1684015929.6125612
