event_sleeping:
  end: 1684014921.2890775
  start: 1684014472.043647
