event_sleeping:
  end: 1684015608.7372644
  start: 1684015539.6110134
