event_sleeping:
  end: 1684015293.7876399
  start: 1684014972.0461533
