event_sleeping:
  end: 1684018041.2315314
  start: 1684017787.0881398
