event_sleeping:
  end: 1684016761.2199879
  start: 1684016709.5661912
