event_sleeping:
  end: 1684016463.7264788
  start: 1684016244.5939925
