event_sleeping:
  end: 1684016658.788418
  start: 1684016514.5264888
