event_sleeping:
  end: 1684014421.2194512
  start: 1684014387.060411
