event_sleeping:
  end: 1684016073.7845037
  start: 1684015659.545233
