event_sleeping:
  end: 1684014336.25119
  start: 1684014174.566745
