event_sleeping:
  end: 1684015488.7873743
  start: 1684015344.5870519
