event_sleeping:
  end: 1684014123.7834246
  start: 1684014031.2017527
