event_sleeping:
  end: 1684017541.2873626
  start: 1684017397.0755732
