event_sleeping:
  end: 1684017736.2874646
  start: 1684017592.091473
