event_sleeping:
  end: 1684017346.2591484
  start: 1684016812.060169
