event_sleeping:
  end: 1684016193.7556148
  start: 1684016124.5176804
