event_sleeping:
  end: 1684017651.2290287
  start: 1684017507.0655808
