event_sleeping:
  end: 1684015506.2680473
  start: 1684015252.0031896
