event_sleeping:
  end: 1684017456.2877467
  start: 1684017311.9894912
