event_sleeping:
  end: 1684015591.2193937
  start: 1684015556.9891043
