event_sleeping:
  end: 1684014811.2155607
  start: 1684014081.93239
