event_sleeping:
  end: 1684016286.2873917
  start: 1684016032.0122764
