event_sleeping:
  end: 1684017261.2891235
  start: 1684017006.9843915
