event_sleeping:
  end: 1684014031.2042427
  start: 1684014031.2041016
