event_sleeping:
  end: 1684015981.287568
  start: 1684015641.9564993
