event_sleeping:
  end: 1684017753.706075
  start: 1684017701.9698555
