event_sleeping:
  end: 1684016658.7435734
  start: 1684016337.0073373
