event_sleeping:
  end: 1684015201.2877593
  start: 1684015074.5202003
