event_sleeping:
  end: 1684015023.78744
  start: 1684014861.9677947
