event_sleeping:
  end: 1684017931.2155545
  start: 1684017804.4301276
