event_sleeping:
  end: 1684016956.288003
  start: 1684016709.482967
