event_sleeping:
  end: 1684015841.2875881
  start: 1684015719.3589144
