event_sleeping:
  end: 1684017791.2028522
  start: 1684017647.3803859
