event_sleeping:
  end: 1684015061.2742224
  start: 1684014917.279565
