event_sleeping:
  end: 1684014671.2796495
  start: 1684014332.3931067
