event_sleeping:
  end: 1684017011.287503
  start: 1684016672.3280041
