event_sleeping:
  end: 1684017596.2709973
  start: 1684017062.4357975
