event_sleeping:
  end: 1684014086.243569
  start: 1684014031.1983001
