event_sleeping:
  end: 1684016621.1995738
  start: 1684016477.434067
