event_sleeping:
  end: 1684014866.2290163
  start: 1684014722.417255
