event_sleeping:
  end: 1684016036.2876234
  start: 1684015892.386961
