event_sleeping:
  end: 1684015256.2875288
  start: 1684015112.3824713
