event_sleeping:
  end: 1684016426.2889667
  start: 1684016282.3584216
