event_sleeping:
  end: 1684015646.2355905
  start: 1684015502.3892577
