event_sleeping:
  end: 1684015451.2869885
  start: 1684015307.3956037
