event_sleeping:
  end: 1684014281.2876606
  start: 1684014137.1039853
