event_sleeping:
  end: 1684016231.2456274
  start: 1684016087.3480792
