event_sleeping:
  end: 1685750852.5200262
  start: 1685750657.526961
