event_sleeping:
  end: 1685750657.5186782
  start: 1685750657.5184891
