event_sleeping:
  end: 1685750732.5408194
  start: 1685750657.520733
