event_sleeping:
  end: 1685750732.5405135
  start: 1685750657.5256124
