event_sleeping:
  end: 1685750732.5400798
  start: 1685750657.526383
