event_sleeping:
  end: 1685750890.1078649
  start: 1685750746.7547054
