event_sleeping:
  end: 1685750695.0519586
  start: 1685750657.5175278
