event_sleeping:
  end: 1685757247.4841342
  start: 1685756644.9918976
