event_sleeping:
  end: 1685756857.582214
  start: 1685756644.9889154
