event_sleeping:
  end: 1685756755.0380275
  start: 1685756644.988009
