event_sleeping:
  end: 1685756737.5321848
  start: 1685756644.9897118
