event_sleeping:
  end: 1685757425.080141
  start: 1685756696.5860145
