event_sleeping:
  end: 1685756644.9905896
  start: 1685756644.9904938
