event_sleeping:
  end: 1685757480.0021434
  start: 1685757337.0922515
