event_sleeping:
  end: 1685756700.036861
  start: 1685756644.9848921
