event_sleeping:
  end: 1685757285.0803008
  start: 1685756947.0469654
