event_sleeping:
  end: 1685756895.0239775
  start: 1685756751.7273812
