event_sleeping:
  end: 1685758531.6371493
  start: 1685758336.6112525
