event_sleeping:
  end: 1685758514.198785
  start: 1685758399.9367313
