event_sleeping:
  end: 1685758336.6076272
  start: 1685758336.6073394
