event_sleeping:
  end: 1685758429.1939616
  start: 1685758336.6081257
