event_sleeping:
  end: 1685758429.1942532
  start: 1685758336.6095502
