event_sleeping:
  end: 1685758429.193532
  start: 1685758336.611042
