event_sleeping:
  end: 1685758569.148035
  start: 1685758425.809893
