event_sleeping:
  end: 1685758374.1040728
  start: 1685758336.6014705
