event_sleeping:
  end: 1685332790.9902306
  start: 1685332647.1355705
