event_sleeping:
  end: 1685332131.0041459
  start: 1685331987.177497
