event_sleeping:
  end: 1685334258.4880636
  start: 1685334114.6527252
