event_sleeping:
  end: 1685334666.0450838
  start: 1685334309.5844438
