event_sleeping:
  end: 1685332595.9981847
  start: 1685332359.6168659
