event_sleeping:
  end: 1685332308.508093
  start: 1685332182.1192644
