event_sleeping:
  end: 1685333691.0232012
  start: 1685333622.1154928
