event_sleeping:
  end: 1685333571.0360985
  start: 1685333427.1743379
