event_sleeping:
  end: 1685335233.5814114
  start: 1685334717.1449773
