event_sleeping:
  end: 1685331936.0651157
  start: 1685331793.329642
