event_sleeping:
  end: 1685334063.5798712
  start: 1685333919.657015
