event_sleeping:
  end: 1685333868.581503
  start: 1685333742.1239204
