event_sleeping:
  end: 1685333376.0835612
  start: 1685333054.6340957
