event_sleeping:
  end: 1685333003.5779967
  start: 1685332842.0877776
