event_sleeping:
  end: 1685331741.0201252
  start: 1685331138.4987445
