event_sleeping:
  end: 1685331351.0361528
  start: 1685331138.496175
