event_sleeping:
  end: 1685334648.5152671
  start: 1685334614.3191478
