event_sleeping:
  end: 1685331741.0499132
  start: 1685331689.3820882
