event_sleeping:
  end: 1685335326.0519652
  start: 1685334911.8384361
