event_sleeping:
  end: 1685334563.5799637
  start: 1685334419.4219794
