event_sleeping:
  end: 1685334861.0340621
  start: 1685334699.3313189
