event_sleeping:
  end: 1685333478.581435
  start: 1685333334.347163
