event_sleeping:
  end: 1685333283.539964
  start: 1685333156.8300385
