event_sleeping:
  end: 1685331638.58155
  start: 1685331401.8194208
