event_sleeping:
  end: 1685334368.5817924
  start: 1685334114.2947898
