event_sleeping:
  end: 1685331918.5799308
  start: 1685331791.837094
