event_sleeping:
  end: 1685332985.9885798
  start: 1685332664.3459363
