event_sleeping:
  end: 1685333978.581326
  start: 1685333724.3809853
