event_sleeping:
  end: 1685333105.988163
  start: 1685333036.8026202
