event_sleeping:
  end: 1685333673.5814044
  start: 1685333529.3872333
