event_sleeping:
  end: 1685332613.5798588
  start: 1685331969.371828
