event_sleeping:
  end: 1685334063.515381
  start: 1685334029.382197
