event_sleeping:
  end: 1685333588.581388
  start: 1685333426.8638456
