event_sleeping:
  end: 1685334173.5346432
  start: 1685333919.4351919
