event_sleeping:
  end: 1685333088.533123
  start: 1685333036.7995486
