event_sleeping:
  end: 1685335343.58004
  start: 1685334614.305235
