event_sleeping:
  end: 1685332716.0281267
  start: 1685332664.3132129
