event_sleeping:
  end: 1685334563.5442097
  start: 1685334419.4207253
