event_sleeping:
  end: 1685332613.532074
  start: 1685332181.873592
