event_sleeping:
  end: 1685331443.5240607
  start: 1685331299.3220258
