event_sleeping:
  end: 1685333691.0225296
  start: 1685333639.3474705
