event_sleeping:
  end: 1685331248.5151472
  start: 1685331138.4922752
