event_sleeping:
  end: 1685333376.0443468
  start: 1685333139.3303351
