event_sleeping:
  end: 1685332131.069518
  start: 1685332061.8933353
