event_sleeping:
  end: 1685333868.5799177
  start: 1685333741.8258836
