event_sleeping:
  end: 1685331816.0782187
  start: 1685331494.2885933
