event_sleeping:
  end: 1685334368.5815544
  start: 1685334224.355108
