event_sleeping:
  end: 1685332985.9892943
  start: 1685332766.832151
