event_sleeping:
  end: 1685332011.0360832
  start: 1685331866.9144661
