event_sleeping:
  end: 1685332716.0287943
  start: 1685332646.834424
