event_sleeping:
  end: 1685333181.0200768
  start: 1685332766.827096
