event_sleeping:
  end: 1685333766.0479712
  start: 1685333621.911594
