event_sleeping:
  end: 1685334843.579937
  start: 1685334699.355329
