event_sleeping:
  end: 1685331528.5080075
  start: 1685331494.3161747
