event_sleeping:
  end: 1685333868.5079901
  start: 1685333816.839524
