event_sleeping:
  end: 1685331443.5799263
  start: 1685331281.8468103
