event_sleeping:
  end: 1685331231.0440917
  start: 1685331138.488822
