event_sleeping:
  end: 1685333571.0799055
  start: 1685333351.816979
