event_sleeping:
  end: 1685332401.0410116
  start: 1685332079.3686504
