event_sleeping:
  end: 1685333300.9879282
  start: 1685333231.8610983
