event_sleeping:
  end: 1685332028.5721354
  start: 1685331579.3048844
