event_sleeping:
  end: 1685334453.5321007
  start: 1685333919.3529484
