event_sleeping:
  end: 1685332595.9975588
  start: 1685332451.858559
