event_sleeping:
  end: 1685334648.581662
  start: 1685334504.3112164
