event_sleeping:
  end: 1685335148.5080752
  start: 1685334894.4139087
