event_sleeping:
  end: 1685335038.572336
  start: 1685334911.7744246
