event_sleeping:
  end: 1685334368.5812564
  start: 1685334114.3006504
