event_sleeping:
  end: 1685332308.5125659
  start: 1685332181.7504668
