event_sleeping:
  end: 1685333088.5804052
  start: 1685332749.2435582
