event_sleeping:
  end: 1685333766.0482411
  start: 1685333444.3072455
