event_sleeping:
  end: 1685331138.4909694
  start: 1685331138.4909258
