event_sleeping:
  end: 1685334861.0333946
  start: 1685334809.253184
