event_sleeping:
  end: 1685331918.4918835
  start: 1685331189.2203023
