event_sleeping:
  end: 1685332131.004478
  start: 1685331969.206053
