event_sleeping:
  end: 1685332613.5802073
  start: 1685332359.2533858
