event_sleeping:
  end: 1685334063.58018
  start: 1685333816.8205938
