event_sleeping:
  end: 1685334758.5144553
  start: 1685334614.1844952
