event_sleeping:
  end: 1685334563.5040355
  start: 1685334419.3189785
