event_sleeping:
  end: 1685332698.487972
  start: 1685332664.317858
