event_sleeping:
  end: 1685333393.5444648
  start: 1685333139.2985823
