event_sleeping:
  end: 1685332363.580058
  start: 1685332219.7410579
