event_sleeping:
  end: 1685331778.5371537
  start: 1685331439.6777585
