event_sleeping:
  end: 1685331193.5359297
  start: 1685331138.4897811
