event_sleeping:
  end: 1685332168.581713
  start: 1685332024.65218
