event_sleeping:
  end: 1685331973.5321178
  start: 1685331829.6932795
