event_sleeping:
  end: 1685334118.5815642
  start: 1685333779.6378345
