event_sleeping:
  end: 1685331388.5401468
  start: 1685331244.3683898
