event_sleeping:
  end: 1685333728.5080614
  start: 1685333584.7433424
