event_sleeping:
  end: 1685333338.5816178
  start: 1685333194.6881385
