event_sleeping:
  end: 1685332558.4921603
  start: 1685332414.7504075
