event_sleeping:
  end: 1685334898.5813453
  start: 1685334754.6989927
