event_sleeping:
  end: 1685334703.5815783
  start: 1685334169.7633772
