event_sleeping:
  end: 1685333143.527719
  start: 1685332999.6912358
