event_sleeping:
  end: 1685332948.579873
  start: 1685332824.8962388
