event_sleeping:
  end: 1685332753.5798616
  start: 1685332609.6553729
