event_sleeping:
  end: 1685333533.57997
  start: 1685333389.771223
