event_sleeping:
  end: 1684825815.9777298
  start: 1684825425.8962796
