event_sleeping:
  end: 1684825425.8859656
  start: 1684825425.8855736
