event_sleeping:
  end: 1684825638.4601202
  start: 1684825477.54956
