event_sleeping:
  end: 1684826103.4201775
  start: 1684825477.5128179
