event_sleeping:
  end: 1684825425.8844743
  start: 1684825425.8844495
