event_sleeping:
  end: 1684825518.4520125
  start: 1684825425.886379
