event_sleeping:
  end: 1684825730.9763439
  start: 1684825477.494545
