event_sleeping:
  end: 1684825425.8899224
  start: 1684825425.8898237
