event_sleeping:
  end: 1684826260.9762692
  start: 1684826117.940333
