event_sleeping:
  end: 1684826065.9765198
  start: 1684825922.8642843
