event_sleeping:
  end: 1684825675.9640737
  start: 1684825532.592457
