event_sleeping:
  end: 1684825870.9025278
  start: 1684825727.950279
