event_sleeping:
  end: 1684825480.924085
  start: 1684825425.8811467
