event_sleeping:
  end: 1682982587.599567
  start: 1682982374.034572
