event_sleeping:
  end: 1682982485.130369
  start: 1682982374.0360024
