event_sleeping:
  end: 1682982430.0834446
  start: 1682982374.036169
