event_sleeping:
  end: 1682983210.1275244
  start: 1682983077.1172116
