event_sleeping:
  end: 1682983015.127316
  start: 1682982677.3668375
