event_sleeping:
  end: 1684823433.424025
  start: 1684823238.3417115
