event_sleeping:
  end: 1684823238.3321779
  start: 1684823238.332084
