event_sleeping:
  end: 1684823348.3800085
  start: 1684823238.3402472
