event_sleeping:
  end: 1684823348.4269729
  start: 1684823238.3399582
