event_sleeping:
  end: 1684823348.4266186
  start: 1684823238.3338137
