event_sleeping:
  end: 1684823488.4234061
  start: 1684823345.06826
