event_sleeping:
  end: 1684823293.385491
  start: 1684823238.3388405
