event_sleeping:
  end: 1686199362.7914543
  start: 1686199218.8407042
