event_sleeping:
  end: 1686198302.7890964
  start: 1686198141.310996
