event_sleeping:
  end: 1686198090.2156966
  start: 1686197946.313157
