event_sleeping:
  end: 1686197235.221538
  start: 1686197092.3604958
