event_sleeping:
  end: 1686197607.7916298
  start: 1686197481.2744744
