event_sleeping:
  end: 1686199965.23354
  start: 1686199608.8806674
