event_sleeping:
  end: 1686199167.7918432
  start: 1686199041.3363118
