event_sleeping:
  end: 1686199557.7875817
  start: 1686199413.8661563
