event_sleeping:
  end: 1686200532.702396
  start: 1686200016.3470397
