event_sleeping:
  end: 1686197895.2916048
  start: 1686197658.8631563
