event_sleeping:
  end: 1686197430.2838657
  start: 1686197286.293444
