event_sleeping:
  end: 1686197040.287467
  start: 1686196437.7047474
