event_sleeping:
  end: 1686198990.2394814
  start: 1686198921.33015
