event_sleeping:
  end: 1686198675.239721
  start: 1686198353.8687778
