event_sleeping:
  end: 1686198870.2915144
  start: 1686198726.3147514
