event_sleeping:
  end: 1686198582.7916408
  start: 1686198456.3293934
