event_sleeping:
  end: 1686198777.7916858
  start: 1686198633.889392
