event_sleeping:
  end: 1686197217.7916253
  start: 1686197091.3322918
