event_sleeping:
  end: 1686198972.7757049
  start: 1686198828.86042
