event_sleeping:
  end: 1686198285.2712455
  start: 1686197963.8951757
