event_sleeping:
  end: 1686199667.791894
  start: 1686199413.8179126
