event_sleeping:
  end: 1686196937.7355857
  start: 1686196701.3005986
