event_sleeping:
  end: 1686199277.6950233
  start: 1686199023.8816276
