event_sleeping:
  end: 1686200625.2235897
  start: 1686200211.3862524
