event_sleeping:
  end: 1686198405.2237637
  start: 1686198336.341451
