event_sleeping:
  end: 1686197040.2429407
  start: 1686196988.8350785
