event_sleeping:
  end: 1686199947.6995766
  start: 1686199913.806425
