event_sleeping:
  end: 1686200160.2914326
  start: 1686199998.8156269
