event_sleeping:
  end: 1686196650.1996124
  start: 1686196437.703662
