event_sleeping:
  end: 1686199362.7253397
  start: 1686199328.7752461
