event_sleeping:
  end: 1686199862.7434704
  start: 1686199718.856643
