event_sleeping:
  end: 1686197912.7882767
  start: 1686197268.8835995
