event_sleeping:
  end: 1686198015.24237
  start: 1686197963.8794348
