event_sleeping:
  end: 1686198675.2874265
  start: 1686198438.7874475
