event_sleeping:
  end: 1686199667.7914615
  start: 1686199523.779718
