event_sleeping:
  end: 1686197310.2157176
  start: 1686197166.2876444
