event_sleeping:
  end: 1686197912.7875834
  start: 1686197481.3387442
