event_sleeping:
  end: 1686197430.251151
  start: 1686197361.3282564
