event_sleeping:
  end: 1686196742.7915976
  start: 1686196598.7810376
