event_sleeping:
  end: 1686198387.7432714
  start: 1686198336.293816
