event_sleeping:
  end: 1686200642.7276733
  start: 1686199913.8107085
