event_sleeping:
  end: 1686196547.7169197
  start: 1686196437.6986105
