event_sleeping:
  end: 1686198285.2396042
  start: 1686198066.3180315
