event_sleeping:
  end: 1686199862.7715158
  start: 1686199718.9150298
