event_sleeping:
  end: 1686198887.7917538
  start: 1686198726.3703904
