event_sleeping:
  end: 1686198990.2428179
  start: 1686198938.8836753
