event_sleeping:
  end: 1686199167.7914522
  start: 1686199041.335629
