event_sleeping:
  end: 1686197115.2396433
  start: 1686196793.887531
