event_sleeping:
  end: 1686199472.6916277
  start: 1686199218.8394768
