event_sleeping:
  end: 1686198870.210761
  start: 1686198651.2865744
