event_sleeping:
  end: 1686197327.7527435
  start: 1686196878.818506
