event_sleeping:
  end: 1686198015.2397048
  start: 1686197946.3171198
