event_sleeping:
  end: 1686200447.6951573
  start: 1686200193.920916
