event_sleeping:
  end: 1686199752.763578
  start: 1686199218.7819366
