event_sleeping:
  end: 1686196742.7919319
  start: 1686196581.355881
