event_sleeping:
  end: 1686197700.2915757
  start: 1686197378.8512232
