event_sleeping:
  end: 1686199065.191674
  start: 1686198921.325219
