event_sleeping:
  end: 1686199167.7195733
  start: 1686199116.2936094
