event_sleeping:
  end: 1686196530.2477834
  start: 1686196437.7018752
