event_sleeping:
  end: 1686198600.1997225
  start: 1686198531.3285737
