event_sleeping:
  end: 1686196827.7253284
  start: 1686196793.9070256
