event_sleeping:
  end: 1686199947.7915425
  start: 1686199803.8599913
