event_sleeping:
  end: 1686197895.2396536
  start: 1686197751.4106388
