event_sleeping:
  end: 1686200142.7915883
  start: 1686199998.818195
