event_sleeping:
  end: 1686198480.231635
  start: 1686198066.2920005
