event_sleeping:
  end: 1686197912.6972885
  start: 1686197658.7581306
