event_sleeping:
  end: 1686200337.7915459
  start: 1686200211.2649395
