event_sleeping:
  end: 1686197607.7196753
  start: 1686197481.2479699
