event_sleeping:
  end: 1686199667.791644
  start: 1686199413.7522204
