event_sleeping:
  end: 1686199362.7277277
  start: 1686199116.271229
