event_sleeping:
  end: 1686198692.7876863
  start: 1686198438.7892687
