event_sleeping:
  end: 1686200160.2430236
  start: 1686200108.7517314
