event_sleeping:
  end: 1686200057.7915623
  start: 1686199913.8214812
