event_sleeping:
  end: 1686199862.806684
  start: 1686199718.7828176
