event_sleeping:
  end: 1686197997.7255867
  start: 1686197963.6340039
