event_sleeping:
  end: 1686197430.2845545
  start: 1686197268.7726493
