event_sleeping:
  end: 1686198387.7914464
  start: 1686198048.704479
