event_sleeping:
  end: 1686199065.2836146
  start: 1686198743.819899
