event_sleeping:
  end: 1686197217.7914267
  start: 1686196488.4823744
