event_sleeping:
  end: 1686196437.696397
  start: 1686196437.6963727
