event_sleeping:
  end: 1686197857.7356076
  start: 1686197713.778633
