event_sleeping:
  end: 1686197077.6955566
  start: 1686196738.8536608
