event_sleeping:
  end: 1686197662.699568
  start: 1686197518.8962283
