event_sleeping:
  end: 1686196492.7467825
  start: 1686196437.6970787
