event_sleeping:
  end: 1686199027.734805
  start: 1686198883.9135401
