event_sleeping:
  end: 1686196687.7197065
  start: 1686196543.5683553
