event_sleeping:
  end: 1686200002.7915554
  start: 1686199468.7999122
