event_sleeping:
  end: 1686198442.7667139
  start: 1686198298.8197808
