event_sleeping:
  end: 1686200197.7915184
  start: 1686200053.9104693
