event_sleeping:
  end: 1686198832.7919562
  start: 1686198688.7959688
