event_sleeping:
  end: 1686198052.711627
  start: 1686197908.8458407
