event_sleeping:
  end: 1686197467.783649
  start: 1686197323.824388
