event_sleeping:
  end: 1686197272.7041984
  start: 1686197128.7858663
