event_sleeping:
  end: 1686198637.6914592
  start: 1686198493.8434212
