event_sleeping:
  end: 1686198247.6956618
  start: 1686198123.8879237
