event_sleeping:
  end: 1686199417.7035239
  start: 1686199078.8463323
