event_sleeping_wait_all:
  end: 1685659844.2899737
  start: 1685659683.8544338
