event_sleeping_wait_all:
  end: 1685658759.3076062
  start: 1685658726.3487456
