event_sleeping_wait_all:
  end: 1685660624.3080356
  start: 1685660481.325955
