event_sleeping_wait_all:
  end: 1685660726.779938
  start: 1685660676.2296276
