event_sleeping_wait_all:
  end: 1685658971.8403022
  start: 1685658811.2566936
