event_sleeping_wait_all:
  end: 1685658674.363897
  start: 1685658421.2993114
