event_sleeping:
  end: 1685658369.371953
  start: 1685658191.7860396
