event_sleeping_wait_all:
  end: 1685659631.8749921
  start: 1685659218.8225596
