event_sleeping_wait_all:
  end: 1685660429.374646
  start: 1685659896.2338321
