event_sleeping_wait_all:
  end: 1685658759.3720713
  start: 1685658420.9931617
