event_sleeping_wait_all:
  end: 1685660531.87212
  start: 1685660193.4765015
