event_sleeping_wait_all:
  end: 1685660141.8254158
  start: 1685660091.009179
