event_sleeping_wait_all:
  end: 1685661099.3719604
  start: 1685660956.075895
