event_sleeping_wait_all:
  end: 1685659046.8655868
  start: 1685658811.0067875
