event_sleeping_wait_all:
  end: 1685660039.3561323
  start: 1685659803.483523
