event_sleeping_wait_all:
  end: 1685658369.3723958
  start: 1685658243.4441483
