event_sleeping:
  end: 1685658191.785635
  start: 1685658191.7853637
