event_sleeping_wait_all:
  end: 1685661386.860183
  start: 1685661151.0178726
