event_sleeping_wait_all:
  end: 1685660904.3680868
  start: 1685660583.5372927
