event_sleeping_wait_all:
  end: 1685659361.8207827
  start: 1685659098.5267892
