event_sleeping_wait_all:
  end: 1685659751.8741066
  start: 1685659413.4819627
