event_sleeping_wait_all:
  end: 1685658869.3724682
  start: 1685658615.9683309
