event_sleeping_wait_all:
  end: 1685660021.8361666
  start: 1685659785.9532773
