event_sleeping_wait_all:
  end: 1685660429.2866323
  start: 1685660268.553261
