event_sleeping_wait_all:
  end: 1685659649.3117993
  start: 1685659200.9670029
