event_sleeping_wait_all:
  end: 1685658564.2921193
  start: 1685658513.510188
