event_sleeping_wait_all:
  end: 1685658461.824097
  start: 1685658336.071808
