event_sleeping_wait_all:
  end: 1685659149.3078353
  start: 1685659116.0190194
