event_sleeping_wait_all:
  end: 1685660216.8720434
  start: 1685660073.5102825
