event_sleeping_wait_all:
  end: 1685659734.3000164
  start: 1685659700.985296
