event_sleeping:
  end: 1685658284.3705306
  start: 1685658191.7840545
