event_sleeping_wait_all:
  end: 1685660726.8733892
  start: 1685660480.9515865
