event_sleeping_wait_all:
  end: 1685659064.3528259
  start: 1685658921.0108726
