event_sleeping_wait_all:
  end: 1685660606.8744574
  start: 1685660370.9578192
