event_sleeping_wait_all:
  end: 1685659751.83872
  start: 1685659683.463941
