event_sleeping_wait_all:
  end: 1685660216.7961156
  start: 1685659981.062628
