event_sleeping_wait_all:
  end: 1685659631.8625543
  start: 1685659505.9729524
