event_sleeping_wait_all:
  end: 1685662184.37476
  start: 1685661931.0251863
