event_sleeping_wait_all:
  end: 1685659929.3718412
  start: 1685659803.5118616
