event_sleeping_wait_all:
  end: 1685661294.2758648
  start: 1685661260.994365
