event_sleeping_wait_all:
  end: 1685659259.3732939
  start: 1685658921.010732
