event_sleeping_wait_all:
  end: 1685659454.2759345
  start: 1685659311.0686076
