event_sleeping_wait_all:
  end: 1685661599.3109941
  start: 1685661345.9377441
