event_sleeping_wait_all:
  end: 1685662946.8658938
  start: 1685662236.0316076
