event_sleeping:
  end: 1685658266.8280296
  start: 1685658191.7836738
