event_sleeping_wait_all:
  end: 1685661209.2880964
  start: 1685660870.9287865
