event_sleeping_wait_all:
  end: 1685658479.2840264
  start: 1685658318.5152733
