event_sleeping_wait_all:
  end: 1685658869.3720837
  start: 1685658530.9226022
