event_sleeping_wait_all:
  end: 1685660319.3080673
  start: 1685660268.466853
