event_sleeping_wait_all:
  end: 1685660819.288091
  start: 1685660658.5234165
