event_sleeping_wait_all:
  end: 1685661879.330257
  start: 1685661650.981157
