event_sleeping_wait_all:
  end: 1685660819.3721411
  start: 1685660583.361431
