event_sleeping_wait_all:
  end: 1685659149.3719091
  start: 1685659005.9340138
