event_sleeping_wait_all:
  end: 1685661116.8417768
  start: 1685660870.949531
