event_sleeping_wait_all:
  end: 1685658954.353879
  start: 1685658420.898639
