event_sleeping_wait_all:
  end: 1685660234.3025286
  start: 1685660090.9670432
