event_sleeping:
  end: 1685658284.3699317
  start: 1685658191.7855349
