event_sleeping_wait_all:
  end: 1685658369.3038132
  start: 1685658335.937237
