event_sleeping_wait_all:
  end: 1685659734.3003294
  start: 1685659200.9672236
