event_sleeping_wait_all:
  end: 1685660531.7822807
  start: 1685660388.4118476
