event_sleeping_wait_all:
  end: 1685660039.3906162
  start: 1685659785.9031472
