event_sleeping_wait_all:
  end: 1685660336.8199716
  start: 1685660285.8752108
