event_sleeping:
  end: 1685659789.3689861
  start: 1685659646.2939508
