event_sleeping:
  end: 1685660374.3746166
  start: 1685660231.3804324
