event_sleeping:
  end: 1685658229.311888
  start: 1685658191.7829218
