event_sleeping_wait_all:
  end: 1685661154.3361983
  start: 1685660816.3538256
