event_sleeping:
  end: 1685659399.3721468
  start: 1685659256.3632383
