event_sleeping_wait_all:
  end: 1685662324.3745198
  start: 1685661986.344552
