event_sleeping_wait_all:
  end: 1685662714.3747015
  start: 1685662571.3966746
