event_sleeping:
  end: 1685659984.2840807
  start: 1685659841.4030879
