event_sleeping_wait_all:
  end: 1685661739.2829716
  start: 1685661596.3649063
