event_sleeping_wait_all:
  end: 1685662519.3718305
  start: 1685662376.4149563
