event_sleeping_wait_all:
  end: 1685661544.3748975
  start: 1685661401.4249516
