event_sleeping:
  end: 1685659204.3718786
  start: 1685659061.3872926
