event_sleeping:
  end: 1685658814.3001301
  start: 1685658476.3628588
