event_sleeping:
  end: 1685658424.348864
  start: 1685658284.9814937
