event_sleeping:
  end: 1685660179.372149
  start: 1685660036.267498
