event_sleeping_wait_all:
  end: 1685661349.372089
  start: 1685661206.3691185
