event_sleeping_wait_all:
  end: 1685661934.2920673
  start: 1685661791.3164523
