event_sleeping:
  end: 1685659009.3320804
  start: 1685658866.2788305
