event_sleeping:
  end: 1685660764.2873032
  start: 1685660621.498556
