event_sleeping:
  end: 1685659594.284108
  start: 1685659451.3635173
