event_sleeping:
  end: 1685660569.368124
  start: 1685660426.35056
