event_sleeping_wait_all:
  end: 1685662909.3719413
  start: 1685662766.3910058
