event_sleeping:
  end: 1685022920.6681232
  start: 1685022725.6501942
