event_sleeping:
  end: 1685024378.2379394
  start: 1685024234.3116128
