event_sleeping:
  end: 1685023225.644111
  start: 1685022971.7921233
