event_sleeping:
  end: 1685023718.2448256
  start: 1685023574.2425106
