event_sleeping:
  end: 1685023328.1480315
  start: 1685023276.751623
