event_sleeping:
  end: 1685023523.152189
  start: 1685023379.1937957
