event_sleeping:
  end: 1685024183.1814547
  start: 1685023769.3204987
