event_sleeping:
  end: 1685022938.2360113
  start: 1685022776.4273546
