event_sleeping:
  end: 1685024285.724453
  start: 1685023946.5361876
