event_sleeping:
  end: 1685023328.2360694
  start: 1685022989.0286086
