event_sleeping:
  end: 1685023615.644395
  start: 1685023379.0305877
