event_sleeping:
  end: 1685023895.7240703
  start: 1685023666.4471128
