event_sleeping:
  end: 1685024573.2378983
  start: 1685024336.5118241
