event_sleeping:
  end: 1685022725.6445153
  start: 1685022725.6444242
