event_sleeping:
  end: 1685023403.1672008
  start: 1685023166.4573252
