event_sleeping:
  end: 1685023115.6716619
  start: 1685023081.5382395
