event_sleeping:
  end: 1685023718.2074187
  start: 1685023648.9878545
