event_sleeping:
  end: 1685024573.2376866
  start: 1685024353.990722
