event_sleeping:
  end: 1685024303.1897047
  start: 1685024251.508261
