event_sleeping:
  end: 1685022835.7399614
  start: 1685022725.6488705
