event_sleeping:
  end: 1685024200.7358606
  start: 1685023769.027172
