event_sleeping:
  end: 1685023598.168132
  start: 1685023454.025843
