event_sleeping:
  end: 1685023030.7381363
  start: 1685022886.524774
