event_sleeping:
  end: 1685023988.1880841
  start: 1685023861.5290892
