event_sleeping:
  end: 1685023810.7314727
  start: 1685023471.5218883
