event_sleeping:
  end: 1685023420.7376492
  start: 1685023081.536255
