event_sleeping:
  end: 1685024183.18995
  start: 1685024039.0080888
