event_sleeping:
  end: 1685023030.737854
  start: 1685022869.0828187
