event_sleeping:
  end: 1685022818.2307112
  start: 1685022725.6500175
