event_sleeping:
  end: 1685024480.700057
  start: 1685024353.9932334
