event_sleeping:
  end: 1685024303.1893294
  start: 1685024234.0133483
