event_sleeping:
  end: 1685023505.737682
  start: 1685022971.4109938
