event_sleeping:
  end: 1685024590.7358806
  start: 1685024336.4699578
