event_sleeping:
  end: 1685023718.207736
  start: 1685023556.4655378
