event_sleeping:
  end: 1685022920.6720822
  start: 1685022886.464687
