event_sleeping:
  end: 1685022835.7356677
  start: 1685022725.6491148
