event_sleeping:
  end: 1685024285.7241874
  start: 1685023768.966262
