event_sleeping:
  end: 1685024340.738161
  start: 1685024196.8762717
