event_sleeping:
  end: 1685022780.6949053
  start: 1685022725.6421766
