event_sleeping:
  end: 1685023755.7359562
  start: 1685023611.8704698
