event_sleeping:
  end: 1685024145.7377532
  start: 1685024001.9084172
