event_sleeping:
  end: 1685023365.6584415
  start: 1685023026.8753622
