event_sleeping:
  end: 1685023950.7358537
  start: 1685023806.8653762
