event_sleeping:
  end: 1685022975.7240133
  start: 1685022831.5696626
