event_sleeping:
  end: 1685023560.7358654
  start: 1685023416.7829063
