event_sleeping:
  end: 1684829022.7960806
  start: 1684828827.761882
