event_sleeping:
  end: 1684828827.764305
  start: 1684828827.7636802
