event_sleeping:
  end: 1684829005.3559456
  start: 1684828879.8393526
