event_sleeping:
  end: 1684828920.3263888
  start: 1684828827.7644212
