event_sleeping:
  end: 1684828920.359021
  start: 1684828827.7649872
