event_sleeping:
  end: 1684828920.3602562
  start: 1684828827.7646818
