event_sleeping:
  end: 1684828865.2943442
  start: 1684828827.7588978
