event_sleeping:
  end: 1684829060.3240159
  start: 1684828916.9936395
