event_sleeping:
  end: 1684822843.8280737
  start: 1684822648.838395
