event_sleeping:
  end: 1684822648.838309
  start: 1684822648.837992
