event_sleeping:
  end: 1684822758.9287128
  start: 1684822648.835938
