event_sleeping:
  end: 1684822758.9280646
  start: 1684822648.8378022
