event_sleeping:
  end: 1684822758.8704908
  start: 1684822648.8376164
