event_sleeping:
  end: 1684822898.8839812
  start: 1684822755.8543313
