event_sleeping:
  end: 1684822703.8360775
  start: 1684822648.8335037
