event_sleeping:
  end: 1685648423.904049
  start: 1685648170.8747973
