event_sleeping:
  end: 1685648118.9438818
  start: 1685647923.8631053
