event_sleeping_wait_all:
  end: 1685649381.4361715
  start: 1685648968.281604
