event_sleeping:
  end: 1685648526.3490205
  start: 1685648475.8683977
