event_sleeping_wait_all:
  end: 1685648916.360074
  start: 1685648773.3535647
