event_sleeping:
  end: 1685648721.3759148
  start: 1685648584.279661
