event_sleeping:
  end: 1685647923.8612998
  start: 1685647923.8609648
