event_sleeping_wait_all:
  end: 1685649483.9439282
  start: 1685649145.6279085
