event_sleeping_wait_all:
  end: 1685649093.943836
  start: 1685648865.625432
