event_sleeping:
  end: 1685648526.4466808
  start: 1685648197.1147711
