event_sleeping_wait_all:
  end: 1685649771.3609707
  start: 1685649535.563096
