event_sleeping_wait_all:
  end: 1685648813.946974
  start: 1685648578.1288843
