event_sleeping:
  end: 1685648136.447203
  start: 1685647975.5160441
