event_sleeping_wait_all:
  end: 1685649501.3667023
  start: 1685649450.5529885
