event_sleeping:
  end: 1685648313.8799837
  start: 1685648280.570911
