event_sleeping:
  end: 1685648033.9480903
  start: 1685647923.8595684
