event_sleeping_wait_all:
  end: 1685648796.3880794
  start: 1685648653.057035
