event_sleeping:
  end: 1685648228.891119
  start: 1685648085.6109087
