event_sleeping_wait_all:
  end: 1685649398.880931
  start: 1685648968.028153
