event_sleeping_wait_all:
  end: 1685648916.3604848
  start: 1685648848.0965939
