event_sleeping_wait_all:
  end: 1685648228.8601096
  start: 1685648068.1151998
