event_sleeping_wait_all:
  end: 1685648618.9468315
  start: 1685648280.524593
