event_sleeping_wait_all:
  end: 1685649186.4339972
  start: 1685649060.6152782
