event_sleeping_wait_all:
  end: 1685649008.9438403
  start: 1685648670.6162279
