event_sleeping:
  end: 1685648016.441475
  start: 1685647923.8625474
