event_sleeping_wait_all:
  end: 1685650263.9470108
  start: 1685650120.4821417
