event_sleeping_wait_all:
  end: 1685650551.4469557
  start: 1685650315.5419116
