event_sleeping:
  end: 1685648033.8841026
  start: 1685647923.8629687
