event_sleeping:
  end: 1685648118.8798683
  start: 1685648085.497836
