event_sleeping:
  end: 1685648916.4439745
  start: 1685648755.4693086
