event_sleeping_wait_all:
  end: 1685649788.9469707
  start: 1685649535.5259054
