event_sleeping_wait_all:
  end: 1685649483.944182
  start: 1685648968.012431
