event_sleeping_wait_all:
  end: 1685649983.9079585
  start: 1685649840.5337503
