event_sleeping:
  end: 1685648703.888037
  start: 1685648170.4696076
