event_sleeping_wait_all:
  end: 1685650068.8799868
  start: 1685650035.5036318
