event_sleeping_wait_all:
  end: 1685650513.8772342
  start: 1685650371.0188198
