event_sleeping_wait_all:
  end: 1685650123.852126
  start: 1685649981.023927
