event_sleeping:
  end: 1685648758.9469247
  start: 1685648615.9731727
