event_sleeping_wait_all:
  end: 1685649343.856126
  start: 1685649200.9671109
