event_sleeping_wait_all:
  end: 1685649148.9015293
  start: 1685649005.9283545
