event_sleeping_wait_all:
  end: 1685650318.946909
  start: 1685650175.8499308
