event_sleeping:
  end: 1685648173.8840868
  start: 1685648030.9542823
