event_sleeping:
  end: 1685648563.8686051
  start: 1685648225.8821297
