event_sleeping_wait_all:
  end: 1685649733.946676
  start: 1685649590.922822
