event_sleeping:
  end: 1685647978.9054615
  start: 1685647923.8536887
