event_sleeping_wait_all:
  end: 1685649928.9415693
  start: 1685649785.962244
