event_sleeping:
  end: 1685648953.924185
  start: 1685648811.0334685
