event_sleeping_wait_all:
  end: 1685649538.872068
  start: 1685649395.9114594
