event_sleeping_wait_all:
  end: 1684918296.3805838
  start: 1684918060.8274553
