event_sleeping_wait_all:
  end: 1684918381.351911
  start: 1684918348.301077
