event_sleeping_wait_all:
  end: 1684918576.418921
  start: 1684918433.2902277
