event_sleeping:
  end: 1684918008.8533792
  start: 1684917813.8276925
