event_sleeping_wait_all:
  end: 1684918771.3240528
  start: 1684918628.313278
