event_sleeping_wait_all:
  end: 1684919253.9189289
  start: 1684918823.2812765
