event_sleeping_wait_all:
  end: 1684919448.8280394
  start: 1684919305.8563247
