event_sleeping_wait_all:
  end: 1684918966.4158978
  start: 1684918738.0938344
