event_sleeping_wait_all:
  end: 1684917991.4160588
  start: 1684917865.5128329
