event_sleeping_wait_all:
  end: 1684919373.916056
  start: 1684919018.0898514
