event_sleeping_wait_all:
  end: 1684918686.4187984
  start: 1684918433.0752697
