event_sleeping_wait_all:
  end: 1684918381.4159045
  start: 1684918043.085409
