event_sleeping:
  end: 1684917813.8267093
  start: 1684917813.8265977
