event_sleeping_wait_all:
  end: 1684918771.3681865
  start: 1684918720.5093963
