event_sleeping_wait_all:
  end: 1684918668.8244867
  start: 1684918525.4970715
