event_sleeping_wait_all:
  end: 1684918101.3688314
  start: 1684917958.0776315
