event_sleeping_wait_all:
  end: 1684918186.3520517
  start: 1684918153.0121624
