event_sleeping_wait_all:
  end: 1684919271.4189236
  start: 1684918823.040799
