event_sleeping_wait_all:
  end: 1684919373.8699024
  start: 1684919323.0396302
