event_sleeping_wait_all:
  end: 1684918473.8308804
  start: 1684918238.0002365
