event_sleeping_wait_all:
  end: 1684919356.3678977
  start: 1684919305.6065676
