event_sleeping_wait_all:
  end: 1684919076.3236613
  start: 1684918933.0808444
