event_sleeping_wait_all:
  end: 1684919253.9196067
  start: 1684919127.9411056
