event_sleeping:
  end: 1684917906.412011
  start: 1684917813.8253567
