event_sleeping_wait_all:
  end: 1684918083.9159157
  start: 1684917958.0599797
