event_sleeping_wait_all:
  end: 1684918491.41895
  start: 1684918135.5155072
