event_sleeping_wait_all:
  end: 1684918881.4186356
  start: 1684918543.0928018
