event_sleeping_wait_all:
  end: 1684919568.8240838
  start: 1684919407.989474
