event_sleeping:
  end: 1684917906.332048
  start: 1684917813.8271213
