event_sleeping_wait_all:
  end: 1684918788.9191387
  start: 1684918645.5595067
