event_sleeping_wait_all:
  end: 1684919643.918666
  start: 1684919407.9581378
