event_sleeping_wait_all:
  end: 1684918593.915981
  start: 1684918060.5212708
