event_sleeping_wait_all:
  end: 1684918008.852597
  start: 1684917957.899911
