event_sleeping_wait_all:
  end: 1684919356.4158602
  start: 1684918840.5037942
