event_sleeping:
  end: 1684918436.4159524
  start: 1684918098.3463123
