event_sleeping:
  end: 1684919411.4190068
  start: 1684919268.426393
