event_sleeping:
  end: 1684918046.3481386
  start: 1684917903.0532582
