event_sleeping:
  end: 1684918826.416015
  start: 1684918683.3709316
