event_sleeping_wait_all:
  end: 1684919606.3480065
  start: 1684919463.4307745
