event_sleeping:
  end: 1684919021.4189746
  start: 1684918878.4584377
