event_sleeping:
  end: 1684919216.343999
  start: 1684919073.4715152
