event_sleeping:
  end: 1684918631.41892
  start: 1684918492.1414425
