event_sleeping:
  end: 1684917851.325405
  start: 1684917813.8252187
