event_sleeping_wait_all:
  end: 1685700738.4860048
  start: 1685700595.4061358
