event_sleeping:
  end: 1685700348.4761853
  start: 1685699745.8970196
