event_sleeping_wait_all:
  end: 1685700543.4799182
  start: 1685700400.4179327
