event_sleeping_wait_all:
  end: 1685700525.8840587
  start: 1685700400.0289814
