event_sleeping_wait_all:
  end: 1685700245.9759755
  start: 1685700010.0783257
