event_sleeping_wait_all:
  end: 1685701220.978695
  start: 1685700577.5571387
