event_sleeping:
  end: 1685699958.4159963
  start: 1685699745.8925486
