event_sleeping_wait_all:
  end: 1685700348.387964
  start: 1685700297.6437016
