event_sleeping_wait_all:
  end: 1685701593.40418
  start: 1685701272.6443856
