event_sleeping:
  end: 1685699855.9553013
  start: 1685699745.889742
