event_sleeping_wait_all:
  end: 1685700738.448171
  start: 1685700670.0514202
