event_sleeping:
  end: 1685700423.4760695
  start: 1685700102.6500907
