event_sleeping:
  end: 1685700050.9760678
  start: 1685699907.6551855
