event_sleeping_wait_all:
  end: 1685700618.3960714
  start: 1685700475.1526515
