event_sleeping_wait_all:
  end: 1685700135.913111
  start: 1685700102.5411766
