event_sleeping_wait_all:
  end: 1685700635.9759758
  start: 1685700187.582345
