event_sleeping:
  end: 1685699838.4747126
  start: 1685699745.889889
