event_sleeping_wait_all:
  end: 1685700050.8801007
  start: 1685699890.112585
