event_sleeping_wait_all:
  end: 1685701008.4760087
  start: 1685700687.6160254
