event_sleeping:
  end: 1685700525.976137
  start: 1685699797.55294
