event_sleeping:
  end: 1685700738.484688
  start: 1685700577.5555205
