event_sleeping:
  end: 1685699745.8908021
  start: 1685699745.8906322
