event_sleeping_wait_all:
  end: 1685701555.9796796
  start: 1685701412.9942687
