event_sleeping:
  end: 1685700775.9401546
  start: 1685700632.9385564
