event_sleeping_wait_all:
  end: 1685701165.8930056
  start: 1685701022.9662821
