event_sleeping:
  end: 1685699995.9264352
  start: 1685699852.973787
