event_sleeping:
  end: 1685699800.9241061
  start: 1685699745.8880265
