event_sleeping:
  end: 1685700580.9314542
  start: 1685700437.9153237
