event_sleeping_wait_all:
  end: 1685701360.9386306
  start: 1685701217.8935022
