event_sleeping:
  end: 1685700385.8840797
  start: 1685700047.9236848
