event_sleeping:
  end: 1685744380.5079942
  start: 1685744202.945856
