event_sleeping:
  end: 1685744202.9457424
  start: 1685744202.9453402
