event_sleeping:
  end: 1685744295.5278869
  start: 1685744202.9445145
