event_sleeping:
  end: 1685744277.9521925
  start: 1685744202.941968
