event_sleeping:
  end: 1685744295.484039
  start: 1685744202.9441707
