event_sleeping:
  end: 1685744435.5159564
  start: 1685744296.7215688
