event_sleeping:
  end: 1685744240.4599237
  start: 1685744202.9451177
