event_sleeping:
  end: 1685705212.4761117
  start: 1685705017.465263
