event_sleeping_wait_all:
  end: 1685705602.4871542
  start: 1685705552.0580313
