event_sleeping:
  end: 1685705500.0521946
  start: 1685705270.4357889
