event_sleeping:
  end: 1685705212.5519288
  start: 1685705080.4176593
