event_sleeping:
  end: 1685705017.4593232
  start: 1685705017.4585865
