event_sleeping_wait_all:
  end: 1685705602.552073
  start: 1685705264.2338088
