event_sleeping_wait_all:
  end: 1685705287.4636838
  start: 1685705144.19593
