event_sleeping:
  end: 1685705092.5452924
  start: 1685705017.4628668
