event_sleeping_wait_all:
  end: 1685705677.5521252
  start: 1685705441.643674
