event_sleeping_wait_all:
  end: 1685705390.0032969
  start: 1685705339.138721
