event_sleeping:
  end: 1685705092.5080554
  start: 1685705017.4645321
