event_sleeping_wait_all:
  end: 1685705677.5001144
  start: 1685705356.7093353
