event_sleeping_wait_all:
  end: 1685705305.0522866
  start: 1685705144.1893852
