event_sleeping_wait_all:
  end: 1685705212.5199265
  start: 1685705144.1263592
