event_sleeping:
  end: 1685705092.5084136
  start: 1685705017.4657812
