event_sleeping_wait_all:
  end: 1685705797.5520988
  start: 1685705264.0935633
