event_sleeping_wait_all:
  end: 1685705834.9882076
  start: 1685705692.0130944
