event_sleeping:
  end: 1685705640.0524127
  start: 1685705301.9678373
