event_sleeping:
  end: 1685705249.960462
  start: 1685705106.9856882
