event_sleeping:
  end: 1685705054.9879496
  start: 1685705017.4553666
