event_sleeping:
  end: 1685494325.5160651
  start: 1685493722.9329674
