event_sleeping_wait_all:
  end: 1685495375.4221435
  start: 1685495232.4248023
