event_sleeping_wait_all:
  end: 1685495180.519968
  start: 1685494944.921531
