event_sleeping_wait_all:
  end: 1685495960.5082045
  start: 1685495639.9335542
