event_sleeping_wait_all:
  end: 1685494520.5082679
  start: 1685494377.4483464
