event_sleeping_wait_all:
  end: 1685494892.9881449
  start: 1685494767.4170828
