event_sleeping_wait_all:
  end: 1685495588.0199244
  start: 1685495427.378661
