event_sleeping_wait_all:
  end: 1685494715.4561057
  start: 1685494572.4489377
