event_sleeping_wait_all:
  end: 1685494502.9641042
  start: 1685494377.073709
