event_sleeping_wait_all:
  end: 1685494223.0159461
  start: 1685493987.2124596
