event_sleeping_wait_all:
  end: 1685494325.4500227
  start: 1685494274.67114
