event_sleeping:
  end: 1685493935.5161092
  start: 1685493722.9270732
