event_sleeping_wait_all:
  end: 1685495570.4840596
  start: 1685495249.6691132
