event_sleeping_wait_all:
  end: 1685495198.0160904
  start: 1685494554.6279795
