event_sleeping_wait_all:
  end: 1685494715.4897254
  start: 1685494647.1335466
