event_sleeping_wait_all:
  end: 1685494027.9960015
  start: 1685493884.6276844
