event_sleeping_wait_all:
  end: 1685495300.46653
  start: 1685495249.6919878
