event_sleeping:
  end: 1685493832.9741051
  start: 1685493722.930617
