event_sleeping_wait_all:
  end: 1685495198.026221
  start: 1685494767.187797
