event_sleeping_wait_all:
  end: 1685494400.5198212
  start: 1685494079.6753757
