event_sleeping_wait_all:
  end: 1685495570.515916
  start: 1685495352.1338375
