event_sleeping_wait_all:
  end: 1685494595.5160973
  start: 1685494452.2053492
