event_sleeping:
  end: 1685493815.5150795
  start: 1685493722.931456
