event_sleeping_wait_all:
  end: 1685494112.9530718
  start: 1685494079.657592
