event_sleeping_wait_all:
  end: 1685494985.4761617
  start: 1685494664.690762
