event_sleeping_wait_all:
  end: 1685494613.0169344
  start: 1685494164.621251
