event_sleeping_wait_all:
  end: 1685495300.467177
  start: 1685495232.1718252
