event_sleeping_wait_all:
  end: 1685495765.5160673
  start: 1685495352.18118
