event_sleeping_wait_all:
  end: 1685495180.520726
  start: 1685495037.1295788
