event_sleeping_wait_all:
  end: 1685494027.9964278
  start: 1685493867.199431
