event_sleeping_wait_all:
  end: 1685494503.0160236
  start: 1685493774.5133607
