event_sleeping_wait_all:
  end: 1685494893.0243316
  start: 1685494767.1591544
