event_sleeping_wait_all:
  end: 1685495282.9530706
  start: 1685495249.5935256
