event_sleeping_wait_all:
  end: 1685494715.5242105
  start: 1685494554.5951016
