event_sleeping:
  end: 1685493722.9313214
  start: 1685493722.9310105
