event_sleeping_wait_all:
  end: 1685495978.0120838
  start: 1685495724.5937812
