event_sleeping_wait_all:
  end: 1685495198.0165207
  start: 1685494944.6097019
