event_sleeping_wait_all:
  end: 1685495672.9779716
  start: 1685495334.575267
