event_sleeping_wait_all:
  end: 1685496350.519911
  start: 1685496029.6173172
