event_sleeping_wait_all:
  end: 1685495923.0194352
  start: 1685495779.9904904
