event_sleeping_wait_all:
  end: 1685495727.946037
  start: 1685495584.9710715
