event_sleeping:
  end: 1685495532.92404
  start: 1685495390.0530677
