event_sleeping:
  end: 1685495143.0073717
  start: 1685494999.8824482
