event_sleeping:
  end: 1685493777.9759133
  start: 1685493722.931795
