event_sleeping:
  end: 1685494947.9319644
  start: 1685494804.9245672
