event_sleeping:
  end: 1685493972.977527
  start: 1685493845.3285224
