event_sleeping:
  end: 1685494558.0160904
  start: 1685494415.0263464
