event_sleeping:
  end: 1685495338.0200307
  start: 1685495195.104973
