event_sleeping_wait_all:
  end: 1685496118.0197055
  start: 1685495975.070598
