event_sleeping:
  end: 1685494363.0198455
  start: 1685494024.9658492
