event_sleeping:
  end: 1685494752.9721994
  start: 1685494610.028003
