event_sleeping_wait_all:
  end: 1685496312.9558785
  start: 1685496170.0130606
