event_sleeping_wait_all:
  end: 1683026087.2475836
  start: 1683025731.441592
