event_sleeping_wait_all:
  end: 1683025197.2463279
  start: 1683025163.8488424
