event_sleeping_wait_all:
  end: 1683025679.8118553
  start: 1683025443.8493257
