event_sleeping_wait_all:
  end: 1683027342.223463
  start: 1683027308.9805844
