event_sleeping_wait_all:
  end: 1683027257.3115141
  start: 1683027003.8767474
