event_sleeping:
  end: 1683023637.3115506
  start: 1683023493.8448167
