event_sleeping:
  end: 1683023442.225034
  start: 1683023442.2246807
