event_sleeping_wait_all:
  end: 1683025112.2189274
  start: 1683024858.9847732
