event_sleeping:
  end: 1683023832.3135657
  start: 1683023688.9074876
