event_sleeping_wait_all:
  end: 1683025697.3194613
  start: 1683025443.8374133
