event_sleeping_wait_all:
  end: 1683025289.8173976
  start: 1683025164.0036893
