event_sleeping:
  end: 1683024222.246625
  start: 1683024189.0189817
