event_sleeping_wait_all:
  end: 1683025782.2434669
  start: 1683025748.9606044
