event_sleeping_wait_all:
  end: 1683025112.2502112
  start: 1683024951.5223868
