event_sleeping:
  end: 1683023942.3223722
  start: 1683023688.883395
