event_sleeping_wait_all:
  end: 1683026562.3211257
  start: 1683026418.9543872
