event_sleeping_wait_all:
  end: 1683025977.2315497
  start: 1683025833.8764784
