event_sleeping:
  end: 1683024509.8075867
  start: 1683024273.8404849
