event_sleeping:
  end: 1683023747.3137121
  start: 1683023493.8196805
