event_sleeping:
  end: 1683023442.2243497
  start: 1683023442.224268
