event_sleeping_wait_all:
  end: 1683025782.252362
  start: 1683025749.2379308
