event_sleeping_wait_all:
  end: 1683025697.3114915
  start: 1683025249.1681695
