event_sleeping_wait_all:
  end: 1683026477.311613
  start: 1683026333.938793
