event_sleeping:
  end: 1683025502.310653
  start: 1683025358.8966436
