event_sleeping:
  end: 1683024722.311477
  start: 1683024468.9009068
