event_sleeping:
  end: 1683024417.2635884
  start: 1683024273.8658755
