event_sleeping_wait_all:
  end: 1683026282.311525
  start: 1683026139.0922642
