event_sleeping_wait_all:
  end: 1683026562.2471962
  start: 1683026528.9478252
