event_sleeping_wait_all:
  end: 1683027062.2859728
  start: 1683026808.9615529
