event_sleeping:
  end: 1683023637.3122504
  start: 1683023442.2260368
