event_sleeping_wait_all:
  end: 1683025289.7836947
  start: 1683025163.8543599
