event_sleeping:
  end: 1683024332.2193427
  start: 1683024189.0249438
