event_sleeping:
  end: 1683023942.3212423
  start: 1683023688.9317546
