event_sleeping_wait_all:
  end: 1683027257.3129518
  start: 1683026614.0720239
