event_sleeping_wait_all:
  end: 1683025679.7596862
  start: 1683025553.9510891
