event_sleeping_wait_all:
  end: 1683024612.2459092
  start: 1683024486.4378169
