event_sleeping:
  end: 1683024472.3136153
  start: 1683024328.915671
