event_sleeping:
  end: 1683026032.3137047
  start: 1683025693.9987488
