event_sleeping:
  end: 1683025252.2928073
  start: 1683025108.974244
