event_sleeping_wait_all:
  end: 1683027397.313706
  start: 1683027253.8967407
