event_sleeping_wait_all:
  end: 1683027982.2555783
  start: 1683027838.913773
