event_sleeping:
  end: 1683026227.2475896
  start: 1683026083.913073
