event_sleeping_wait_all:
  end: 1683027592.3138044
  start: 1683027448.9196756
