event_sleeping_wait_all:
  end: 1683027787.3135314
  start: 1683027643.968821
