event_sleeping:
  end: 1683024862.3114882
  start: 1683024523.9486423
