event_sleeping_wait_all:
  end: 1683026812.2555797
  start: 1683026278.850722
