event_sleeping:
  end: 1686157479.3445222
  start: 1686157242.885601
