event_sleeping:
  end: 1686157191.7920246
  start: 1686156996.7533875
