event_sleeping:
  end: 1686157581.7962034
  start: 1686157530.4012992
