event_sleeping:
  end: 1686157971.8434424
  start: 1686157827.8449798
