event_sleeping:
  end: 1686158436.75216
  start: 1686158022.9235013
