event_sleeping:
  end: 1686158631.7516112
  start: 1686158487.801052
