event_sleeping:
  end: 1686157776.7463038
  start: 1686157632.8601913
