event_sleeping:
  end: 1686156996.7525303
  start: 1686156996.7520092
