event_sleeping:
  end: 1686158166.7596214
  start: 1686157920.3376534
