event_sleeping:
  end: 1686157869.2476404
  start: 1686157632.8590043
