event_sleeping:
  end: 1686158826.7938309
  start: 1686158607.9089537
