event_sleeping:
  end: 1686157191.7917655
  start: 1686157047.839547
