event_sleeping:
  end: 1686157581.7676742
  start: 1686157242.8303373
