event_sleeping:
  end: 1686158556.8438234
  start: 1686158217.8621707
