event_sleeping:
  end: 1686157369.2956243
  start: 1686157317.9014502
