event_sleeping:
  end: 1686158556.811494
  start: 1686158487.912144
