event_sleeping:
  end: 1686157266.7995894
  start: 1686157122.8867757
