event_sleeping:
  end: 1686158436.8436587
  start: 1686158022.8646226
