event_sleeping:
  end: 1686157071.8409595
  start: 1686156996.753804
