event_sleeping:
  end: 1686157851.7596557
  start: 1686157707.9447837
