event_sleeping:
  end: 1686157656.8435133
  start: 1686157420.3422072
