event_sleeping:
  end: 1686158826.7935529
  start: 1686158607.8557186
