event_sleeping:
  end: 1686157971.7836342
  start: 1686157902.843697
