event_sleeping:
  end: 1686158046.8396316
  start: 1686157707.820293
