event_sleeping:
  end: 1686158436.7515855
  start: 1686158292.8438475
