event_sleeping:
  end: 1686157071.7839704
  start: 1686156996.7536213
