event_sleeping:
  end: 1686158556.770875
  start: 1686158487.8017676
