event_sleeping:
  end: 1686158241.7796242
  start: 1686158097.8863108
