event_sleeping:
  end: 1686157284.2956905
  start: 1686157122.822178
