event_sleeping:
  end: 1686158751.8218029
  start: 1686158607.8647304
