event_sleeping:
  end: 1686157656.7763722
  start: 1686157335.3957021
