event_sleeping:
  end: 1686158826.7932675
  start: 1686158590.2995663
