event_sleeping:
  end: 1686158539.32363
  start: 1686158022.8148713
