event_sleeping:
  end: 1686157191.79161
  start: 1686157122.7874937
