event_sleeping:
  end: 1686157971.8441632
  start: 1686157827.788648
