event_sleeping:
  end: 1686157071.7836373
  start: 1686156996.7539754
