event_sleeping:
  end: 1686157776.8441412
  start: 1686157242.7869227
