event_sleeping:
  end: 1686157034.285075
  start: 1686156996.753257
