event_sleeping:
  end: 1686158594.2745678
  start: 1686158450.4776862
