event_sleeping:
  end: 1686158399.3435125
  start: 1686158255.425989
