event_sleeping:
  end: 1686157619.3434927
  start: 1686157280.4212108
