event_sleeping:
  end: 1686158009.2756212
  start: 1686157865.434149
