event_sleeping:
  end: 1686157229.3194416
  start: 1686157085.0928075
