event_sleeping:
  end: 1686157814.343632
  start: 1686157670.4339612
