event_sleeping:
  end: 1686158204.3316154
  start: 1686158060.3646023
