event_sleeping:
  end: 1685624991.471885
  start: 1685624813.881158
