event_sleeping_wait_all:
  end: 1685627246.4746718
  start: 1685627103.4325588
