event_sleeping_wait_all:
  end: 1685626253.9259262
  start: 1685625840.8702142
