event_sleeping_wait_all:
  end: 1685625381.4075654
  start: 1685625348.460967
