event_sleeping_wait_all:
  end: 1685625788.8761768
  start: 1685625645.9614885
