event_sleeping_wait_all:
  end: 1685627348.911965
  start: 1685627298.4268842
