event_sleeping_wait_all:
  end: 1685625296.4752192
  start: 1685625043.4124196
