event_sleeping_wait_all:
  end: 1685627051.4700956
  start: 1685626518.4063861
