event_sleeping_wait_all:
  end: 1685626466.4610028
  start: 1685626305.869282
