event_sleeping_wait_all:
  end: 1685625593.9750662
  start: 1685625433.3602931
