event_sleeping_wait_all:
  end: 1685625381.472038
  start: 1685625043.0608008
