event_sleeping_wait_all:
  end: 1685627721.41189
  start: 1685627578.1023607
