event_sleeping_wait_all:
  end: 1685626763.9000523
  start: 1685626713.1284475
