event_sleeping_wait_all:
  end: 1685627526.474856
  start: 1685627205.6097252
