event_sleeping_wait_all:
  end: 1685628008.974762
  start: 1685627773.0540996
