event_sleeping_wait_all:
  end: 1685625983.974802
  start: 1685625720.6342425
