event_sleeping_wait_all:
  end: 1685626661.474952
  start: 1685626425.5992026
