event_sleeping_wait_all:
  end: 1685625668.9560878
  start: 1685625433.132454
