event_sleeping_wait_all:
  end: 1685624991.4018621
  start: 1685624865.511626
