event_sleeping_wait_all:
  end: 1685626373.9249616
  start: 1685626035.6652775
