event_sleeping:
  end: 1685624813.8800082
  start: 1685624813.8799644
