event_sleeping_wait_all:
  end: 1685627153.9721358
  start: 1685626815.5617683
