event_sleeping_wait_all:
  end: 1685625686.4455879
  start: 1685625543.1335654
