event_sleeping_wait_all:
  end: 1685626643.9719374
  start: 1685626408.0661058
