event_sleeping_wait_all:
  end: 1685626356.3919215
  start: 1685626323.0314329
