event_sleeping:
  end: 1685624906.3761377
  start: 1685624813.8785555
