event_sleeping_wait_all:
  end: 1685627051.470486
  start: 1685626890.6147645
