event_sleeping_wait_all:
  end: 1685627348.9720058
  start: 1685627103.146986
