event_sleeping_wait_all:
  end: 1685626271.3880997
  start: 1685625823.0516198
