event_sleeping_wait_all:
  end: 1685626838.9361503
  start: 1685626695.6506116
