event_sleeping_wait_all:
  end: 1685625083.893852
  start: 1685624958.0299132
