event_sleeping_wait_all:
  end: 1685625186.4260142
  start: 1685625135.5290902
