event_sleeping_wait_all:
  end: 1685625491.4719849
  start: 1685625238.1161766
