event_sleeping_wait_all:
  end: 1685625771.4078076
  start: 1685625738.0654051
