event_sleeping_wait_all:
  end: 1685627441.4661791
  start: 1685627280.5900269
