event_sleeping_wait_all:
  end: 1685625491.3840082
  start: 1685625153.0964818
