event_sleeping:
  end: 1685624888.9510934
  start: 1685624813.8821917
