event_sleeping_wait_all:
  end: 1685626838.9359868
  start: 1685626603.1432552
