event_sleeping_wait_all:
  end: 1685628221.4640133
  start: 1685627968.0107481
