event_sleeping_wait_all:
  end: 1685627831.4321163
  start: 1685627493.114144
