event_sleeping_wait_all:
  end: 1685627916.3919919
  start: 1685627883.0650964
