event_sleeping_wait_all:
  end: 1685626551.4557085
  start: 1685626425.5621138
