event_sleeping_wait_all:
  end: 1685626373.8921752
  start: 1685626305.5980363
