event_sleeping_wait_all:
  end: 1685625881.4040515
  start: 1685625543.0245316
