event_sleeping_wait_all:
  end: 1685627228.8901954
  start: 1685626993.066912
