event_sleeping_wait_all:
  end: 1685625101.471851
  start: 1685624940.6097448
