event_sleeping_wait_all:
  end: 1685629568.9242296
  start: 1685628858.0931427
