event_sleeping_wait_all:
  end: 1685626076.380072
  start: 1685625933.037135
