event_sleeping_wait_all:
  end: 1685626941.4254322
  start: 1685626890.5862436
