event_sleeping_wait_all:
  end: 1685628501.453529
  start: 1685628273.1317189
