event_sleeping_wait_all:
  end: 1685626253.9160674
  start: 1685626128.0498695
