event_sleeping_wait_all:
  end: 1685628806.4281306
  start: 1685628553.1195536
