event_sleeping_wait_all:
  end: 1685625576.4747548
  start: 1685625042.9648025
