event_sleeping:
  end: 1685624906.4663432
  start: 1685624813.8791108
