event_sleeping_wait_all:
  end: 1685626661.4752715
  start: 1685626408.0840755
