event_sleeping_wait_all:
  end: 1685626356.4719212
  start: 1685625823.050217
