event_sleeping_wait_all:
  end: 1685627153.884021
  start: 1685627010.467219
