event_sleeping_wait_all:
  end: 1685625771.471908
  start: 1685625628.0946426
