event_sleeping_wait_all:
  end: 1685627441.4748845
  start: 1685627205.499213
