event_sleeping_wait_all:
  end: 1685626958.8799243
  start: 1685626908.0875854
