event_sleeping_wait_all:
  end: 1685627738.8800962
  start: 1685627493.0969284
