event_sleeping_wait_all:
  end: 1685624991.4009106
  start: 1685624958.0728357
