event_sleeping_wait_all:
  end: 1685626856.4750984
  start: 1685626713.0745149
