event_sleeping:
  end: 1685625631.4411938
  start: 1685625488.453647
