event_sleeping_wait_all:
  end: 1685627971.4719853
  start: 1685627828.4270341
