event_sleeping_wait_all:
  end: 1685628166.4719794
  start: 1685628023.4794023
