event_sleeping_wait_all:
  end: 1685628946.474843
  start: 1685628608.4937978
