event_sleeping:
  end: 1685627386.446544
  start: 1685627243.5117207
