event_sleeping_wait_all:
  end: 1685629141.4719367
  start: 1685628998.5198562
