event_sleeping:
  end: 1685626216.4459252
  start: 1685626073.4693952
