event_sleeping_wait_all:
  end: 1685627776.380079
  start: 1685627438.4368396
