event_sleeping:
  end: 1685627191.4748945
  start: 1685627048.462175
