event_sleeping:
  end: 1685625046.4751427
  start: 1685624918.8572383
