event_sleeping:
  end: 1685626996.4440203
  start: 1685626853.5149658
