event_sleeping:
  end: 1685626606.4747899
  start: 1685626463.3811293
