event_sleeping_wait_all:
  end: 1685628361.4750242
  start: 1685628218.46849
