event_sleeping:
  end: 1685624851.4127803
  start: 1685624813.8810453
