event_sleeping:
  end: 1685626411.3800836
  start: 1685626268.440122
