event_sleeping_wait_all:
  end: 1685629531.4725285
  start: 1685629388.5177302
