event_sleeping_wait_all:
  end: 1685629336.4718258
  start: 1685629193.506374
