event_sleeping:
  end: 1685626801.4748003
  start: 1685626658.518166
