event_sleeping:
  end: 1685625826.475152
  start: 1685625683.4305937
