event_sleeping:
  end: 1685626021.4361997
  start: 1685625878.4910495
