event_sleeping_wait_all:
  end: 1685628556.4745336
  start: 1685628413.4914937
