event_sleeping:
  end: 1682990082.0545306
  start: 1682989947.6594915
