event_sleeping:
  end: 1682989784.5515578
  start: 1682989283.457481
