event_sleeping:
  end: 1682989886.9914968
  start: 1682989836.1959248
