event_sleeping:
  end: 1682989887.0554907
  start: 1682989283.4642894
