event_sleeping:
  end: 1682990174.4795914
  start: 1682989950.2421753
