event_sleeping:
  end: 1682989962.0499582
  start: 1682989726.5031908
