event_sleeping:
  end: 1682989674.555431
  start: 1682989283.46076
