event_sleeping:
  end: 1682989962.0583756
  start: 1682989283.4635103
