event_sleeping:
  end: 1682990082.0549583
  start: 1682989283.4648893
