event_sleeping:
  end: 1682989924.5277262
  start: 1682989283.4632254
