event_sleeping:
  end: 1682990314.5535176
  start: 1682990171.0951498
