event_sleeping:
  end: 1682990119.554291
  start: 1682989976.095223
