event_sleeping_wait_all:
  end: 1684859225.8360772
  start: 1684859175.362656
