event_sleeping:
  end: 1684858835.92816
  start: 1684858640.8292367
