event_sleeping_wait_all:
  end: 1684859123.4215791
  start: 1684858887.8887544
