event_sleeping:
  end: 1684858835.926926
  start: 1684858692.4938846
