event_sleeping_wait_all:
  end: 1684859225.8364732
  start: 1684858887.6540864
