event_sleeping:
  end: 1684858640.832844
  start: 1684858640.8328235
