event_sleeping:
  end: 1684858715.8958988
  start: 1684858640.8299665
