event_sleeping_wait_all:
  end: 1684858910.9081204
  start: 1684858767.5972118
