event_sleeping:
  end: 1684858715.8361235
  start: 1684858640.8319385
