event_sleeping_wait_all:
  end: 1684858928.3481169
  start: 1684858767.5126266
