event_sleeping_wait_all:
  end: 1684859300.8280845
  start: 1684858979.9929204
