event_sleeping_wait_all:
  end: 1684859420.8600612
  start: 1684858887.5296535
