event_sleeping:
  end: 1684858715.8963118
  start: 1684858640.8326957
