event_sleeping_wait_all:
  end: 1684858835.8903108
  start: 1684858767.5134192
