event_sleeping:
  end: 1684858678.361535
  start: 1684858640.8260984
