event_sleeping_wait_all:
  end: 1684859458.3668194
  start: 1684859315.2981534
