event_sleeping:
  end: 1684858873.422654
  start: 1684858730.4024813
