event_sleeping_wait_all:
  end: 1684859263.323977
  start: 1684858925.4335153
