event_sleeping:
  end: 1684833790.6200511
  start: 1684833595.5293949
