event_sleeping:
  end: 1684833595.5298765
  start: 1684833595.529833
