event_sleeping:
  end: 1684833670.5991483
  start: 1684833595.5279815
