event_sleeping:
  end: 1684833670.5987408
  start: 1684833595.5284295
