event_sleeping:
  end: 1684833670.5980997
  start: 1684833595.5286818
