event_sleeping:
  end: 1684833828.060143
  start: 1684833689.4148257
