event_sleeping:
  end: 1684833633.0601192
  start: 1684833595.5289629
