event_sleeping_wait_all:
  end: 1684088713.7962945
  start: 1684088570.4288828
