event_sleeping_wait_all:
  end: 1684090273.8154402
  start: 1684090240.5156052
