event_sleeping:
  end: 1684087561.3030062
  start: 1684087205.532114
