event_sleeping_wait_all:
  end: 1684088128.879544
  start: 1684087612.99158
