event_sleeping:
  end: 1684087153.8770823
  start: 1684087010.5040169
