event_sleeping_wait_all:
  end: 1684089001.3597066
  start: 1684088765.4151196
