event_sleeping_wait_all:
  end: 1684090663.8154507
  start: 1684090630.5336187
