event_sleeping_wait_all:
  end: 1684090188.883599
  start: 1684089935.4761717
