event_sleeping_wait_all:
  end: 1684091163.8671472
  start: 1684091020.5142648
