event_sleeping_wait_all:
  end: 1684089798.897575
  start: 1684089460.51809
