event_sleeping:
  end: 1684086763.7902331
  start: 1684086763.790071
