event_sleeping_wait_all:
  end: 1684088518.7954755
  start: 1684088485.5169945
