event_sleeping_wait_all:
  end: 1684089883.7915058
  start: 1684089850.4915876
