event_sleeping_wait_all:
  end: 1684090968.8835566
  start: 1684090715.469446
