event_sleeping_wait_all:
  end: 1684089408.8671236
  start: 1684089053.0038235
