event_sleeping_wait_all:
  end: 1684088433.8834827
  start: 1684088180.5156498
