event_sleeping:
  end: 1684086958.8838677
  start: 1684086815.4415462
