event_sleeping_wait_all:
  end: 1684090578.898574
  start: 1684090325.4646983
