event_sleeping_wait_all:
  end: 1684091341.383632
  start: 1684091215.5534317
