event_sleeping_wait_all:
  end: 1684088713.831798
  start: 1684088662.9508486
