event_sleeping_wait_all:
  end: 1684088221.3843093
  start: 1684087807.9017315
