event_sleeping:
  end: 1684086873.883564
  start: 1684086763.79038
