event_sleeping:
  end: 1684086958.795433
  start: 1684086925.5685418
