event_sleeping_wait_all:
  end: 1684089493.8715763
  start: 1684089350.468066
