event_sleeping_wait_all:
  end: 1684088433.8751936
  start: 1684088273.0540664
