event_sleeping_wait_all:
  end: 1684088611.2982638
  start: 1684088485.510365
