event_sleeping_wait_all:
  end: 1684089018.8835366
  start: 1684088765.4668727
