event_sleeping_wait_all:
  end: 1684089298.795971
  start: 1684089155.4474967
