event_sleeping:
  end: 1684087263.834822
  start: 1684087010.4220328
