event_sleeping:
  end: 1684087458.8837893
  start: 1684087315.5263202
