event_sleeping:
  end: 1684087756.2900944
  start: 1684087595.48189
