event_sleeping:
  end: 1684087543.815411
  start: 1684087510.5034392
