event_sleeping_wait_all:
  end: 1684090171.3116603
  start: 1684089935.480884
