event_sleeping_wait_all:
  end: 1684089688.8829885
  start: 1684089545.5071762
