event_sleeping_wait_all:
  end: 1684089103.8154397
  start: 1684089070.49148
