event_sleeping_wait_all:
  end: 1684089883.8833423
  start: 1684089740.5402534
