event_sleeping:
  end: 1684086763.7906468
  start: 1684086763.7905946
