event_sleeping:
  end: 1684087068.855316
  start: 1684086815.4206047
