event_sleeping:
  end: 1684087263.8835125
  start: 1684087120.5134482
