event_sleeping_wait_all:
  end: 1684089018.8839126
  start: 1684088570.467836
