event_sleeping_wait_all:
  end: 1684089511.3836303
  start: 1684089350.4427335
