event_sleeping_wait_all:
  end: 1684089103.8168418
  start: 1684089070.493637
