event_sleeping:
  end: 1684088416.3332765
  start: 1684088290.5300894
