event_sleeping:
  end: 1684088238.8671253
  start: 1684087510.4240973
