event_sleeping_wait_all:
  end: 1684089298.7955627
  start: 1684089155.4331968
