event_sleeping:
  end: 1684087458.8029253
  start: 1684087315.5533652
