event_sleeping_wait_all:
  end: 1684088518.8317108
  start: 1684088467.9935386
