event_sleeping_wait_all:
  end: 1684089408.8997512
  start: 1684089053.040478
