event_sleeping_wait_all:
  end: 1684090383.8671563
  start: 1684090130.579005
