event_sleeping_wait_all:
  end: 1684090078.883446
  start: 1684089935.4683137
