event_sleeping_wait_all:
  end: 1684089603.8397481
  start: 1684089460.5229647
