event_sleeping:
  end: 1684087543.8834624
  start: 1684087400.4508426
