event_sleeping_wait_all:
  end: 1684089883.791799
  start: 1684089850.4724429
