event_sleeping:
  end: 1684088238.8997593
  start: 1684088095.4907901
