event_sleeping:
  end: 1684088043.8475292
  start: 1684087790.4619992
