event_sleeping_wait_all:
  end: 1684089798.8429296
  start: 1684089655.470231
