event_sleeping:
  end: 1684086763.7911165
  start: 1684086763.7910578
