event_sleeping_wait_all:
  end: 1684090486.292191
  start: 1684090435.506503
