event_sleeping:
  end: 1684089001.3935597
  start: 1684088875.5062623
