event_sleeping:
  end: 1684087738.7995558
  start: 1684087595.5158396
