event_sleeping:
  end: 1684087348.8195403
  start: 1684086815.4267094
