event_sleeping:
  end: 1684088823.8833463
  start: 1684088680.5749445
