event_sleeping:
  end: 1684088628.8835692
  start: 1684088290.537617
