event_sleeping_wait_all:
  end: 1684089001.392489
  start: 1684088875.4905949
