event_sleeping_wait_all:
  end: 1684088611.383609
  start: 1684088485.4622383
