event_sleeping:
  end: 1684086958.8834536
  start: 1684086763.7935128
