event_sleeping_wait_all:
  end: 1684088433.8757658
  start: 1684088272.992627
