event_sleeping:
  end: 1684087458.8834345
  start: 1684087315.5265179
