event_sleeping_wait_all:
  end: 1684088221.3836408
  start: 1684087985.4676921
