event_sleeping_wait_all:
  end: 1684089798.8434103
  start: 1684089367.8926675
