event_sleeping:
  end: 1684087263.8840282
  start: 1684087010.4391623
