event_sleeping_wait_all:
  end: 1684091146.3834245
  start: 1684090630.4062457
