event_sleeping_wait_all:
  end: 1684087933.8538682
  start: 1684087807.936519
