event_sleeping_wait_all:
  end: 1684088823.883738
  start: 1684088662.9768696
