event_sleeping:
  end: 1684087756.3315752
  start: 1684087705.432965
