event_sleeping:
  end: 1684087653.8396518
  start: 1684087510.4229276
