event_sleeping_wait_all:
  end: 1684089316.3315167
  start: 1684089265.4573493
