event_sleeping_wait_all:
  end: 1684089883.8262305
  start: 1684089850.4380126
