event_sleeping_wait_all:
  end: 1684090578.8670468
  start: 1684089935.4210086
