event_sleeping_wait_all:
  end: 1684089213.8715856
  start: 1684089053.0030932
