event_sleeping:
  end: 1684087598.7915637
  start: 1684087065.8164277
