event_sleeping_wait_all:
  end: 1684091108.8835173
  start: 1684090965.8610437
