event_sleeping:
  end: 1684087013.8531177
  start: 1684086763.7912784
