event_sleeping:
  end: 1684088378.8835354
  start: 1684088235.9083576
