event_sleeping_wait_all:
  end: 1684090718.866979
  start: 1684090575.8287601
