event_sleeping:
  end: 1684087793.8835754
  start: 1684087650.7128708
