event_sleeping_wait_all:
  end: 1684090133.883479
  start: 1684089600.817619
