event_sleeping_wait_all:
  end: 1684090913.8355293
  start: 1684090770.8254492
