event_sleeping:
  end: 1684089548.8833663
  start: 1684089405.8446033
