event_sleeping:
  end: 1684088573.830314
  start: 1684088430.8430407
