event_sleeping:
  end: 1684089353.8835192
  start: 1684089015.7119613
