event_sleeping:
  end: 1684088963.7882438
  start: 1684088820.8805602
