event_sleeping_wait_all:
  end: 1684090523.8836823
  start: 1684090185.8838215
