event_sleeping_wait_all:
  end: 1684091303.8835394
  start: 1684091160.8249364
