event_sleeping:
  end: 1684088183.8835423
  start: 1684087845.8406782
