event_sleeping:
  end: 1684088768.879615
  start: 1684088625.794397
