event_sleeping:
  end: 1685003031.4814196
  start: 1685002395.092883
