event_sleeping:
  end: 1685003404.024875
  start: 1685003260.0446215
