event_sleeping:
  end: 1685005938.9587467
  start: 1685005905.1510212
