event_sleeping:
  end: 1685009058.9476774
  start: 1685009025.1167352
