event_sleeping:
  end: 1685009363.9960046
  start: 1685009110.0170536
