event_sleeping:
  end: 1685003208.9604685
  start: 1685003082.5682766
