event_sleeping:
  end: 1685000004.0252576
  start: 1684999751.2071846
