event_sleeping:
  end: 1685006828.9560964
  start: 1685006490.030335
