event_sleeping:
  end: 1685010143.9641848
  start: 1685009890.1552112
