event_sleeping:
  end: 1685004099.023902
  start: 1685003955.1068342
