event_sleeping:
  end: 1685004488.9881551
  start: 1685004150.0819917
