event_sleeping:
  end: 1684999699.0243795
  start: 1684999503.9365368
