event_sleeping:
  end: 1685002056.49375
  start: 1685001987.6056376
