event_sleeping:
  end: 1685003904.0241866
  start: 1685003760.0898151
