event_sleeping:
  end: 1685001758.9393177
  start: 1685001225.0857632
