event_sleeping:
  end: 1685011118.9721317
  start: 1685010975.1158621
