event_sleeping:
  end: 1685000301.5078027
  start: 1685000157.5424895
