event_sleeping:
  end: 1685008194.024434
  start: 1685007855.073288
