event_sleeping:
  end: 1685007024.024981
  start: 1685006880.0669868
