event_sleeping:
  end: 1685004964.0239122
  start: 1685004820.0458112
