event_sleeping:
  end: 1685010636.476191
  start: 1685010585.0772347
