event_sleeping:
  end: 1685003709.0239928
  start: 1685003455.0452352
