event_sleeping:
  end: 1685000106.4400835
  start: 1685000055.1186967
