event_sleeping:
  end: 1685010924.0251606
  start: 1685010687.5754952
