event_sleeping:
  end: 1685008278.9253514
  start: 1685008245.1432781
