event_sleeping:
  end: 1685004768.9479234
  start: 1685004735.0772793
