event_sleeping:
  end: 1685001174.0122037
  start: 1685001030.0913808
