event_sleeping:
  end: 1685010534.0121253
  start: 1685010372.6126423
