event_sleeping:
  end: 1685005854.0249581
  start: 1685005600.1279764
