event_sleeping:
  end: 1685007804.0250952
  start: 1685007550.036435
