event_sleeping:
  end: 1685008583.9321659
  start: 1685008330.0011516
