event_sleeping:
  end: 1685000479.0245938
  start: 1685000352.587025
