event_sleeping:
  end: 1685002343.9767337
  start: 1685002107.5789669
