event_sleeping:
  end: 1685004684.0240173
  start: 1685004540.0105958
