event_sleeping:
  end: 1685008974.026061
  start: 1685008830.0778904
