event_sleeping:
  end: 1685007304.0345938
  start: 1685007075.0944462
