event_sleeping:
  end: 1685000979.0039167
  start: 1685000530.0634627
