event_sleeping:
  end: 1685001936.5257244
  start: 1685001810.044804
