event_sleeping:
  end: 1685006438.9800477
  start: 1685005990.0697951
