event_sleeping:
  end: 1685010321.5248778
  start: 1685010195.0780425
