event_sleeping:
  end: 1685008779.004181
  start: 1685008635.011341
