event_sleeping:
  end: 1685005268.9560611
  start: 1685005015.0695221
