event_sleeping:
  end: 1685007499.0239189
  start: 1685007355.0867639
