event_sleeping:
  end: 1685005549.0249681
  start: 1685005320.0193748
