event_sleeping:
  end: 1685009839.012412
  start: 1685009415.0231147
