event_sleeping:
  end: 1685003793.9558837
  start: 1685003759.778362
