event_sleeping:
  end: 1685003123.9956155
  start: 1685002979.8442123
