event_sleeping:
  end: 1685004683.9801462
  start: 1685004539.7803779
