event_sleeping:
  end: 1685007499.0240946
  start: 1685007269.7766554
