event_sleeping:
  end: 1685002234.0248604
  start: 1685001894.8067665
