event_sleeping:
  end: 1684999503.9323823
  start: 1684999503.9321349
