event_sleeping:
  end: 1685007804.025377
  start: 1685007549.8411777
