event_sleeping:
  end: 1685005269.0240703
  start: 1685005014.8196793
