event_sleeping:
  end: 1685010338.9523137
  start: 1685010084.7143106
