event_sleeping:
  end: 1685005641.5240417
  start: 1685005319.8095632
