event_sleeping:
  end: 1685001064.0241792
  start: 1685000724.7950964
