event_sleeping:
  end: 1685001844.0239816
  start: 1685001504.8049164
