event_sleeping:
  end: 1685005854.0257838
  start: 1685005692.3285437
