event_sleeping:
  end: 1685003708.9616823
  start: 1685003454.864844
