event_sleeping:
  end: 1685008473.9522762
  start: 1685008244.8342686
