event_sleeping:
  end: 1685001453.976817
  start: 1685001402.3038096
