event_sleeping:
  end: 1685008761.4377716
  start: 1685008524.767895
