event_sleeping:
  end: 1685002733.9485538
  start: 1685002479.8204246
