event_sleeping:
  end: 1684999699.0239143
  start: 1684999554.7423024
