event_sleeping:
  end: 1685009949.0199401
  start: 1685008914.7592094
