event_sleeping:
  end: 1685004964.0241086
  start: 1685004734.7743714
