event_sleeping:
  end: 1685010423.958954
  start: 1685010389.7376084
