event_sleeping:
  end: 1685008863.976574
  start: 1685008812.1762104
