event_sleeping:
  end: 1685010033.9280164
  start: 1685009999.8110912
