event_sleeping:
  end: 1685004489.0260196
  start: 1685004149.7754533
