event_sleeping:
  end: 1685010813.9767368
  start: 1685010762.3128326
