event_sleeping:
  end: 1685006328.956124
  start: 1685006007.2539718
