event_sleeping:
  end: 1685000089.0200934
  start: 1684999749.7982416
