event_sleeping:
  end: 1685004098.940427
  start: 1685003844.7506902
