event_sleeping:
  end: 1685002929.0200787
  start: 1685002784.7580965
