event_sleeping:
  end: 1685010711.4954143
  start: 1685010474.7764282
