event_sleeping:
  end: 1685003208.959187
  start: 1685003174.825141
