event_sleeping:
  end: 1685003404.0250347
  start: 1685003259.783151
