event_sleeping:
  end: 1685008194.0123572
  start: 1685007939.7714984
