event_sleeping:
  end: 1685007888.958909
  start: 1685007854.7922623
