event_sleeping:
  end: 1685001351.523955
  start: 1685001114.8226814
