event_sleeping:
  end: 1685002428.9965222
  start: 1685002284.8586242
