event_sleeping:
  end: 1685011008.9959953
  start: 1685010864.7819114
