event_sleeping:
  end: 1685006931.4666426
  start: 1685006879.7598534
