event_sleeping:
  end: 1685005956.4306257
  start: 1685005904.8575199
