event_sleeping:
  end: 1685006828.9563942
  start: 1685006667.3235607
