event_sleeping:
  end: 1685006616.5080998
  start: 1685006379.7519107
