event_sleeping:
  end: 1685000674.0120456
  start: 1685000444.8610616
