event_sleeping:
  end: 1685000394.024838
  start: 1685000139.84284
