event_sleeping:
  end: 1685007413.9320247
  start: 1685007269.76507
