event_sleeping:
  end: 1684999809.02414
  start: 1684999664.8620787
