event_sleeping:
  end: 1685009168.988349
  start: 1685008719.7990065
