event_sleeping:
  end: 1685005641.47084
  start: 1685005404.7768397
