event_sleeping:
  end: 1685007888.9590855
  start: 1685007744.809797
