event_sleeping:
  end: 1685005269.0238304
  start: 1685005032.2869382
