event_sleeping:
  end: 1685008669.0238984
  start: 1685008524.7496986
