event_sleeping:
  end: 1685002733.9482014
  start: 1685002284.8736537
