event_sleeping:
  end: 1685006438.970544
  start: 1685005904.8502116
