event_sleeping:
  end: 1685005854.025284
  start: 1685005692.3064256
