event_sleeping:
  end: 1685006633.9480398
  start: 1685006489.743874
