event_sleeping:
  end: 1685008194.012026
  start: 1685007939.7712336
