event_sleeping:
  end: 1685002818.9591184
  start: 1685002784.7558858
