event_sleeping:
  end: 1685004379.024975
  start: 1685004234.7749014
