event_sleeping:
  end: 1685004574.0240867
  start: 1685004429.8310456
