event_sleeping:
  end: 1685009559.0249958
  start: 1685009414.8214602
