event_sleeping:
  end: 1684999614.0273857
  start: 1684999503.934361
