event_sleeping:
  end: 1685004183.9964044
  start: 1685004039.7663462
