event_sleeping:
  end: 1685000478.9683309
  start: 1685000427.2802732
