event_sleeping:
  end: 1685001564.0115535
  start: 1685001402.2537332
