event_sleeping:
  end: 1685004878.9690623
  start: 1685004624.7764814
