event_sleeping:
  end: 1685008473.9520352
  start: 1685008244.8309941
