event_sleeping:
  end: 1684999893.9590526
  start: 1684999859.8169425
