event_sleeping:
  end: 1685000199.0239484
  start: 1684999944.746289
