event_sleeping:
  end: 1685003988.95887
  start: 1685003954.798945
