event_sleeping:
  end: 1685004981.4759638
  start: 1685004929.7583988
