event_sleeping:
  end: 1685010906.523886
  start: 1685010669.7274947
