event_sleeping:
  end: 1685007609.0250452
  start: 1685007464.7561357
