event_sleeping:
  end: 1685001081.456281
  start: 1685001029.7060719
