event_sleeping:
  end: 1685010034.0240405
  start: 1685009609.827339
