event_sleeping:
  end: 1685005353.959078
  start: 1685005319.8252566
