event_sleeping:
  end: 1685001351.4258556
  start: 1685001132.2536607
