event_sleeping:
  end: 1685002039.004138
  start: 1685001792.3067734
