event_sleeping:
  end: 1685001741.5241654
  start: 1685001614.7685475
