event_sleeping:
  end: 1685000376.4947848
  start: 1685000249.7994165
