event_sleeping:
  end: 1685002234.025133
  start: 1685002089.8193398
