event_sleeping:
  end: 1685010424.0240095
  start: 1685010084.8532977
