event_sleeping:
  end: 1685006913.9591708
  start: 1685006879.758635
