event_sleeping:
  end: 1685000978.9365609
  start: 1685000529.770816
