event_sleeping:
  end: 1685006829.023901
  start: 1685006684.7551024
