event_sleeping:
  end: 1685009364.0240579
  start: 1685009219.8082101
