event_sleeping:
  end: 1685007219.004146
  start: 1685006964.7608068
