event_sleeping:
  end: 1685003903.9265966
  start: 1685002869.755151
