event_sleeping:
  end: 1685007693.9590526
  start: 1685007659.8305643
