event_sleeping:
  end: 1685010618.931292
  start: 1685010474.784294
