event_sleeping:
  end: 1685010814.0051296
  start: 1685010584.8161995
