event_sleeping:
  end: 1685007499.024212
  start: 1685007354.7437856
