event_sleeping:
  end: 1685006523.955869
  start: 1685006489.8126006
