event_sleeping:
  end: 1685007889.0238535
  start: 1685007744.8153403
