event_sleeping:
  end: 1685005956.5248387
  start: 1685005709.7962646
