event_sleeping:
  end: 1685005659.0249636
  start: 1685005514.7700233
