event_sleeping:
  end: 1685003208.9601612
  start: 1685002979.8465571
