event_sleeping:
  end: 1685009364.0311465
  start: 1685009219.7917287
