event_sleeping:
  end: 1685002929.025035
  start: 1685002674.7629025
