event_sleeping:
  end: 1685002131.4520879
  start: 1685001987.3748755
