event_sleeping:
  end: 1685006811.4840887
  start: 1685006574.7615416
