event_sleeping:
  end: 1685001258.9401124
  start: 1685001114.7299106
