event_sleeping:
  end: 1685006439.0242803
  start: 1685006007.289093
