event_sleeping:
  end: 1685004293.9600458
  start: 1685003564.8702438
