event_sleeping:
  end: 1684999809.0239246
  start: 1684999664.823919
