event_sleeping:
  end: 1685007304.0039778
  start: 1685007159.7749767
