event_sleeping:
  end: 1685005463.9820435
  start: 1685005209.7128828
