event_sleeping:
  end: 1685000979.0042548
  start: 1685000817.2409127
