event_sleeping:
  end: 1685000766.4281614
  start: 1685000639.733384
