event_sleeping:
  end: 1685001648.985535
  start: 1685001597.2574155
