event_sleeping:
  end: 1685010534.0123947
  start: 1685010279.872071
