event_sleeping:
  end: 1685004488.9884336
  start: 1685004344.794286
