event_sleeping:
  end: 1685001063.958856
  start: 1685001029.8352551
