event_sleeping:
  end: 1685008084.023869
  start: 1685007939.7720053
