event_sleeping:
  end: 1685003514.0250795
  start: 1685003259.7848608
