event_sleeping:
  end: 1685000198.9400094
  start: 1684999859.796287
