event_sleeping:
  end: 1685008686.5240886
  start: 1685008439.8106608
