event_sleeping:
  end: 1685008974.0238967
  start: 1685008737.3772717
