event_sleeping:
  end: 1685001546.4279778
  start: 1685001309.746635
