event_sleeping:
  end: 1685004878.9687822
  start: 1685004539.7765703
