event_sleeping:
  end: 1685009559.0247502
  start: 1685009414.818832
