event_sleeping:
  end: 1685002623.9592392
  start: 1685002589.8392994
