event_sleeping:
  end: 1685005158.9401195
  start: 1685004929.7469993
