event_sleeping:
  end: 1685006913.9592845
  start: 1685006862.3011806
