event_sleeping:
  end: 1685008388.9720726
  start: 1685008134.8234582
