event_sleeping:
  end: 1685000588.9284885
  start: 1685000249.7311232
