event_sleeping:
  end: 1685009949.0200787
  start: 1685009694.7301457
