event_sleeping:
  end: 1685007694.023896
  start: 1685007549.842431
