event_sleeping:
  end: 1685010229.0200558
  start: 1685009999.8997037
