event_sleeping:
  end: 1685002539.024765
  start: 1685002182.234818
