event_sleeping:
  end: 1685009643.9558153
  start: 1685009609.825073
