event_sleeping:
  end: 1685001936.5250537
  start: 1685001699.7594655
