event_sleeping:
  end: 1685007108.992275
  start: 1685006964.7586937
