event_sleeping:
  end: 1684999614.026764
  start: 1684999503.9326804
