event_sleeping:
  end: 1685001064.0238578
  start: 1685000529.771073
