event_sleeping:
  end: 1685000479.023955
  start: 1685000334.7576249
