event_sleeping:
  end: 1685007108.9880881
  start: 1685006964.7663517
