event_sleeping:
  end: 1685002818.9592586
  start: 1685002479.724938
