event_sleeping:
  end: 1685004471.5160234
  start: 1685004149.7089088
