event_sleeping:
  end: 1685007609.025375
  start: 1685007354.742632
