event_sleeping:
  end: 1685004786.525408
  start: 1685004624.7042384
