event_sleeping:
  end: 1685008278.928164
  start: 1685008244.7696354
