event_sleeping:
  end: 1685008584.0198996
  start: 1685008329.6330266
