event_sleeping:
  end: 1685003793.986688
  start: 1685003742.2122333
