event_sleeping:
  end: 1685002131.5239122
  start: 1685001894.6593828
