event_sleeping:
  end: 1684999698.9592183
  start: 1684999664.8179336
