event_sleeping:
  end: 1685007304.0360188
  start: 1685007159.7468288
