event_sleeping:
  end: 1685005463.9818785
  start: 1685005209.676279
