event_sleeping:
  end: 1685008194.012609
  start: 1685008049.70886
