event_sleeping:
  end: 1685008863.9767728
  start: 1685008719.7043917
