event_sleeping:
  end: 1685009736.5202022
  start: 1685009592.290877
