event_sleeping:
  end: 1685003208.9607656
  start: 1685002869.7088692
