event_sleeping:
  end: 1685001843.931961
  start: 1685001699.7188616
