event_sleeping:
  end: 1685005158.9777353
  start: 1685005124.7583742
