event_sleeping:
  end: 1685003514.0248098
  start: 1685003259.6825666
