event_sleeping:
  end: 1685004573.9769537
  start: 1685004522.2881465
