event_sleeping:
  end: 1685009949.0204225
  start: 1685009787.2636273
