event_sleeping:
  end: 1685009059.0252337
  start: 1685008914.7115095
