event_sleeping:
  end: 1685001564.0119002
  start: 1685001419.763443
