event_sleeping:
  end: 1685000284.0238874
  start: 1684999749.6872532
