event_sleeping:
  end: 1685001648.9560428
  start: 1685001614.6920514
