event_sleeping:
  end: 1685008668.958894
  start: 1685008634.7208714
