event_sleeping:
  end: 1685007804.0256724
  start: 1685007659.768759
