event_sleeping:
  end: 1685002428.9961731
  start: 1685002182.2500691
