event_sleeping:
  end: 1685006244.0249808
  start: 1685005514.7344801
