event_sleeping:
  end: 1685010906.484222
  start: 1685010669.7282665
