event_sleeping:
  end: 1685001369.014547
  start: 1685001114.7284267
