event_sleeping:
  end: 1684999614.0271153
  start: 1684999503.9360785
