event_sleeping:
  end: 1685009364.024826
  start: 1685009109.7514532
