event_sleeping:
  end: 1685003691.4463172
  start: 1685003564.7161689
