event_sleeping:
  end: 1685004098.9401217
  start: 1685003844.6912825
