event_sleeping:
  end: 1685010619.025057
  start: 1685010084.6801717
