event_sleeping:
  end: 1685010033.9580982
  start: 1685009999.797351
