event_sleeping:
  end: 1685006634.0240958
  start: 1685006294.7464426
