event_sleeping:
  end: 1685006914.0238585
  start: 1685006769.6891358
