event_sleeping:
  end: 1685006718.9590752
  start: 1685006684.7897472
