event_sleeping:
  end: 1685005074.0248795
  start: 1685004837.2622476
