event_sleeping:
  end: 1685009541.5257125
  start: 1685009414.8182127
