event_sleeping:
  end: 1685006773.995996
  start: 1685006630.1409206
