event_sleeping:
  end: 1685005604.0249734
  start: 1685005070.0904365
