event_sleeping:
  end: 1685005018.9752398
  start: 1685004875.0358639
