event_sleeping:
  end: 1685009504.0253704
  start: 1685009360.1843245
