event_sleeping:
  end: 1685004239.0249603
  start: 1685004095.1536968
