event_sleeping:
  end: 1684999558.9805179
  start: 1684999503.9297707
