event_sleeping:
  end: 1685009893.976032
  start: 1685009750.1403906
