event_sleeping:
  end: 1685009698.9761007
  start: 1685009555.2005615
