event_sleeping:
  end: 1685001119.0251076
  start: 1685000975.1353157
