event_sleeping:
  end: 1685002874.0040653
  start: 1685002730.1601734
