event_sleeping:
  end: 1685001704.0252483
  start: 1685001560.0791066
