event_sleeping:
  end: 1685002679.0251968
  start: 1685002535.210087
