event_sleeping:
  end: 1685010284.0007598
  start: 1685010140.1099532
