event_sleeping:
  end: 1685010869.0251281
  start: 1685010725.158041
