event_sleeping:
  end: 1685008334.0238984
  start: 1685007800.1855779
