event_sleeping:
  end: 1685007554.007931
  start: 1685007410.122492
