event_sleeping:
  end: 1685003849.0239146
  start: 1685003705.1090095
