event_sleeping:
  end: 1685009309.0247989
  start: 1685008775.165184
