event_sleeping:
  end: 1685007163.964776
  start: 1685007020.116882
