event_sleeping:
  end: 1685006968.9782288
  start: 1685006825.1549664
