event_sleeping:
  end: 1685004823.929687
  start: 1685004485.149913
