event_sleeping:
  end: 1685007358.980883
  start: 1685007215.0964642
