event_sleeping:
  end: 1685010674.023939
  start: 1685010335.1687129
