event_sleeping:
  end: 1685001898.972147
  start: 1685001755.1455312
