event_sleeping:
  end: 1685010088.9376895
  start: 1685009945.1121347
