event_sleeping:
  end: 1685004044.0251534
  start: 1685003900.1541615
