event_sleeping:
  end: 1685000924.025228
  start: 1685000780.1795125
