event_sleeping:
  end: 1685003264.0200825
  start: 1685003120.115417
