event_sleeping:
  end: 1685002484.0250766
  start: 1685002145.067704
