event_sleeping:
  end: 1685004434.0238366
  start: 1685004290.1735168
