event_sleeping:
  end: 1685000729.02536
  start: 1685000585.0783331
