event_sleeping:
  end: 1685001508.944682
  start: 1685001365.1187553
