event_sleeping:
  end: 1684999753.9480972
  start: 1684999609.8353267
