event_sleeping:
  end: 1685003068.996135
  start: 1685002925.1879065
