event_sleeping:
  end: 1685006579.0147915
  start: 1685006435.1136577
