event_sleeping:
  end: 1685005993.9574325
  start: 1685005655.1427252
