event_sleeping:
  end: 1685008724.025016
  start: 1685008385.1377227
