event_sleeping:
  end: 1685003653.948086
  start: 1685003315.188185
