event_sleeping:
  end: 1685001314.023894
  start: 1685001170.162693
