event_sleeping:
  end: 1685002093.948105
  start: 1685001950.1075728
