event_sleeping:
  end: 1685000339.0248024
  start: 1685000195.1791713
