event_sleeping:
  end: 1685000144.019979
  start: 1684999805.0396614
