event_sleeping:
  end: 1685006383.9961002
  start: 1685006065.220419
