event_sleeping:
  end: 1685000533.9801495
  start: 1685000390.1323526
