event_sleeping:
  end: 1685007749.019982
  start: 1685007605.1002944
