event_sleeping:
  end: 1683484995.2354386
  start: 1683484836.4578662
