event_sleeping:
  end: 1683486147.7755773
  start: 1683485811.5201156
