event_sleeping:
  end: 1683485757.748252
  start: 1683485726.4612617
