event_sleeping:
  end: 1683485672.7715547
  start: 1683485421.5006435
