event_sleeping:
  end: 1683484782.7191532
  start: 1683484782.7191334
