event_sleeping:
  end: 1683487410.300322
  start: 1683486981.6095338
