event_sleeping:
  end: 1683485367.7596338
  start: 1683485226.5253787
