event_sleeping:
  end: 1683486927.7481022
  start: 1683486701.4111133
