event_sleeping:
  end: 1683486647.723218
  start: 1683486201.478277
