event_sleeping:
  end: 1683485172.815537
  start: 1683485048.9877362
