event_sleeping:
  end: 1683484782.7219179
  start: 1683484782.7218819
