event_sleeping:
  end: 1683487215.2235096
  start: 1683486999.0255444
