event_sleeping:
  end: 1683486945.3155985
  start: 1683486786.6582677
