event_sleeping:
  end: 1683485672.8154101
  start: 1683485336.5196185
