event_sleeping:
  end: 1683486240.3154974
  start: 1683486116.603106
