event_sleeping:
  end: 1683486630.3168123
  start: 1683486294.0802732
