event_sleeping:
  end: 1683484977.8155456
  start: 1683484836.4567025
