event_sleeping:
  end: 1683486062.815532
  start: 1683485726.5444133
