event_sleeping:
  end: 1683485282.7860298
  start: 1683485031.5561442
