event_sleeping:
  end: 1683486732.7654889
  start: 1683486684.057098
