event_sleeping:
  end: 1683486537.8166537
  start: 1683486396.893877
