event_sleeping:
  end: 1683487037.7209477
  start: 1683486896.8156629
