event_sleeping:
  end: 1683486342.7500703
  start: 1683486219.3700051
