event_sleeping:
  end: 1683485282.7865102
  start: 1683485031.7394385
