event_sleeping:
  end: 1683484977.747447
  start: 1683484946.8571494
