event_sleeping:
  end: 1683486842.8153424
  start: 1683486591.8865664
