event_sleeping:
  end: 1683485580.3155148
  start: 1683485336.7928596
