event_sleeping:
  end: 1683484892.815555
  start: 1683484782.7202952
