event_sleeping:
  end: 1683485757.8154514
  start: 1683485634.329112
