event_sleeping:
  end: 1683485282.8426294
  start: 1683485124.0578604
