event_sleeping:
  end: 1683486842.7675507
  start: 1683486609.0282886
