event_sleeping:
  end: 1683486927.7475543
  start: 1683486896.4706793
