event_sleeping:
  end: 1683486555.2894201
  start: 1683486311.4727297
