event_sleeping:
  end: 1683486257.7358127
  start: 1683486006.5247138
