event_sleeping:
  end: 1683485672.8158326
  start: 1683485531.5143828
