event_sleeping:
  end: 1683485477.775628
  start: 1683485336.5090113
