event_sleeping:
  end: 1683487122.783507
  start: 1683486981.4730146
