event_sleeping:
  end: 1683485952.8153648
  start: 1683485726.4901154
