event_sleeping:
  end: 1683485070.319755
  start: 1683484782.7278335
