event_sleeping:
  end: 1683486342.8153408
  start: 1683486006.486404
