event_sleeping:
  end: 1683487140.3135917
  start: 1683486982.3539329
