event_sleeping:
  end: 1683485867.8089867
  start: 1683485439.1124866
