event_sleeping:
  end: 1683486927.7484431
  start: 1683486896.5906434
