event_sleeping:
  end: 1683485952.7479188
  start: 1683485921.5575776
