event_sleeping:
  end: 1683484995.2879221
  start: 1683484782.7283244
