event_sleeping:
  end: 1683486842.8156652
  start: 1683486396.5945823
