event_sleeping:
  end: 1683485385.3156004
  start: 1683485226.5960784
