event_sleeping:
  end: 1683485172.8167138
  start: 1683485049.00481
