event_sleeping:
  end: 1683486982.8166232
  start: 1683486646.462621
