event_sleeping:
  end: 1683485617.770111
  start: 1683485476.4250894
