event_sleeping:
  end: 1683485422.7480934
  start: 1683485086.4199297
