event_sleeping:
  end: 1683485032.7411506
  start: 1683484891.4572446
