event_sleeping:
  end: 1683486592.81691
  start: 1683486256.4983544
