event_sleeping:
  end: 1683486202.8166807
  start: 1683485671.480103
