event_sleeping:
  end: 1683484837.7719104
  start: 1683484782.7188904
