event_sleeping:
  end: 1685747990.2606256
  start: 1685747387.7477884
