event_sleeping:
  end: 1685747600.2519703
  start: 1685747387.7445595
