event_sleeping:
  end: 1685747497.8367388
  start: 1685747387.742335
