event_sleeping:
  end: 1685747480.3294234
  start: 1685747387.7433827
