event_sleeping:
  end: 1685748167.804072
  start: 1685747439.3549628
