event_sleeping:
  end: 1685747387.7436216
  start: 1685747387.7436025
