event_sleeping:
  end: 1685748027.737857
  start: 1685747689.7632527
