event_sleeping:
  end: 1685747442.7916448
  start: 1685747387.7392828
