event_sleeping:
  end: 1685748222.8318088
  start: 1685748079.7526464
