event_sleeping:
  end: 1685747637.747895
  start: 1685747494.490108
