event_sleeping_wait_all:
  end: 1684065955.7880614
  start: 1684065617.4156532
