event_sleeping:
  end: 1684064870.8073547
  start: 1684064727.344901
