event_sleeping:
  end: 1684065158.308406
  start: 1684064922.4593337
