event_sleeping_wait_all:
  end: 1684066040.7480857
  start: 1684066007.4024305
