event_sleeping:
  end: 1684064675.7143075
  start: 1684064675.7142618
