event_sleeping_wait_all:
  end: 1684067125.7889447
  start: 1684066872.3875308
