event_sleeping_wait_all:
  end: 1684065565.80752
  start: 1684065209.9978762
