event_sleeping_wait_all:
  end: 1684067498.2564228
  start: 1684067372.3168855
