event_sleeping_wait_all:
  end: 1684066430.739439
  start: 1684066397.3742142
