event_sleeping_wait_all:
  end: 1684066820.7292783
  start: 1684066787.3871114
