event_sleeping_wait_all:
  end: 1684066735.731525
  start: 1684066482.4193091
