event_sleeping_wait_all:
  end: 1684066345.7361338
  start: 1684066092.405718
