event_sleeping_wait_all:
  end: 1684067320.7195466
  start: 1684067177.432429
