event_sleeping_wait_all:
  end: 1684065650.803597
  start: 1684065507.3236227
