event_sleeping_wait_all:
  end: 1684066040.8123934
  start: 1684065897.3992367
