event_sleeping_wait_all:
  end: 1684065845.731532
  start: 1684065702.4405031
