event_sleeping_wait_all:
  end: 1684067618.309698
  start: 1684067354.9042122
