event_sleeping:
  end: 1684064768.2848732
  start: 1684064675.7158544
