event_sleeping_wait_all:
  end: 1684066328.3103678
  start: 1684066092.402644
