event_sleeping_wait_all:
  end: 1684067303.274803
  start: 1684067084.979889
