event_sleeping_wait_all:
  end: 1684065260.7431219
  start: 1684065227.458698
