event_sleeping_wait_all:
  end: 1684064870.7595541
  start: 1684064819.9701355
