event_sleeping_wait_all:
  end: 1684065175.8073232
  start: 1684064922.4590483
