event_sleeping_wait_all:
  end: 1684065455.7115326
  start: 1684065312.3840644
