event_sleeping_wait_all:
  end: 1684067033.2876403
  start: 1684066694.9360464
