event_sleeping_wait_all:
  end: 1684066643.3077056
  start: 1684066379.9555938
