event_sleeping_wait_all:
  end: 1684067303.275939
  start: 1684067067.462327
