event_sleeping:
  end: 1684065668.3076174
  start: 1684065507.3775442
