event_sleeping:
  end: 1684065455.711964
  start: 1684065312.367396
