event_sleeping:
  end: 1684064675.7197025
  start: 1684064675.719657
