event_sleeping_wait_all:
  end: 1684068083.3095944
  start: 1684067652.397037
