event_sleeping_wait_all:
  end: 1684066328.309644
  start: 1684065719.9601305
