event_sleeping_wait_all:
  end: 1684067015.807468
  start: 1684066872.4211504
