event_sleeping:
  end: 1684065175.80751
  start: 1684064727.368872
