event_sleeping:
  end: 1684065260.742833
  start: 1684065227.5008562
