event_sleeping_wait_all:
  end: 1684067600.7155616
  start: 1684067354.9653914
