event_sleeping_wait_all:
  end: 1684066820.807435
  start: 1684066677.4512346
