event_sleeping_wait_all:
  end: 1684066625.7805302
  start: 1684066379.9854782
