event_sleeping_wait_all:
  end: 1684065955.7876313
  start: 1684065812.398541
