event_sleeping_wait_all:
  end: 1684066643.2195199
  start: 1684066592.3946795
