event_sleeping_wait_all:
  end: 1684066930.8075368
  start: 1684066694.8889058
