event_sleeping_wait_all:
  end: 1684065565.8080013
  start: 1684065209.984958
