event_sleeping:
  end: 1684064980.8074703
  start: 1684064837.4857771
