event_sleeping_wait_all:
  end: 1684065760.7476072
  start: 1684065617.4631488
