event_sleeping_wait_all:
  end: 1684067498.2557085
  start: 1684067372.419835
