event_sleeping:
  end: 1684065158.3076413
  start: 1684065032.393557
