event_sleeping_wait_all:
  end: 1684066235.8093412
  start: 1684066092.3396142
