event_sleeping_wait_all:
  end: 1684066040.7394726
  start: 1684066007.4106443
