event_sleeping_wait_all:
  end: 1684067320.807483
  start: 1684067067.351446
