event_sleeping_wait_all:
  end: 1684066540.7680352
  start: 1684066287.4791675
