event_sleeping:
  end: 1684064785.8138297
  start: 1684064675.7199411
