event_sleeping_wait_all:
  end: 1684067015.7274148
  start: 1684066982.4732354
