event_sleeping:
  end: 1684064768.2830749
  start: 1684064675.720434
