event_sleeping_wait_all:
  end: 1684065473.2190056
  start: 1684065422.2770946
