event_sleeping_wait_all:
  end: 1684065955.8248322
  start: 1684065524.8166792
