event_sleeping_wait_all:
  end: 1684067990.7315805
  start: 1684067652.373372
