event_sleeping_wait_all:
  end: 1684067303.2756195
  start: 1684066787.3736687
