event_sleeping_wait_all:
  end: 1684066040.7479546
  start: 1684066007.3944433
