event_sleeping_wait_all:
  end: 1684066735.8074803
  start: 1684066092.3137872
