event_sleeping_wait_all:
  end: 1684067405.7595236
  start: 1684067354.8854458
