event_sleeping_wait_all:
  end: 1684065158.223688
  start: 1684065032.2785928
