event_sleeping_wait_all:
  end: 1684065370.7315335
  start: 1684065209.778474
