event_sleeping_wait_all:
  end: 1684064980.7155855
  start: 1684064819.9117184
