event_sleeping_wait_all:
  end: 1684068278.307602
  start: 1684068042.3332875
