event_sleeping_wait_all:
  end: 1684067600.8076067
  start: 1684067457.332694
