event_sleeping_wait_all:
  end: 1684068240.783432
  start: 1684068097.8055787
