event_sleeping:
  end: 1684067460.7460227
  start: 1684067317.8978596
