event_sleeping:
  end: 1684065705.7224214
  start: 1684065562.8218915
