event_sleeping:
  end: 1684065510.8075554
  start: 1684065172.8638568
