event_sleeping_wait_all:
  end: 1684067655.809748
  start: 1684067512.6715033
