event_sleeping:
  end: 1684064925.8074749
  start: 1684064782.8088198
