event_sleeping_wait_all:
  end: 1684067850.791031
  start: 1684067707.736038
