event_sleeping:
  end: 1684066290.7675867
  start: 1684065757.7020233
