event_sleeping:
  end: 1684067265.8075182
  start: 1684067122.7744026
