event_sleeping:
  end: 1684064730.7675486
  start: 1684064675.7191012
