event_sleeping_wait_all:
  end: 1684068045.8097165
  start: 1684067902.732868
