event_sleeping:
  end: 1684065120.7565768
  start: 1684064977.8215845
