event_sleeping:
  end: 1684067070.8096628
  start: 1684066927.7771056
