event_sleeping:
  end: 1684066875.780363
  start: 1684066732.7788644
