event_sleeping:
  end: 1685065639.3654532
  start: 1685065500.1645336
