event_sleeping:
  end: 1685066706.877503
  start: 1685066545.5146854
