event_sleeping:
  end: 1685066011.8040783
  start: 1685065885.4656017
