event_sleeping:
  end: 1685065444.375861
  start: 1685064841.7975407
