event_sleeping:
  end: 1685066494.3777058
  start: 1685066350.3892317
