event_sleeping:
  end: 1685066299.356107
  start: 1685066062.9095614
