event_sleeping:
  end: 1685065834.385503
  start: 1685065690.4510102
