event_sleeping:
  end: 1685065444.3278685
  start: 1685065392.657137
