event_sleeping:
  end: 1685065341.852124
  start: 1685065114.5176635
