event_sleeping:
  end: 1685065621.8778102
  start: 1685065495.1245954
