event_sleeping:
  end: 1685066689.3778079
  start: 1685066367.701429
