event_sleeping:
  end: 1685065054.3001125
  start: 1685064841.7938395
