event_sleeping:
  end: 1685066316.877699
  start: 1685065672.74353
