event_sleeping:
  end: 1685066419.3299637
  start: 1685066367.6658742
