event_sleeping:
  end: 1685065834.3473737
  start: 1685065765.1799223
