event_sleeping:
  end: 1685065146.8774574
  start: 1685065002.6855133
