event_sleeping:
  end: 1685066689.3775265
  start: 1685066470.1286716
