event_sleeping:
  end: 1685066316.8774273
  start: 1685065885.1701002
