event_sleeping:
  end: 1685065714.3775234
  start: 1685065570.1749814
