event_sleeping:
  end: 1685064951.8806624
  start: 1685064841.7912788
