event_sleeping:
  end: 1685065519.3239672
  start: 1685065197.6952858
