event_sleeping:
  end: 1685066104.358082
  start: 1685065782.603982
