event_sleeping:
  end: 1685066419.3292615
  start: 1685066350.1987827
