event_sleeping:
  end: 1685065146.8779128
  start: 1685064985.2396276
