event_sleeping:
  end: 1685066884.2840362
  start: 1685066470.1401167
