event_sleeping:
  end: 1685065731.8040428
  start: 1685065282.6182575
