event_sleeping:
  end: 1685064934.364148
  start: 1685064841.7903068
