event_sleeping:
  end: 1685066299.3894324
  start: 1685066155.1735258
