event_sleeping:
  end: 1685065231.8116422
  start: 1685065197.6962957
