event_sleeping:
  end: 1685064841.7919858
  start: 1685064841.791834
