event_sleeping:
  end: 1685066011.8080373
  start: 1685065885.117213
