event_sleeping:
  end: 1685066316.878007
  start: 1685066062.5575094
