event_sleeping:
  end: 1685065621.8775196
  start: 1685064892.5460777
