event_sleeping:
  end: 1685066401.8127255
  start: 1685066367.664821
