event_sleeping:
  end: 1685066791.8585997
  start: 1685066452.5541291
