event_sleeping:
  end: 1685065834.3865895
  start: 1685065672.6271975
