event_sleeping:
  end: 1685066261.8701339
  start: 1685066117.9833457
