event_sleeping:
  end: 1685065676.8775325
  start: 1685065532.960643
