event_sleeping:
  end: 1685065871.7849202
  start: 1685065727.9904492
