event_sleeping:
  end: 1685066456.7892056
  start: 1685066313.0081909
