event_sleeping:
  end: 1685065481.7902312
  start: 1685065143.0500019
