event_sleeping:
  end: 1685066066.8696558
  start: 1685065922.914198
