event_sleeping:
  end: 1685065091.8758614
  start: 1685064947.6995182
