event_sleeping:
  end: 1685064896.838699
  start: 1685064841.788402
