event_sleeping:
  end: 1682977849.8670602
  start: 1682977171.3091016
