event_sleeping:
  end: 1682977849.903419
  start: 1682977171.3102927
