event_sleeping:
  end: 1682977952.399332
  start: 1682977808.9974804
