event_sleeping:
  end: 1682977757.361728
  start: 1682977171.3105035
