event_sleeping:
  end: 1686155294.7234635
  start: 1686155150.762021
