event_sleeping:
  end: 1686155489.7194026
  start: 1686155345.7824683
