event_sleeping:
  end: 1686154997.223704
  start: 1686154760.7809114
