event_sleeping:
  end: 1686155954.7194703
  start: 1686155540.7904468
