event_sleeping:
  end: 1686154709.7260725
  start: 1686154514.6318982
