event_sleeping:
  end: 1686156734.6310008
  start: 1686156200.7918465
