event_sleeping:
  end: 1686155099.6715205
  start: 1686155048.308796
