event_sleeping:
  end: 1686156149.711567
  start: 1686156005.7438176
