event_sleeping:
  end: 1686156344.723296
  start: 1686156125.7570426
