event_sleeping:
  end: 1686156464.6921299
  start: 1686156395.7668555
