event_sleeping:
  end: 1686155684.7235227
  start: 1686155438.2353516
