event_sleeping:
  end: 1686155099.7194152
  start: 1686154760.765859
