event_sleeping:
  end: 1686156854.6797462
  start: 1686156515.798102
