event_sleeping:
  end: 1686156074.7220244
  start: 1686155735.8252594
