event_sleeping:
  end: 1686154709.7273786
  start: 1686154565.413562
