event_sleeping:
  end: 1686154514.6307094
  start: 1686154514.6306129
