event_sleeping:
  end: 1686155387.1609676
  start: 1686155150.7853806
