event_sleeping:
  end: 1686154589.6997147
  start: 1686154514.6316566
