event_sleeping:
  end: 1686155174.7234995
  start: 1686154938.2824268
