event_sleeping:
  end: 1686155369.642492
  start: 1686155225.7838857
