event_sleeping:
  end: 1686154784.6796184
  start: 1686154640.820744
