event_sleeping:
  end: 1686156539.6667216
  start: 1686156395.7864327
