event_sleeping:
  end: 1686156074.6611922
  start: 1686156005.7890372
