event_sleeping:
  end: 1686156734.630705
  start: 1686156590.7542565
