event_sleeping:
  end: 1686155954.7197945
  start: 1686155540.68588
