event_sleeping:
  end: 1686154887.174803
  start: 1686154835.7559009
