event_sleeping:
  end: 1686156344.7194722
  start: 1686156125.7345161
