event_sleeping:
  end: 1686155489.691508
  start: 1686155420.687039
