event_sleeping:
  end: 1686155174.6636524
  start: 1686154853.2333603
