event_sleeping:
  end: 1686156269.7233996
  start: 1686156125.7256663
