event_sleeping:
  end: 1686155564.651372
  start: 1686155225.7700624
