event_sleeping:
  end: 1686156539.71944
  start: 1686156320.7948947
