event_sleeping:
  end: 1686154802.1475513
  start: 1686154640.8087473
