event_sleeping:
  end: 1686156074.6618335
  start: 1686156005.7156272
