event_sleeping:
  end: 1686155954.6636908
  start: 1686155810.7200117
