event_sleeping:
  end: 1686155759.6396282
  start: 1686155615.740475
