event_sleeping:
  end: 1686156929.639642
  start: 1686156710.7640188
