event_sleeping:
  end: 1686156659.6916163
  start: 1686156590.7832127
