event_sleeping:
  end: 1686154589.699514
  start: 1686154514.6317961
