event_sleeping:
  end: 1686156659.691485
  start: 1686156590.7117932
