event_sleeping:
  end: 1686154709.6914735
  start: 1686154640.6518862
