event_sleeping:
  end: 1686155294.663643
  start: 1686154760.6757116
