event_sleeping:
  end: 1686156837.218002
  start: 1686156710.6774323
