event_sleeping:
  end: 1686156057.1475892
  start: 1686155540.6747205
