event_sleeping:
  end: 1686156539.719776
  start: 1686156395.7300212
