event_sleeping:
  end: 1686155489.7253537
  start: 1686155345.6424727
