event_sleeping:
  end: 1686156344.7235694
  start: 1686156108.1354733
