event_sleeping:
  end: 1686154589.6955419
  start: 1686154514.6291556
