event_sleeping:
  end: 1686155137.2236214
  start: 1686154798.2613323
