event_sleeping:
  end: 1686155722.1931086
  start: 1686155578.2390573
