event_sleeping:
  end: 1686156307.1602976
  start: 1686156213.402623
