event_sleeping:
  end: 1686155917.195898
  start: 1686155773.290337
