event_sleeping:
  end: 1686154552.1613011
  start: 1686154514.6280284
