event_sleeping:
  end: 1686156697.22364
  start: 1686156553.2225194
