event_sleeping:
  end: 1686154747.163053
  start: 1686154612.8910232
