event_sleeping:
  end: 1686155332.2165263
  start: 1686155188.306775
