event_sleeping:
  end: 1686155527.1719527
  start: 1686155383.278581
