event_sleeping:
  end: 1686156502.1243002
  start: 1686156358.2736073
