event_sleeping:
  end: 1686156112.192276
  start: 1686155968.3114154
