event_sleeping:
  end: 1685751424.1188104
  start: 1685751229.1171641
