event_sleeping:
  end: 1685751229.1135564
  start: 1685751229.1119175
