event_sleeping:
  end: 1685751424.1280797
  start: 1685751280.8019545
