event_sleeping:
  end: 1685751339.1966095
  start: 1685751229.11458
