event_sleeping:
  end: 1685751339.1961725
  start: 1685751229.1151729
