event_sleeping:
  end: 1685751339.196841
  start: 1685751229.1149535
