event_sleeping:
  end: 1685751284.1631575
  start: 1685751229.1097827
