event_sleeping:
  end: 1685751479.1521063
  start: 1685751335.8468223
