event_sleeping:
  end: 1685385465.0094888
  start: 1685385321.0086086
