event_sleeping:
  end: 1685384982.434645
  start: 1685384856.111484
