event_sleeping:
  end: 1685385269.9800801
  start: 1685385033.5185084
