event_sleeping:
  end: 1685384805.0201104
  start: 1685384661.0858104
