event_sleeping:
  end: 1685384415.0155845
  start: 1685383812.421463
