event_sleeping:
  end: 1685384609.9958825
  start: 1685384466.0816634
