event_sleeping:
  end: 1685384025.0162137
  start: 1685383812.421271
