event_sleeping:
  end: 1685385287.5162504
  start: 1685384643.2935045
