event_sleeping:
  end: 1685384592.5080872
  start: 1685384465.7763648
