event_sleeping:
  end: 1685384312.4761045
  start: 1685384075.8324323
