event_sleeping:
  end: 1685384414.963921
  start: 1685384363.2777243
