event_sleeping:
  end: 1685385660.0120394
  start: 1685385338.3647382
