event_sleeping:
  end: 1685384684.960788
  start: 1685384540.864287
