event_sleeping:
  end: 1685384804.9847183
  start: 1685384735.7665515
