event_sleeping:
  end: 1685384490.0120604
  start: 1685384168.2421587
