event_sleeping:
  end: 1685385659.9321258
  start: 1685385440.797754
