event_sleeping:
  end: 1685385287.5154986
  start: 1685384855.8101578
