event_sleeping:
  end: 1685383922.5157218
  start: 1685383812.4260163
