event_sleeping:
  end: 1685385389.96442
  start: 1685385338.3358853
