event_sleeping:
  end: 1685384117.4360454
  start: 1685383973.3475664
