event_sleeping:
  end: 1685385389.9224093
  start: 1685385320.819263
