event_sleeping:
  end: 1685385854.9160066
  start: 1685385440.706901
