event_sleeping:
  end: 1685385075.0120418
  start: 1685384753.289211
