event_sleeping:
  end: 1685383904.956221
  start: 1685383812.4265854
