event_sleeping:
  end: 1685385270.0146863
  start: 1685385125.8254402
