event_sleeping:
  end: 1685384202.451127
  start: 1685384168.239775
