event_sleeping:
  end: 1685384702.5156035
  start: 1685384253.2766466
