event_sleeping:
  end: 1685384117.436314
  start: 1685383955.8315868
