event_sleeping:
  end: 1685384805.019117
  start: 1685384643.2288094
