event_sleeping:
  end: 1685385287.4199831
  start: 1685385033.2134645
