event_sleeping:
  end: 1685384982.4349298
  start: 1685384855.7488875
