event_sleeping:
  end: 1685385762.5156927
  start: 1685385423.227344
