event_sleeping:
  end: 1685385372.4496322
  start: 1685385338.1311975
