event_sleeping:
  end: 1685383812.4268918
  start: 1685383812.4268677
