event_sleeping:
  end: 1685384062.51602
  start: 1685383918.3095458
