event_sleeping:
  end: 1685385037.5154982
  start: 1685384893.629444
