event_sleeping:
  end: 1685383867.4715352
  start: 1685383812.4194431
