event_sleeping:
  end: 1685384647.5120473
  start: 1685384503.6358104
