event_sleeping:
  end: 1685384842.4717066
  start: 1685384698.678328
