event_sleeping:
  end: 1685385232.5081244
  start: 1685385088.6814702
