event_sleeping:
  end: 1685385427.5158243
  start: 1685385283.6624525
