event_sleeping:
  end: 1685384452.4439332
  start: 1685384113.6735494
