event_sleeping:
  end: 1685391263.311883
  start: 1685391126.1576595
