event_sleeping:
  end: 1685390855.7482293
  start: 1685390465.728048
