event_sleeping:
  end: 1685391068.3040915
  start: 1685390907.7056582
