event_sleeping_wait_all:
  end: 1685391923.311976
  start: 1685391510.2348874
