event_sleeping_wait_all:
  end: 1685391458.2665126
  start: 1685391315.2540603
