event_sleeping:
  end: 1685390465.7246177
  start: 1685390465.724524
