event_sleeping_wait_all:
  end: 1685392313.3121223
  start: 1685392187.382936
