event_sleeping_wait_all:
  end: 1685391745.811898
  start: 1685391492.5102417
