event_sleeping:
  end: 1685390678.3146842
  start: 1685390517.380079
