event_sleeping_wait_all:
  end: 1685391440.812134
  start: 1685391119.9729955
