event_sleeping_wait_all:
  end: 1685391830.7463934
  start: 1685391797.4164715
