event_sleeping_wait_all:
  end: 1685391068.2642944
  start: 1685391017.453064
