event_sleeping_wait_all:
  end: 1685392135.7359362
  start: 1685391882.4060974
