event_sleeping:
  end: 1685390965.8146799
  start: 1685390738.9713583
