event_sleeping_wait_all:
  end: 1685392043.3119297
  start: 1685391882.3983133
