event_sleeping_wait_all:
  end: 1685391338.3145835
  start: 1685391194.9829469
