event_sleeping_wait_all:
  end: 1685391830.735929
  start: 1685391509.9212692
