event_sleeping:
  end: 1685390465.7252588
  start: 1685390465.7248197
