event_sleeping:
  end: 1685391143.3119276
  start: 1685390517.4515114
