event_sleeping_wait_all:
  end: 1685391458.2760272
  start: 1685391390.0130835
