event_sleeping_wait_all:
  end: 1685391245.8148293
  start: 1685391102.4669886
