event_sleeping_wait_all:
  end: 1685391440.7358224
  start: 1685391297.4856482
