event_sleeping_wait_all:
  end: 1685390855.8119242
  start: 1685390609.9542272
