event_sleeping_wait_all:
  end: 1685391050.8148727
  start: 1685390907.4309351
