event_sleeping_wait_all:
  end: 1685391728.314917
  start: 1685391492.3959537
