event_sleeping:
  end: 1685390558.2939026
  start: 1685390465.725875
