event_sleeping_wait_all:
  end: 1685391940.7961323
  start: 1685391797.4009047
