event_sleeping_wait_all:
  end: 1685391745.8120804
  start: 1685391509.8930902
