event_sleeping:
  end: 1685391458.2659054
  start: 1685391407.3442965
