event_sleeping_wait_all:
  end: 1685393093.244092
  start: 1685392772.3222964
