event_sleeping:
  end: 1685390465.726585
  start: 1685390465.726256
