event_sleeping:
  end: 1685390770.8121085
  start: 1685390517.3250782
