event_sleeping:
  end: 1685390855.74783
  start: 1685390822.4016664
