event_sleeping_wait_all:
  end: 1685392525.8149455
  start: 1685392272.4054964
