event_sleeping_wait_all:
  end: 1685392720.7358565
  start: 1685392577.4318948
