event_sleeping_wait_all:
  end: 1685392220.814763
  start: 1685391992.4270897
