event_sleeping:
  end: 1685391355.7358768
  start: 1685390907.3822088
