event_sleeping_wait_all:
  end: 1685392665.7700808
  start: 1685392522.7638679
