event_sleeping_wait_all:
  end: 1685391885.8148646
  start: 1685391742.8304493
