event_sleeping:
  end: 1685390715.784132
  start: 1685390572.8294704
