event_sleeping:
  end: 1685390910.748087
  start: 1685390767.8348355
