event_sleeping_wait_all:
  end: 1685392080.8150246
  start: 1685391937.8404706
