event_sleeping:
  end: 1685390520.7734094
  start: 1685390465.721373
