event_sleeping_wait_all:
  end: 1685392860.7358863
  start: 1685392717.8320334
