event_sleeping:
  end: 1685391105.7561507
  start: 1685390962.75442
