event_sleeping:
  end: 1685391495.7301998
  start: 1685391352.7370696
