event_sleeping_wait_all:
  end: 1685391690.8147612
  start: 1685391547.7635243
