event_sleeping:
  end: 1685391300.7359555
  start: 1685391157.7901256
