event_sleeping_wait_all:
  end: 1685393055.81463
  start: 1685392912.743359
