event_sleeping_wait_all:
  end: 1685392275.8145943
  start: 1685392132.7945766
