event_sleeping_wait_all:
  end: 1685392470.7357395
  start: 1685392327.8274164
