event_sleeping_wait_all:
  end: 1684851635.6121933
  start: 1684851492.600595
