event_sleeping:
  end: 1684851440.679898
  start: 1684850838.0987558
