event_sleeping_wait_all:
  end: 1684851830.683447
  start: 1684851687.5891762
