event_sleeping_wait_all:
  end: 1684852313.1799674
  start: 1684851669.797677
