event_sleeping_wait_all:
  end: 1684851440.6040523
  start: 1684851389.8301663
