event_sleeping_wait_all:
  end: 1684852685.6799765
  start: 1684852364.8486514
