event_sleeping:
  end: 1684851050.620079
  start: 1684850838.097569
