event_sleeping_wait_all:
  end: 1684851338.1835115
  start: 1684851102.2569234
