event_sleeping_wait_all:
  end: 1684851618.180063
  start: 1684851492.2831876
