event_sleeping:
  end: 1684851143.0882056
  start: 1684850999.8773983
