event_sleeping:
  end: 1684851515.6241515
  start: 1684851194.795411
