event_sleeping:
  end: 1684850948.1863344
  start: 1684850838.0955715
