event_sleeping_wait_all:
  end: 1684851830.620209
  start: 1684851762.2254078
