event_sleeping_wait_all:
  end: 1684851710.583991
  start: 1684851567.275972
