event_sleeping_wait_all:
  end: 1684851143.1838193
  start: 1684850982.2619185
