event_sleeping:
  end: 1684850930.5993059
  start: 1684850838.0966592
