event_sleeping_wait_all:
  end: 1684851728.0966213
  start: 1684851279.812119
