event_sleeping_wait_all:
  end: 1684851228.1168637
  start: 1684851194.8317323
