event_sleeping_wait_all:
  end: 1684852100.6682148
  start: 1684851779.7193646
