event_sleeping:
  end: 1684850838.096845
  start: 1684850838.0968244
