event_sleeping:
  end: 1684851830.6836932
  start: 1684851669.6665688
