event_sleeping:
  end: 1684851618.092086
  start: 1684850889.6805747
