event_sleeping_wait_all:
  end: 1684852648.1836772
  start: 1684852505.181608
