event_sleeping:
  end: 1684850893.1001272
  start: 1684850838.0892081
