event_sleeping:
  end: 1684851088.1838982
  start: 1684850945.1439044
