event_sleeping_wait_all:
  end: 1684852063.1519601
  start: 1684851920.2049048
