event_sleeping:
  end: 1684851868.183603
  start: 1684851725.1609066
