event_sleeping:
  end: 1684851478.1722486
  start: 1684851140.2002854
