event_sleeping_wait_all:
  end: 1684852258.0881937
  start: 1684852115.133009
