event_sleeping_wait_all:
  end: 1684852453.1749163
  start: 1684852310.049063
