event_sleeping:
  end: 1684851673.183872
  start: 1684851530.2131555
