event_sleeping_wait_all:
  end: 1683142902.36513
  start: 1683142759.0271087
