event_sleeping_wait_all:
  end: 1683143562.4075246
  start: 1683143149.0766702
