event_sleeping_wait_all:
  end: 1683142604.8671227
  start: 1683142369.1415284
