event_sleeping_wait_all:
  end: 1683142707.3554313
  start: 1683142656.5037456
