event_sleeping_wait_all:
  end: 1683143097.4073536
  start: 1683142954.0476654
