event_sleeping:
  end: 1683142317.416517
  start: 1683142122.3222454
