event_sleeping_wait_all:
  end: 1683143682.4074771
  start: 1683143344.0735598
