event_sleeping:
  end: 1683142122.3167524
  start: 1683142122.3166852
