event_sleeping_wait_all:
  end: 1683142707.4076083
  start: 1683142369.166021
