event_sleeping_wait_all:
  end: 1683142317.4073884
  start: 1683142174.0203748
