event_sleeping_wait_all:
  end: 1683143292.4075785
  start: 1683143046.4734426
