event_sleeping_wait_all:
  end: 1683142994.8636599
  start: 1683142759.027229
