event_sleeping:
  end: 1683142197.3819282
  start: 1683142122.3157842
