event_sleeping_wait_all:
  end: 1683142782.4033935
  start: 1683142546.7754555
