event_sleeping_wait_all:
  end: 1683143097.3754766
  start: 1683143029.329364
