event_sleeping_wait_all:
  end: 1683142392.399528
  start: 1683142249.306005
