event_sleeping_wait_all:
  end: 1683142494.8553803
  start: 1683142444.3949196
