event_sleeping_wait_all:
  end: 1683142977.407857
  start: 1683142834.2794814
