event_sleeping_wait_all:
  end: 1683142409.9075933
  start: 1683142249.0044014
