event_sleeping_wait_all:
  end: 1683143682.3195097
  start: 1683143614.0244827
