event_sleeping:
  end: 1683142197.3440862
  start: 1683142122.3221245
