event_sleeping_wait_all:
  end: 1683143562.407184
  start: 1683143419.0337355
