event_sleeping_wait_all:
  end: 1683143172.4035716
  start: 1683142834.0207927
