event_sleeping_wait_all:
  end: 1683143367.3808022
  start: 1683143224.056788
