event_sleeping_wait_all:
  end: 1683142782.3694944
  start: 1683142461.5344765
