event_sleeping:
  end: 1683142197.343613
  start: 1683142122.3188913
