event_sleeping_wait_all:
  end: 1683142317.3518164
  start: 1683142249.0382447
