event_sleeping_wait_all:
  end: 1683142902.3693168
  start: 1683142368.9877207
