event_sleeping_wait_all:
  end: 1683143329.9034228
  start: 1683143186.568783
