event_sleeping:
  end: 1683142744.9076488
  start: 1683142406.5302176
