event_sleeping_wait_all:
  end: 1683143134.9074996
  start: 1683142991.546194
