event_sleeping_wait_all:
  end: 1683142939.907628
  start: 1683142796.5496843
