event_sleeping:
  end: 1683142159.8464708
  start: 1683142122.3178675
