event_sleeping:
  end: 1683142354.875675
  start: 1683142227.095108
