event_sleeping:
  end: 1685340068.4439762
  start: 1685339999.553162
