event_sleeping:
  end: 1685339948.4967356
  start: 1685339804.54921
