event_sleeping:
  end: 1685339168.5374463
  start: 1685339024.600153
