event_sleeping:
  end: 1685339753.468063
  start: 1685339219.6294794
