event_sleeping:
  end: 1685340355.950608
  start: 1685340119.5492659
