event_sleeping:
  end: 1685337728.4761045
  start: 1685337533.4444807
