event_sleeping:
  end: 1685338118.466681
  start: 1685338067.0860622
