event_sleeping:
  end: 1685338313.5376687
  start: 1685338169.554214
