event_sleeping:
  end: 1685338015.9641042
  start: 1685337779.554242
