event_sleeping:
  end: 1685338508.4762747
  start: 1685338364.6607769
