event_sleeping:
  end: 1685338973.5085618
  start: 1685338559.5007257
