event_sleeping:
  end: 1685339363.5374486
  start: 1685339144.3228524
