event_sleeping:
  end: 1685337728.512338
  start: 1685337584.3002934
