event_sleeping:
  end: 1685337533.446375
  start: 1685337533.4462838
