event_sleeping:
  end: 1685338118.4667897
  start: 1685337779.3169496
