event_sleeping:
  end: 1685338703.5360048
  start: 1685338456.802672
