event_sleeping:
  end: 1685339093.5417342
  start: 1685338754.3170402
