event_sleeping:
  end: 1685339873.5373306
  start: 1685339534.289559
