event_sleeping:
  end: 1685340245.9482691
  start: 1685339924.3549807
