event_sleeping:
  end: 1685339483.5061927
  start: 1685339414.316502
