event_sleeping:
  end: 1685338405.9800844
  start: 1685338169.260486
