event_sleeping:
  end: 1685337803.5359519
  start: 1685337659.2288558
