event_sleeping:
  end: 1685337905.9888048
  start: 1685337854.2879658
