event_sleeping:
  end: 1685338508.5077744
  start: 1685338439.3853402
