event_sleeping:
  end: 1685340068.4577034
  start: 1685339804.2888966
