event_sleeping:
  end: 1685338388.5377026
  start: 1685338244.3209934
