event_sleeping:
  end: 1685337608.4761102
  start: 1685337533.4465616
