event_sleeping:
  end: 1685338973.496996
  start: 1685338559.297848
