event_sleeping:
  end: 1685339753.4684176
  start: 1685339609.3554382
