event_sleeping:
  end: 1685338193.500042
  start: 1685337956.7913218
