event_sleeping:
  end: 1685339093.506404
  start: 1685339024.3515935
