event_sleeping:
  end: 1685339363.5371394
  start: 1685339144.3464117
