event_sleeping:
  end: 1685339558.5360134
  start: 1685339414.3455617
