event_sleeping:
  end: 1685340245.9480286
  start: 1685340119.253673
