event_sleeping:
  end: 1685339093.4953616
  start: 1685339024.3072352
