event_sleeping:
  end: 1685339678.5063732
  start: 1685339609.3322697
