event_sleeping:
  end: 1685340143.4800482
  start: 1685339999.3479984
