event_sleeping:
  end: 1685337608.512508
  start: 1685337533.446817
