event_sleeping:
  end: 1685337821.037082
  start: 1685337659.320566
