event_sleeping:
  end: 1685339948.5358872
  start: 1685339729.294077
