event_sleeping:
  end: 1685338973.4978426
  start: 1685338829.2990303
