event_sleeping:
  end: 1685339558.5366175
  start: 1685339339.2715836
