event_sleeping:
  end: 1685339288.476184
  start: 1685339144.280605
