event_sleeping:
  end: 1685338778.5240455
  start: 1685338634.317571
