event_sleeping:
  end: 1685338583.532028
  start: 1685338244.3402348
