event_sleeping:
  end: 1685338193.5361612
  start: 1685337871.8695617
