event_sleeping:
  end: 1685339856.0373645
  start: 1685339729.3041778
