event_sleeping:
  end: 1685338313.5373678
  start: 1685337779.2673905
