event_sleeping:
  end: 1685340143.4803991
  start: 1685339906.786588
