event_sleeping:
  end: 1685338508.5479832
  start: 1685338364.2963302
