event_sleeping:
  end: 1685337608.5119886
  start: 1685337533.445654
