event_sleeping:
  end: 1685339678.506465
  start: 1685339609.182342
