event_sleeping:
  end: 1685339363.5376854
  start: 1685339126.7611973
