event_sleeping:
  end: 1685337728.5134554
  start: 1685337659.2259161
