event_sleeping:
  end: 1685339076.0280745
  start: 1685338559.241159
