event_sleeping:
  end: 1685339558.4415965
  start: 1685339414.2483585
