event_sleeping:
  end: 1685339131.0361266
  start: 1685338987.2044601
