event_sleeping:
  end: 1685338936.035958
  start: 1685338792.1758196
