event_sleeping:
  end: 1685339326.0121396
  start: 1685339232.5862103
