event_sleeping:
  end: 1685337570.9756718
  start: 1685337533.4425673
