event_sleeping:
  end: 1685337766.0068483
  start: 1685337631.947123
