event_sleeping:
  end: 1685339716.0278885
  start: 1685339572.160683
