event_sleeping:
  end: 1685339521.0201018
  start: 1685339377.127328
