event_sleeping:
  end: 1685338546.036051
  start: 1685338402.1186714
