event_sleeping:
  end: 1685338741.0375304
  start: 1685338597.1980214
