event_sleeping:
  end: 1685339910.9720721
  start: 1685339767.1558516
