event_sleeping:
  end: 1685338350.9672155
  start: 1685338207.1914601
