event_sleeping:
  end: 1685338156.0371432
  start: 1685337817.1712403
