event_sleeping:
  end: 1685340105.969309
  start: 1685339962.0939445
