event_sleeping:
  end: 1685059438.9928136
  start: 1685059295.109113
