event_sleeping:
  end: 1685060311.4958525
  start: 1685060150.047357
