event_sleeping:
  end: 1685058836.492313
  start: 1685058446.4076486
