event_sleeping:
  end: 1685059243.9956162
  start: 1685059100.0744417
