event_sleeping:
  end: 1685059903.9955347
  start: 1685059490.0663784
