event_sleeping:
  end: 1685059048.9923005
  start: 1685058892.2739758
