event_sleeping:
  end: 1685060098.9491239
  start: 1685059955.0894022
