event_sleeping:
  end: 1685058446.39877
  start: 1685058446.3986957
