event_sleeping:
  end: 1685059421.4954066
  start: 1685059099.7673688
