event_sleeping:
  end: 1685058658.9956121
  start: 1685058506.534996
