event_sleeping:
  end: 1685060116.435254
  start: 1685059862.2286432
