event_sleeping:
  end: 1685059811.4199836
  start: 1685059777.1970499
