event_sleeping:
  end: 1685058946.4953978
  start: 1685058709.7869227
