event_sleeping:
  end: 1685059048.9472506
  start: 1685058997.2942412
