event_sleeping:
  end: 1685059726.443971
  start: 1685059472.3165011
