event_sleeping:
  end: 1685058446.4021409
  start: 1685058446.4018373
