event_sleeping:
  end: 1685059318.9285784
  start: 1685059174.8291452
