event_sleeping:
  end: 1685059123.995525
  start: 1685058497.2012568
