event_sleeping:
  end: 1685060293.9160466
  start: 1685060074.7736878
