event_sleeping:
  end: 1685059438.9475472
  start: 1685059369.7329795
