event_sleeping:
  end: 1685059811.4201205
  start: 1685059489.7703571
