event_sleeping:
  end: 1685060023.996421
  start: 1685059862.225605
