event_sleeping:
  end: 1685059421.4957342
  start: 1685059277.2902002
