event_sleeping:
  end: 1685059031.4082713
  start: 1685058887.3141713
