event_sleeping:
  end: 1685059226.4918582
  start: 1685059082.2433894
