event_sleeping:
  end: 1685059708.9025009
  start: 1685059472.317044
