event_sleeping:
  end: 1685059903.9963226
  start: 1685059759.6823277
