event_sleeping:
  end: 1685058538.9080966
  start: 1685058446.4043944
