event_sleeping:
  end: 1685060023.9646392
  start: 1685059954.8471072
