event_sleeping:
  end: 1685058836.491905
  start: 1685058589.7428112
