event_sleeping:
  end: 1685060488.9880898
  start: 1685060074.7729573
