event_sleeping:
  end: 1685058446.4069698
  start: 1685058446.4067626
