event_sleeping:
  end: 1685059921.468048
  start: 1685059777.24002
