event_sleeping:
  end: 1685058836.4278271
  start: 1685058802.2755725
