event_sleeping:
  end: 1685059438.948301
  start: 1685059387.2259405
