event_sleeping:
  end: 1685059726.4920228
  start: 1685059489.699484
