event_sleeping:
  end: 1685059336.4952257
  start: 1685058887.1801221
