event_sleeping:
  end: 1685058751.4955807
  start: 1685058497.1525192
