event_sleeping:
  end: 1685060201.4041297
  start: 1685059972.2026465
