event_sleeping:
  end: 1685059281.4280415
  start: 1685059137.537705
