event_sleeping:
  end: 1685059671.4956877
  start: 1685059527.5825698
