event_sleeping:
  end: 1685058696.495743
  start: 1685058552.324508
