event_sleeping:
  end: 1685059086.3961108
  start: 1685058942.6538582
