event_sleeping:
  end: 1685058891.48413
  start: 1685058747.6441293
