event_sleeping:
  end: 1685060061.4897776
  start: 1685059917.599533
