event_sleeping:
  end: 1685059476.4293575
  start: 1685059332.58974
