event_sleeping:
  end: 1685059866.4800613
  start: 1685059722.6355147
