event_sleeping:
  end: 1685058501.4504836
  start: 1685058446.3969803
