event_sleeping:
  end: 1683346285.3415682
  start: 1683346144.0822737
