event_sleeping:
  end: 1683344950.3431256
  start: 1683344859.0711312
