event_sleeping:
  end: 1683346090.3221521
  start: 1683345979.083104
