event_sleeping:
  end: 1683344805.3237953
  start: 1683344725.2495983
