event_sleeping:
  end: 1683345225.344204
  start: 1683345004.0735795
