event_sleeping:
  end: 1683345925.32175
  start: 1683345279.1057856
