event_sleeping:
  end: 1683344725.2510085
  start: 1683344725.2509637
