event_sleeping:
  end: 1683346285.343431
  start: 1683346174.0433812
