event_sleeping:
  end: 1683345615.3433638
  start: 1683345364.0849044
