event_sleeping:
  end: 1683345115.360482
  start: 1683344779.143217
