event_sleeping:
  end: 1683346120.3155084
  start: 1683346059.1175468
