event_sleeping:
  end: 1683345810.3253763
  start: 1683345669.0714896
