event_sleeping:
  end: 1683345310.344095
  start: 1683345169.0959117
