event_sleeping:
  end: 1683346005.343539
  start: 1683345864.0364566
