event_sleeping:
  end: 1683345700.2751245
  start: 1683345669.3848593
