event_sleeping:
  end: 1683346755.3346715
  start: 1683345754.3107526
