event_sleeping:
  end: 1683344950.3088255
  start: 1683344725.2525947
