event_sleeping:
  end: 1683345615.343602
  start: 1683345169.4030526
