event_sleeping:
  end: 1683345115.3275733
  start: 1683345004.318965
