event_sleeping:
  end: 1683345505.2755892
  start: 1683345474.030724
