event_sleeping:
  end: 1683344805.2867937
  start: 1683344725.252438
