event_sleeping:
  end: 1683345000.3484037
  start: 1683344859.07046
