event_sleeping:
  end: 1683345810.3546035
  start: 1683345559.0790663
