event_sleeping:
  end: 1683345420.310834
  start: 1683345054.0732896
