event_sleeping:
  end: 1683346090.3528104
  start: 1683345864.0668523
