event_sleeping:
  end: 1683346395.3435395
  start: 1683346144.0796201
