event_sleeping:
  end: 1683345310.3447757
  start: 1683345054.0498428
