event_sleeping:
  end: 1683345000.3131354
  start: 1683344779.0160434
