event_sleeping:
  end: 1683346395.3438146
  start: 1683346174.0432377
