event_sleeping:
  end: 1683346120.2825084
  start: 1683345754.10053
