event_sleeping:
  end: 1683345700.3434992
  start: 1683345364.0984635
