event_sleeping:
  end: 1683344725.254464
  start: 1683344725.2543647
