event_sleeping:
  end: 1683346145.327544
  start: 1683346003.9590144
