event_sleeping:
  end: 1683345950.2531767
  start: 1683345809.1707165
