event_sleeping:
  end: 1683344975.3380516
  start: 1683344859.8257694
