event_sleeping:
  end: 1683345755.311563
  start: 1683345613.9327688
