event_sleeping:
  end: 1683345560.263563
  start: 1683345418.9864326
