event_sleeping:
  end: 1683345365.2955554
  start: 1683345029.033511
