event_sleeping:
  end: 1683344780.299546
  start: 1683344725.2478168
