event_sleeping:
  end: 1685754422.4758456
  start: 1685754032.3901253
