event_sleeping:
  end: 1685754032.3869438
  start: 1685754032.386769
