event_sleeping:
  end: 1685754032.3868248
  start: 1685754032.3865314
