event_sleeping:
  end: 1685754124.9716587
  start: 1685754032.3859963
