event_sleeping:
  end: 1685754032.3874168
  start: 1685754032.387142
