event_sleeping:
  end: 1685754477.46872
  start: 1685754335.2259889
