event_sleeping:
  end: 1685754282.4777534
  start: 1685754143.8061156
