event_sleeping:
  end: 1685754087.4339283
  start: 1685754032.38372
