event_sleeping:
  end: 1685748734.8349802
  start: 1685748539.7466877
