event_sleeping:
  end: 1685748539.7426822
  start: 1685748539.7425444
