event_sleeping:
  end: 1685748717.3329422
  start: 1685748603.0607092
