event_sleeping:
  end: 1685748632.329619
  start: 1685748539.7438307
