event_sleeping:
  end: 1685748632.3286662
  start: 1685748539.7440283
