event_sleeping:
  end: 1685748632.329107
  start: 1685748539.746413
