event_sleeping:
  end: 1685748772.2720397
  start: 1685748628.9463336
