event_sleeping:
  end: 1685748577.2736804
  start: 1685748539.74077
