event_sleeping:
  end: 1682987150.504655
  start: 1682987111.145147
