event_sleeping:
  end: 1682987345.5520468
  start: 1682987202.8684628
