event_sleeping:
  end: 1682987059.5634952
  start: 1682986558.4708831
