event_sleeping:
  end: 1682987449.5656958
  start: 1682987202.219963
