event_sleeping:
  end: 1682987150.5673623
  start: 1682986558.476512
