event_sleeping:
  end: 1682987248.563536
  start: 1682987001.464791
