event_sleeping:
  end: 1682986949.5513825
  start: 1682986558.4787843
