event_sleeping:
  end: 1682987254.511588
  start: 1682986558.4790988
