event_sleeping:
  end: 1682987339.5675104
  start: 1682986558.4797308
