event_sleeping:
  end: 1682987394.565352
  start: 1682987251.1779885
