event_sleeping:
  end: 1682987199.5631256
  start: 1682986558.4730997
