event_sleeping:
  end: 1682987589.5634625
  start: 1682987446.1386087
