event_sleeping:
  end: 1685743251.5239258
  start: 1685743056.4672446
