event_sleeping:
  end: 1685743056.4668567
  start: 1685743056.4667702
