event_sleeping:
  end: 1685743149.060138
  start: 1685743056.4662855
