event_sleeping:
  end: 1685743148.9947786
  start: 1685743056.4609592
