event_sleeping:
  end: 1685743148.9951427
  start: 1685743056.4664896
