event_sleeping:
  end: 1685743288.977524
  start: 1685743145.6819334
