event_sleeping:
  end: 1685743093.9721696
  start: 1685743056.4643292
