event_sleeping:
  end: 1684826768.3324418
  start: 1684826573.2617762
