event_sleeping:
  end: 1684826573.2602978
  start: 1684826573.2601657
