event_sleeping:
  end: 1684826768.3321052
  start: 1684826625.293633
