event_sleeping:
  end: 1684826648.312019
  start: 1684826573.2615538
