event_sleeping:
  end: 1684826648.3285084
  start: 1684826573.260702
