event_sleeping:
  end: 1684826648.3241413
  start: 1684826573.261228
