event_sleeping:
  end: 1684826805.7879784
  start: 1684826662.4545557
