event_sleeping:
  end: 1684826610.7706847
  start: 1684826573.257131
