event_sleeping:
  end: 1685054963.7156258
  start: 1685054819.7423863
