event_sleeping:
  end: 1685057091.149023
  start: 1685057057.170621
