event_sleeping:
  end: 1685056031.2145262
  start: 1685055869.804626
