event_sleeping:
  end: 1685056598.6321561
  start: 1685056454.8271177
