event_sleeping:
  end: 1685056403.7120125
  start: 1685056167.1857758
