event_sleeping:
  end: 1685055623.6201515
  start: 1685055209.6875098
