event_sleeping:
  end: 1685057981.1576574
  start: 1685057744.716324
