event_sleeping:
  end: 1685057006.1401782
  start: 1685056769.707968
