event_sleeping:
  end: 1685056718.6417463
  start: 1685056649.6958735
