event_sleeping:
  end: 1685055158.6375403
  start: 1685055014.823645
