event_sleeping:
  end: 1685056116.1336946
  start: 1685056082.3210313
