event_sleeping:
  end: 1685057693.6297426
  start: 1685057142.205355
