event_sleeping:
  end: 1685054556.2447069
  start: 1685054166.1919746
