event_sleeping:
  end: 1685054768.6724803
  start: 1685054608.3632371
