event_sleeping:
  end: 1685055818.7156875
  start: 1685055674.7161965
