event_sleeping:
  end: 1685056701.2155643
  start: 1685056557.0540242
