event_sleeping:
  end: 1685056311.1520195
  start: 1685056184.4971728
