event_sleeping:
  end: 1685055141.1800985
  start: 1685054819.4453459
