event_sleeping:
  end: 1685055836.2120378
  start: 1685055581.9525092
