event_sleeping:
  end: 1685057888.7001567
  start: 1685056946.9953802
