event_sleeping:
  end: 1685054768.6361496
  start: 1685054717.0265226
