event_sleeping:
  end: 1685054666.2159572
  start: 1685054429.4046652
