event_sleeping:
  end: 1685054378.6200933
  start: 1685054216.9457784
