event_sleeping:
  end: 1685058066.2153738
  start: 1685057939.4870546
