event_sleeping:
  end: 1685054166.1258194
  start: 1685054166.1257482
