event_sleeping:
  end: 1685056896.2118745
  start: 1685056752.0356915
