event_sleeping:
  end: 1685056013.7158008
  start: 1685055887.0231566
