event_sleeping:
  end: 1685056133.6497374
  start: 1685056064.5497742
