event_sleeping:
  end: 1685056506.215538
  start: 1685056361.947402
