event_sleeping:
  end: 1685055446.1504364
  start: 1685055191.998725
