event_sleeping:
  end: 1685055531.1496255
  start: 1685055496.9479318
