event_sleeping:
  end: 1685057006.2118642
  start: 1685056769.4680312
