event_sleeping:
  end: 1685054166.1227682
  start: 1685054166.1226728
