event_sleeping:
  end: 1685058371.1520789
  start: 1685057921.9765468
