event_sleeping:
  end: 1685054843.62003
  start: 1685054216.898453
