event_sleeping:
  end: 1685057091.1491182
  start: 1685057056.984052
