event_sleeping:
  end: 1685055743.7172117
  start: 1685055581.9494064
