event_sleeping:
  end: 1685055038.7153912
  start: 1685054894.420369
