event_sleeping:
  end: 1685056403.6440625
  start: 1685056166.9752212
