event_sleeping:
  end: 1685056116.1664534
  start: 1685056064.5529296
