event_sleeping:
  end: 1685056013.7164025
  start: 1685055794.4867136
