event_sleeping:
  end: 1685057481.2145061
  start: 1685057141.9743478
