event_sleeping:
  end: 1685056718.6748576
  start: 1685056666.9909852
