event_sleeping:
  end: 1685055531.1497545
  start: 1685055209.490042
