event_sleeping:
  end: 1685057871.1520526
  start: 1685057532.0649934
