event_sleeping:
  end: 1685055158.684098
  start: 1685055089.506992
