event_sleeping:
  end: 1685056616.2097757
  start: 1685056454.441331
