event_sleeping:
  end: 1685056598.7120047
  start: 1685056379.4375608
