event_sleeping:
  end: 1685056793.6180127
  start: 1685056649.517044
