event_sleeping:
  end: 1685054258.7105336
  start: 1685054166.1276634
