event_sleeping:
  end: 1685057286.1400278
  start: 1685056844.415398
