event_sleeping:
  end: 1685058371.212001
  start: 1685057921.94166
