event_sleeping:
  end: 1685054946.1161575
  start: 1685054801.9905782
