event_sleeping:
  end: 1685054751.152125
  start: 1685054607.0111847
