event_sleeping:
  end: 1685055623.7000315
  start: 1685055479.472512
