event_sleeping:
  end: 1685056208.7153754
  start: 1685055794.5052023
