event_sleeping:
  end: 1685054556.212042
  start: 1685054309.502033
