event_sleeping:
  end: 1685055428.6507428
  start: 1685055192.0511775
