event_sleeping:
  end: 1685057786.1625948
  start: 1685057336.9401667
