event_sleeping:
  end: 1685055743.6849027
  start: 1685055674.486353
