event_sleeping:
  end: 1685057871.1480021
  start: 1685057836.9766474
