event_sleeping:
  end: 1685056328.6440668
  start: 1685056259.4989378
