event_sleeping:
  end: 1685055141.21226
  start: 1685054996.9396038
