event_sleeping:
  end: 1685055641.216771
  start: 1685055496.9466238
