event_sleeping:
  end: 1685056793.7120848
  start: 1685056471.96521
