event_sleeping:
  end: 1685056226.2120535
  start: 1685055971.9584858
