event_sleeping:
  end: 1685057591.2156944
  start: 1685057446.9754314
