event_sleeping:
  end: 1685055056.1293936
  start: 1685054606.8496115
