event_sleeping:
  end: 1685057676.1498883
  start: 1685057641.975738
