event_sleeping:
  end: 1685054471.148115
  start: 1685054216.896804
