event_sleeping:
  end: 1685058353.7152257
  start: 1685057939.480469
