event_sleeping:
  end: 1685056421.2155118
  start: 1685056276.9374166
