event_sleeping:
  end: 1685057396.2153578
  start: 1685057141.908929
