event_sleeping:
  end: 1685055921.215283
  start: 1685055691.9229686
