event_sleeping:
  end: 1685054556.1495137
  start: 1685054521.8746784
