event_sleeping:
  end: 1685057888.7306583
  start: 1685057726.8925061
