event_sleeping:
  end: 1685057091.1481092
  start: 1685056946.9313345
