event_sleeping:
  end: 1685055158.669833
  start: 1685055106.8656101
