event_sleeping:
  end: 1685055446.2119856
  start: 1685055209.4009657
