event_sleeping:
  end: 1685054166.1306643
  start: 1685054166.1303756
