event_sleeping:
  end: 1685056896.1671674
  start: 1685056844.4185648
