event_sleeping:
  end: 1685054221.1749687
  start: 1685054166.1299512
