event_sleeping:
  end: 1685057926.2154217
  start: 1685057782.2985852
