event_sleeping:
  end: 1685055976.2156024
  start: 1685055852.3769982
