event_sleeping:
  end: 1685056171.2009156
  start: 1685056027.3227837
