event_sleeping:
  end: 1685055586.215845
  start: 1685055442.3228278
