event_sleeping:
  end: 1685054611.1522062
  start: 1685054467.2447984
