event_sleeping:
  end: 1685056561.215887
  start: 1685056417.344729
