event_sleeping:
  end: 1685056366.2160609
  start: 1685056222.3205495
