event_sleeping:
  end: 1685055001.130687
  start: 1685054857.2479155
