event_sleeping:
  end: 1685055196.1849189
  start: 1685055052.2818837
