event_sleeping:
  end: 1685057731.1960464
  start: 1685057002.3454232
