event_sleeping:
  end: 1685054416.1439838
  start: 1685054271.997574
