event_sleeping:
  end: 1685055391.1481032
  start: 1685055247.3179777
