event_sleeping:
  end: 1685055781.1930094
  start: 1685055637.3734224
