event_sleeping:
  end: 1685056951.196166
  start: 1685056807.359563
