event_sleeping:
  end: 1685054806.116042
  start: 1685054662.2858152
