event_sleeping:
  end: 1685056756.2155614
  start: 1685056612.3297598
