event_sleeping:
  end: 1684037890.7747493
  start: 1684037746.5876002
