event_sleeping:
  end: 1684037695.77158
  start: 1684037551.540121
