event_sleeping:
  end: 1684037288.3113656
  start: 1684036898.2267342
