event_sleeping:
  end: 1684040713.2434337
  start: 1684040476.5587034
