event_sleeping:
  end: 1684037500.7714133
  start: 1684037340.1828628
