event_sleeping:
  end: 1684040425.774441
  start: 1684039874.00602
