event_sleeping:
  end: 1684039330.7805033
  start: 1684039186.5581133
