event_sleeping:
  end: 1684038763.1835902
  start: 1684038601.527629
