event_sleeping:
  end: 1684039823.1997395
  start: 1684039789.057571
