event_sleeping:
  end: 1684038550.7356217
  start: 1684038406.5664399
