event_sleeping:
  end: 1684039738.2714732
  start: 1684039501.5307972
