event_sleeping:
  end: 1684038355.7750561
  start: 1684037941.4935331
