event_sleeping:
  end: 1684039450.7052424
  start: 1684039381.5769312
