event_sleeping:
  end: 1684039135.77172
  start: 1684038899.0077095
