event_sleeping:
  end: 1684038848.2000031
  start: 1684038814.005647
