event_sleeping:
  end: 1684038865.7439823
  start: 1684038796.5338736
