event_sleeping:
  end: 1684039433.2714915
  start: 1684039289.030831
