event_sleeping:
  end: 1684040798.274414
  start: 1684040671.4781644
