event_sleeping:
  end: 1684037110.7714486
  start: 1684036948.975783
