event_sleeping:
  end: 1684039238.25139
  start: 1684039094.0245988
