event_sleeping:
  end: 1684038263.199163
  start: 1684038229.0625198
