event_sleeping:
  end: 1684038178.2734745
  start: 1684037924.0467339
