event_sleeping:
  end: 1684039043.2258646
  start: 1684038916.5214546
