event_sleeping:
  end: 1684038745.7475939
  start: 1684038619.0777402
