event_sleeping:
  end: 1684039628.2720335
  start: 1684039484.061808
