event_sleeping:
  end: 1684037873.256389
  start: 1684037551.5459094
