event_sleeping:
  end: 1684037500.7177777
  start: 1684037449.040592
