event_sleeping:
  end: 1684037398.2715263
  start: 1684037161.568914
