event_sleeping:
  end: 1684036898.1806273
  start: 1684036898.180607
