event_sleeping:
  end: 1684038568.2714837
  start: 1684038313.9374845
