event_sleeping:
  end: 1684040620.6876574
  start: 1684039679.0755436
