event_sleeping:
  end: 1684038263.272469
  start: 1684037941.4860382
