event_sleeping:
  end: 1684039823.1991925
  start: 1684039789.0602694
