event_sleeping:
  end: 1684038745.7832296
  start: 1684038526.5337017
