event_sleeping:
  end: 1684037890.7434652
  start: 1684037821.536143
