event_sleeping:
  end: 1684039450.703733
  start: 1684039399.0794613
