event_sleeping:
  end: 1684036898.1833568
  start: 1684036898.1832488
