event_sleeping:
  end: 1684039135.7714415
  start: 1684038899.0093553
