event_sleeping:
  end: 1684041103.2715116
  start: 1684040654.007754
