event_sleeping:
  end: 1684038475.7769134
  start: 1684038314.039096
