event_sleeping:
  end: 1684037770.7356038
  start: 1684037626.5508127
