event_sleeping:
  end: 1684038848.2310479
  start: 1684038796.5816934
