event_sleeping:
  end: 1684037575.771474
  start: 1684036949.0242407
