event_sleeping:
  end: 1684040603.198789
  start: 1684040264.1241777
