event_sleeping:
  end: 1684040213.2715354
  start: 1684039873.998494
