event_sleeping:
  end: 1684039738.2717445
  start: 1684039501.5299923
