event_sleeping:
  end: 1684039348.2715497
  start: 1684039186.5614905
