event_sleeping:
  end: 1684038160.7345219
  start: 1684037924.0347157
