event_sleeping:
  end: 1684037483.2169776
  start: 1684037339.0418804
