event_sleeping:
  end: 1684040018.2395718
  start: 1684039576.5611145
