event_sleeping:
  end: 1684040518.1993368
  start: 1684040069.0486093
