event_sleeping:
  end: 1684037678.2715251
  start: 1684037534.03568
