event_sleeping:
  end: 1684039330.7715464
  start: 1684039111.5455775
