event_sleeping:
  end: 1684036990.7493012
  start: 1684036898.1816719
