event_sleeping:
  end: 1684040603.1996288
  start: 1684040569.0306327
