event_sleeping:
  end: 1684039060.7439206
  start: 1684038991.5342553
