event_sleeping:
  end: 1684037288.2714386
  start: 1684037041.5473502
