event_sleeping:
  end: 1684039525.7713885
  start: 1684039381.5824633
