event_sleeping:
  end: 1684041103.1997304
  start: 1684040654.0083969
