event_sleeping:
  end: 1684038475.7435277
  start: 1684038406.5653458
