event_sleeping:
  end: 1684037873.2561214
  start: 1684037729.1029153
