event_sleeping:
  end: 1684038940.753859
  start: 1684038526.503948
