event_sleeping:
  end: 1684038355.774363
  start: 1684038211.531078
