event_sleeping:
  end: 1684038958.2235992
  start: 1684038704.0351508
