event_sleeping:
  end: 1684037288.2074325
  start: 1684037254.0308237
