event_sleeping:
  end: 1684038373.2714965
  start: 1684038228.9759855
