event_sleeping:
  end: 1684036898.1801648
  start: 1684036898.1794107
