event_sleeping:
  end: 1684039153.2715354
  start: 1684039008.9795222
