event_sleeping:
  end: 1684039823.2713897
  start: 1684039678.9701586
