event_sleeping:
  end: 1684041085.6955876
  start: 1684040671.4956343
