event_sleeping:
  end: 1684039525.7181618
  start: 1684039203.9942577
