event_sleeping:
  end: 1684039628.2234507
  start: 1684039576.4722826
