event_sleeping:
  end: 1684040128.2715101
  start: 1684039873.9919891
