event_sleeping:
  end: 1684037203.274792
  start: 1684036948.9434316
