event_sleeping:
  end: 1684040408.207447
  start: 1684040374.0088794
