event_sleeping:
  end: 1684038653.2743187
  start: 1684038424.019817
