event_sleeping:
  end: 1684038178.273207
  start: 1684037941.4021776
