event_sleeping:
  end: 1684040620.7748604
  start: 1684040458.9527438
