event_sleeping:
  end: 1684037788.2338905
  start: 1684037338.9139373
