event_sleeping:
  end: 1684040323.2715795
  start: 1684040179.0349126
