event_sleeping:
  end: 1684037890.6802764
  start: 1684037838.9630473
