event_sleeping:
  end: 1684036953.2299974
  start: 1684036898.1810675
