event_sleeping:
  end: 1684038318.2715073
  start: 1684038174.3798091
