event_sleeping:
  end: 1684037538.227115
  start: 1684037394.3263118
