event_sleeping:
  end: 1684037928.2375638
  start: 1684037784.3767328
