event_sleeping:
  end: 1684037148.1993415
  start: 1684037004.1013815
