event_sleeping:
  end: 1684038513.2716415
  start: 1684038369.383066
