event_sleeping:
  end: 1684039488.2748785
  start: 1684039344.3312325
