event_sleeping:
  end: 1684039683.2713654
  start: 1684039539.4384632
