event_sleeping:
  end: 1684040658.2432282
  start: 1684040514.3005989
