event_sleeping:
  end: 1684039098.2075481
  start: 1684038954.3655467
