event_sleeping:
  end: 1684037343.2155833
  start: 1684037199.3071816
