event_sleeping:
  end: 1684037733.271485
  start: 1684037589.3536313
