event_sleeping:
  end: 1684039293.227982
  start: 1684039149.2845137
