event_sleeping:
  end: 1684038123.2594166
  start: 1684037979.3603644
