event_sleeping:
  end: 1684038708.2716284
  start: 1684038585.1597629
