event_sleeping:
  end: 1684038903.2715292
  start: 1684038759.3740227
