event_sleeping:
  end: 1684040463.2200553
  start: 1684039734.372393
