event_sleeping_wait_all:
  end: 1685707715.8609402
  start: 1685707665.3353722
