event_sleeping:
  end: 1685707325.911922
  start: 1685707130.827539
