event_sleeping_wait_all:
  end: 1685707613.3511198
  start: 1685707377.8408587
