event_sleeping:
  end: 1685707325.8159957
  start: 1685707182.5372186
