event_sleeping_wait_all:
  end: 1685707715.870576
  start: 1685707377.5273807
