event_sleeping:
  end: 1685707130.8250895
  start: 1685707130.8250003
