event_sleeping:
  end: 1685707205.8923323
  start: 1685707130.822602
