event_sleeping_wait_all:
  end: 1685707400.9062881
  start: 1685707257.6214921
