event_sleeping_wait_all:
  end: 1685707790.9147937
  start: 1685707470.0923684
