event_sleeping:
  end: 1685707205.8919911
  start: 1685707130.8264074
