event_sleeping_wait_all:
  end: 1685707418.4101002
  start: 1685707257.5256495
