event_sleeping:
  end: 1685707205.8880117
  start: 1685707130.827163
