event_sleeping_wait_all:
  end: 1685707910.8646724
  start: 1685707377.4715028
