event_sleeping_wait_all:
  end: 1685707325.879894
  start: 1685707257.4778616
