event_sleeping_wait_all:
  end: 1685707948.4148445
  start: 1685707805.3580763
