event_sleeping:
  end: 1685707363.41196
  start: 1685707220.4753122
