event_sleeping:
  end: 1685707168.3539264
  start: 1685707130.8191783
