event_sleeping_wait_all:
  end: 1685707753.3771887
  start: 1685707415.43075
