event_sleeping:
  end: 1685289844.6379616
  start: 1685289608.1945713
