event_sleeping:
  end: 1685291599.6398911
  start: 1685291455.714883
