event_sleeping:
  end: 1685290532.1411755
  start: 1685289895.7279856
