event_sleeping:
  end: 1685288674.6409523
  start: 1685288530.6204162
