event_sleeping:
  end: 1685289437.1408985
  start: 1685289310.6372216
