event_sleeping:
  end: 1685291404.6400409
  start: 1685291260.7276428
