event_sleeping:
  end: 1685292769.6412055
  start: 1685292515.73684
