event_sleeping:
  end: 1685293049.628105
  start: 1685292820.6800869
