event_sleeping:
  end: 1685290904.64007
  start: 1685290760.6909678
