event_sleeping:
  end: 1685293439.5524056
  start: 1685293405.6609354
