event_sleeping:
  end: 1685287504.6085448
  start: 1685287255.4714856
