event_sleeping:
  end: 1685291209.6409225
  start: 1685290955.7398324
