event_sleeping:
  end: 1685289259.5558515
  start: 1685288725.7621899
