event_sleeping:
  end: 1685287607.0412002
  start: 1685287555.7084632
