event_sleeping:
  end: 1685290709.6398485
  start: 1685290583.2261584
