event_sleeping:
  end: 1685292464.6411505
  start: 1685292320.6512344
