event_sleeping:
  end: 1685289557.1060643
  start: 1685289488.22999
