event_sleeping:
  end: 1685287802.1398876
  start: 1685287658.125685
