event_sleeping:
  end: 1685287199.57516
  start: 1685287004.5561616
