event_sleeping:
  end: 1685291989.6415548
  start: 1685291650.7344437
