event_sleeping:
  end: 1685293939.6025777
  start: 1685293490.6428277
