event_sleeping:
  end: 1685288479.5468235
  start: 1685288030.6466649
