event_sleeping:
  end: 1685287979.6011622
  start: 1685287853.2378616
