event_sleeping:
  end: 1685292269.5744388
  start: 1685292235.665011
