event_sleeping:
  end: 1685292184.558774
  start: 1685292040.7119687
