event_sleeping:
  end: 1685293354.5881217
  start: 1685293100.7310317
