event_sleeping:
  end: 1685293142.1234097
  start: 1685292820.4411538
