event_sleeping:
  end: 1685290709.5750618
  start: 1685290675.3444827
