event_sleeping:
  end: 1685288852.104159
  start: 1685288615.42474
