event_sleeping:
  end: 1685293354.6402173
  start: 1685293192.959991
