event_sleeping:
  end: 1685291294.5747595
  start: 1685291260.447846
