event_sleeping:
  end: 1685287199.6399035
  start: 1685287064.6402535
