event_sleeping:
  end: 1685289929.6006057
  start: 1685289785.3440661
