event_sleeping:
  end: 1685289734.5441089
  start: 1685289395.4136784
