event_sleeping:
  end: 1685293829.609217
  start: 1685293507.890006
