event_sleeping:
  end: 1685290624.5521164
  start: 1685290480.338372
