event_sleeping:
  end: 1685288174.6200109
  start: 1685287945.459642
