event_sleeping:
  end: 1685292464.6409492
  start: 1685292235.3716874
