event_sleeping:
  end: 1685287894.61792
  start: 1685287640.486638
