event_sleeping:
  end: 1685290234.5450242
  start: 1685289980.394358
