event_sleeping:
  end: 1685290904.541653
  start: 1685290760.3850355
