event_sleeping:
  end: 1685288564.6402147
  start: 1685288225.4296632
