event_sleeping:
  end: 1685289344.6040707
  start: 1685289005.358488
