event_sleeping:
  end: 1685288954.5881455
  start: 1685288902.9375436
