event_sleeping:
  end: 1685293457.0924356
  start: 1685293405.4686856
