event_sleeping:
  end: 1685287004.5504527
  start: 1685287004.5498772
