event_sleeping:
  end: 1685292184.548099
  start: 1685292040.4227815
