event_sleeping:
  end: 1685292769.6417124
  start: 1685292515.4496095
