event_sleeping:
  end: 1685291989.6412537
  start: 1685291650.3555472
