event_sleeping:
  end: 1685291599.5641098
  start: 1685291345.3696868
