event_sleeping:
  end: 1685287589.640994
  start: 1685287250.4388475
