event_sleeping:
  end: 1685291209.640703
  start: 1685290955.351443
