event_sleeping:
  end: 1685290429.5519874
  start: 1685290285.3631635
