event_sleeping:
  end: 1685292379.6131372
  start: 1685292125.3583856
