event_sleeping:
  end: 1685289539.5943482
  start: 1685289292.9730062
