event_sleeping:
  end: 1685292769.640966
  start: 1685292532.893552
