event_sleeping:
  end: 1685287394.5719538
  start: 1685287360.3739066
