event_sleeping:
  end: 1685289734.6401203
  start: 1685289590.3885386
