event_sleeping:
  end: 1685291684.572093
  start: 1685291540.4391787
