event_sleeping:
  end: 1685290319.5750666
  start: 1685290285.4255903
