event_sleeping:
  end: 1685291879.6099803
  start: 1685291735.407071
