event_sleeping:
  end: 1685287877.0840118
  start: 1685287750.4453604
