event_sleeping:
  end: 1685287114.6489277
  start: 1685287004.5514324
