event_sleeping:
  end: 1685289242.14087
  start: 1685289115.423283
