event_sleeping:
  end: 1685288479.6401112
  start: 1685288030.342013
