event_sleeping:
  end: 1685293939.5710351
  start: 1685293405.414829
