event_sleeping:
  end: 1685287699.6408405
  start: 1685287445.3349898
