event_sleeping:
  end: 1685292854.5559378
  start: 1685292820.4003928
