event_sleeping:
  end: 1685288582.0758688
  start: 1685288530.4564965
