event_sleeping:
  end: 1685291404.6398942
  start: 1685290370.3906744
