event_sleeping:
  end: 1685293354.6398568
  start: 1685293192.9375224
