event_sleeping:
  end: 1685290234.6410491
  start: 1685289785.411942
