event_sleeping:
  end: 1685288852.1048458
  start: 1685288632.8824203
