event_sleeping:
  end: 1685287309.5960763
  start: 1685287165.4126825
