event_sleeping:
  end: 1685289064.6422973
  start: 1685288902.9527576
