event_sleeping:
  end: 1685287979.5734162
  start: 1685287927.9319336
