event_sleeping:
  end: 1685292482.092765
  start: 1685292430.4424982
