event_sleeping:
  end: 1685293142.122752
  start: 1685292905.3400831
