event_sleeping:
  end: 1685292074.5943205
  start: 1685291930.405099
