event_sleeping:
  end: 1685291489.5748758
  start: 1685291455.4324431
