event_sleeping:
  end: 1685291989.6409345
  start: 1685291845.425553
