event_sleeping:
  end: 1685292964.5440674
  start: 1685292710.431943
