event_sleeping:
  end: 1685293457.1398375
  start: 1685293210.4228244
