event_sleeping:
  end: 1685291014.6433675
  start: 1685290760.4223907
