event_sleeping:
  end: 1685289632.0937667
  start: 1685289487.998595
