event_sleeping:
  end: 1685289047.1322074
  start: 1685288810.4299934
