event_sleeping:
  end: 1685288089.6240392
  start: 1685287750.4404206
