event_sleeping:
  end: 1685290709.6403818
  start: 1685290480.464251
