event_sleeping:
  end: 1685288564.575052
  start: 1685288530.4596713
