event_sleeping:
  end: 1685290039.5572183
  start: 1685289682.88126
