event_sleeping:
  end: 1685288479.6408484
  start: 1685288317.895363
