event_sleeping:
  end: 1685293159.6073399
  start: 1685293015.3228676
