event_sleeping:
  end: 1685287309.6250055
  start: 1685287165.3195665
