event_sleeping:
  end: 1685287699.6411166
  start: 1685287360.4043424
