event_sleeping:
  end: 1685288759.6411707
  start: 1685288615.3732247
