event_sleeping:
  end: 1685290429.6409957
  start: 1685290175.3785317
