event_sleeping:
  end: 1685289149.592896
  start: 1685289097.9905374
