event_sleeping:
  end: 1685291794.614565
  start: 1685291065.4334228
