event_sleeping:
  end: 1685292379.6121664
  start: 1685292040.4220848
