event_sleeping:
  end: 1685289437.1415877
  start: 1685289200.3857017
