event_sleeping:
  end: 1685290124.5751972
  start: 1685290090.3665636
