event_sleeping:
  end: 1685293939.6035113
  start: 1685293507.9239933
