event_sleeping:
  end: 1685292659.6400895
  start: 1685292430.417386
