event_sleeping:
  end: 1685288267.0643024
  start: 1685288140.395238
