event_sleeping:
  end: 1685290709.6401536
  start: 1685290370.3821652
