event_sleeping:
  end: 1685292574.5561123
  start: 1685292337.8242738
