event_sleeping:
  end: 1685292659.5479825
  start: 1685292625.3240736
