event_sleeping:
  end: 1685289632.0935068
  start: 1685289395.353408
