event_sleeping:
  end: 1685291599.5964475
  start: 1685291345.3282888
