event_sleeping:
  end: 1685292287.0681229
  start: 1685292125.3113697
