event_sleeping:
  end: 1685289929.6401193
  start: 1685289682.8392942
