event_sleeping:
  end: 1685293744.6360166
  start: 1685293015.3529687
