event_sleeping:
  end: 1685291014.6121004
  start: 1685290760.3834121
