event_sleeping:
  end: 1685291972.1242325
  start: 1685291650.310048
