event_sleeping:
  end: 1685287199.5750167
  start: 1685287165.3499496
