event_sleeping:
  end: 1685287784.5721014
  start: 1685287250.3058543
