event_sleeping:
  end: 1685292074.5640042
  start: 1685292022.858193
