event_sleeping:
  end: 1685291294.5749106
  start: 1685291242.8572009
