event_sleeping:
  end: 1685288869.5493414
  start: 1685288615.3218892
