event_sleeping:
  end: 1685289344.639906
  start: 1685289200.3211493
