event_sleeping:
  end: 1685292964.6399996
  start: 1685292710.2997944
