event_sleeping:
  end: 1685289064.6041422
  start: 1685288920.2578921
