event_sleeping:
  end: 1685287979.639875
  start: 1685287835.3402414
