event_sleeping:
  end: 1685290319.6064153
  start: 1685289980.3956552
