event_sleeping:
  end: 1685291192.0896015
  start: 1685291065.358465
