event_sleeping:
  end: 1685289149.5640457
  start: 1685289115.3357294
