event_sleeping:
  end: 1685287114.6400712
  start: 1685287004.5525777
