event_sleeping:
  end: 1685288564.57533
  start: 1685288030.342306
