event_sleeping:
  end: 1685287059.557147
  start: 1685287004.5445187
