event_sleeping:
  end: 1685290179.548136
  start: 1685290035.8162117
