event_sleeping:
  end: 1685287644.6409707
  start: 1685287305.741915
