event_sleeping:
  end: 1685289204.6411834
  start: 1685289060.7962685
