event_sleeping:
  end: 1685287839.5905216
  start: 1685287695.7560034
