event_sleeping:
  end: 1685293494.6407597
  start: 1685293155.781601
