event_sleeping:
  end: 1685292519.6240199
  start: 1685292375.7390792
