event_sleeping:
  end: 1685288034.6068802
  start: 1685287890.7632189
