event_sleeping:
  end: 1685289399.641147
  start: 1685289255.7697558
