event_sleeping:
  end: 1685288229.6390545
  start: 1685288085.7668874
