event_sleeping:
  end: 1685291934.641163
  start: 1685291790.7674096
