event_sleeping:
  end: 1685291154.6407678
  start: 1685290815.7750037
