event_sleeping:
  end: 1685290569.641057
  start: 1685290425.7657983
