event_sleeping:
  end: 1685290374.641072
  start: 1685290230.705994
