event_sleeping:
  end: 1685291544.6408765
  start: 1685291400.776133
