event_sleeping:
  end: 1685290764.6399267
  start: 1685290620.782856
