event_sleeping:
  end: 1685289594.6193814
  start: 1685289450.8014305
