event_sleeping:
  end: 1685288814.5995185
  start: 1685288670.766807
