event_sleeping:
  end: 1685289984.641035
  start: 1685289645.7575588
