event_sleeping:
  end: 1685287254.6229877
  start: 1685287110.4272285
