event_sleeping:
  end: 1685291349.6133745
  start: 1685291205.8308592
