event_sleeping:
  end: 1685288619.6120574
  start: 1685288475.7737856
