event_sleeping:
  end: 1685289009.640954
  start: 1685288865.781138
