event_sleeping:
  end: 1685291739.6195586
  start: 1685291595.7809033
