event_sleeping:
  end: 1685288424.6183457
  start: 1685288280.810298
