event_sleeping:
  end: 1685292324.6410575
  start: 1685291985.7626927
