event_sleeping:
  end: 1685293104.6406286
  start: 1685292570.7897556
