event_sleeping:
  end: 1685612257.8400636
  start: 1685611867.7550237
