event_sleeping_wait_all:
  end: 1685612665.3399925
  start: 1685612522.293728
