event_sleeping:
  end: 1685612470.3360195
  start: 1685612309.7871206
