event_sleeping_wait_all:
  end: 1685612860.335967
  start: 1685612717.248302
