event_sleeping:
  end: 1685611867.7492878
  start: 1685611867.748957
