event_sleeping_wait_all:
  end: 1685613715.3320706
  start: 1685613589.4824767
