event_sleeping_wait_all:
  end: 1685612842.8396254
  start: 1685612521.9761248
