event_sleeping:
  end: 1685612080.2876637
  start: 1685611919.4049985
