event_sleeping_wait_all:
  end: 1685613537.804026
  start: 1685613284.4351163
