event_sleeping_wait_all:
  end: 1685612367.8231702
  start: 1685612132.0012372
