event_sleeping_wait_all:
  end: 1685613232.772903
  start: 1685613199.434059
