event_sleeping_wait_all:
  end: 1685613147.8041165
  start: 1685612894.4902148
