event_sleeping_wait_all:
  end: 1685612740.3397405
  start: 1685612596.9076478
