event_sleeping_wait_all:
  end: 1685612860.2480676
  start: 1685612792.00957
