event_sleeping:
  end: 1685612545.2526011
  start: 1685611919.4035096
