event_sleeping:
  end: 1685611867.750124
  start: 1685611867.750056
