event_sleeping:
  end: 1685611960.284147
  start: 1685611867.7570846
