event_sleeping_wait_all:
  end: 1685613130.3396702
  start: 1685612894.492312
