event_sleeping_wait_all:
  end: 1685612452.7531877
  start: 1685612309.429988
