event_sleeping_wait_all:
  end: 1685612842.840093
  start: 1685612699.455176
