event_sleeping_wait_all:
  end: 1685612257.7520688
  start: 1685612011.9358628
