event_sleeping_wait_all:
  end: 1685612647.8040364
  start: 1685612504.452617
