event_sleeping:
  end: 1685612257.761864
  start: 1685612224.4087253
