event_sleeping:
  end: 1685612757.8399193
  start: 1685612309.3759885
