event_sleeping:
  end: 1685612172.8256521
  start: 1685611919.414512
