event_sleeping:
  end: 1685611867.757821
  start: 1685611867.7576935
