event_sleeping:
  end: 1685612860.2879236
  start: 1685612809.4684644
