event_sleeping:
  end: 1685611922.7955594
  start: 1685611867.7450159
