event_sleeping_wait_all:
  end: 1685613677.79943
  start: 1685613534.7624528
