event_sleeping:
  end: 1685612507.8360803
  start: 1685612364.8901017
