event_sleeping_wait_all:
  end: 1685613482.799891
  start: 1685613339.8133934
