event_sleeping:
  end: 1685612117.7756453
  start: 1685611974.8584986
