event_sleeping_wait_all:
  end: 1685613092.8344145
  start: 1685612949.800754
