event_sleeping:
  end: 1685612312.8400126
  start: 1685612169.759825
