event_sleeping:
  end: 1685612897.8401084
  start: 1685612754.842438
