event_sleeping:
  end: 1685612702.8359394
  start: 1685612559.8820994
