event_sleeping_wait_all:
  end: 1685613287.82938
  start: 1685613144.8379157
