event_sleeping_wait_all:
  end: 1685530492.61219
  start: 1685530349.488191
