event_sleeping_wait_all:
  end: 1685531272.6123755
  start: 1685531019.5618799
