event_sleeping_wait_all:
  end: 1685527177.5320463
  start: 1685526924.476807
