event_sleeping_wait_all:
  end: 1685527567.5160794
  start: 1685527424.5678177
