event_sleeping_wait_all:
  end: 1685529407.5159721
  start: 1685529374.5013134
