event_sleeping_wait_all:
  end: 1685531662.556283
  start: 1685531324.5568902
