event_sleeping_wait_all:
  end: 1685526872.540093
  start: 1685526729.5371182
