event_sleeping_wait_all:
  end: 1685523770.1123857
  start: 1685523627.021077
