event_sleeping_wait_all:
  end: 1685526677.612236
  start: 1685526551.964438
