event_sleeping_wait_all:
  end: 1685528152.6121037
  start: 1685528009.470256
