event_sleeping_wait_all:
  end: 1685530772.6121254
  start: 1685530544.5926182
