event_sleeping_wait_all:
  end: 1685525525.0241792
  start: 1685525457.065143
