event_sleeping_wait_all:
  end: 1685526500.028057
  start: 1685525864.5712278
