event_sleeping_wait_all:
  end: 1685530967.6119595
  start: 1685530824.5431905
