event_sleeping_wait_all:
  end: 1685523575.0627656
  start: 1685523524.524522
