event_sleeping_wait_all:
  end: 1685525812.612374
  start: 1685525577.0136201
