event_sleeping_wait_all:
  end: 1685532527.5548513
  start: 1685532494.5272763
