event_sleeping_wait_all:
  end: 1685529017.5320473
  start: 1685528789.5447342
