event_sleeping_wait_all:
  end: 1685529322.6078603
  start: 1685529069.485687
