event_sleeping_wait_all:
  end: 1685530297.5160728
  start: 1685529959.4890199
