event_sleeping_wait_all:
  end: 1685528237.544981
  start: 1685528204.5305567
