event_sleeping_wait_all:
  end: 1685532247.6120832
  start: 1685532104.5288455
