event_sleeping_wait_all:
  end: 1685533790.08798
  start: 1685533664.5585213
