event_sleeping_wait_all:
  end: 1685529907.532132
  start: 1685529459.466454
