event_sleeping_wait_all:
  end: 1685524642.5241792
  start: 1685524499.5516112
