event_sleeping_wait_all:
  end: 1685527372.6121287
  start: 1685527229.4793782
