event_sleeping_wait_all:
  end: 1685532832.6122909
  start: 1685532579.4953465
