event_sleeping_wait_all:
  end: 1685533612.6123214
  start: 1685533359.4987872
