event_sleeping_wait_all:
  end: 1685524447.6125574
  start: 1685523999.573366
