event_sleeping_wait_all:
  end: 1685528432.5404615
  start: 1685528289.4528584
