event_sleeping_wait_all:
  end: 1685523947.624613
  start: 1685523822.0677853
