event_sleeping:
  end: 1685523167.6118517
  start: 1685522972.519896
