event_sleeping_wait_all:
  end: 1685528737.5644886
  start: 1685528484.4928482
