event_sleeping_wait_all:
  end: 1685533307.5166566
  start: 1685532884.5452785
