event_sleeping_wait_all:
  end: 1685531747.5450435
  start: 1685531714.5393612
