event_sleeping_wait_all:
  end: 1685532052.5820086
  start: 1685531799.5077028
