event_sleeping_wait_all:
  end: 1685525227.612138
  start: 1685524694.4511077
