event_sleeping_wait_all:
  end: 1685527957.5319328
  start: 1685527619.420436
