event_sleeping_wait_all:
  end: 1685523472.6041183
  start: 1685523219.5764008
