event_sleeping_wait_all:
  end: 1685525405.1118798
  start: 1685525279.5617254
