event_sleeping_wait_all:
  end: 1685526677.5439065
  start: 1685526644.2838628
