event_sleeping_wait_all:
  end: 1685526202.5241275
  start: 1685525949.2019088
