event_sleeping_wait_all:
  end: 1685523557.5961375
  start: 1685523219.2004445
