event_sleeping_wait_all:
  end: 1685529110.1081507
  start: 1685528789.2580729
