event_sleeping_wait_all:
  end: 1685524532.5211642
  start: 1685524194.2166905
