event_sleeping_wait_all:
  end: 1685528737.5640945
  start: 1685528484.2267888
