event_sleeping_wait_all:
  end: 1685524142.5720873
  start: 1685523914.2562118
