event_sleeping_wait_all:
  end: 1685526397.6120756
  start: 1685526254.1672723
