event_sleeping_wait_all:
  end: 1685524820.1120026
  start: 1685524584.1796322
