event_sleeping_wait_all:
  end: 1685525897.5324676
  start: 1685525754.252349
