event_sleeping_wait_all:
  end: 1685523167.5456507
  start: 1685523024.1724782
