event_sleeping_wait_all:
  end: 1685528152.6124823
  start: 1685528009.2824883
