event_sleeping_wait_all:
  end: 1685527957.6078987
  start: 1685527619.2155216
