event_sleeping:
  end: 1685522972.5239198
  start: 1685522972.5208375
