event_sleeping_wait_all:
  end: 1685526592.612054
  start: 1685526449.2697165
