event_sleeping_wait_all:
  end: 1685527567.5247688
  start: 1685527314.1599796
