event_sleeping_wait_all:
  end: 1685527262.5440087
  start: 1685527229.2487822
