event_sleeping_wait_all:
  end: 1685525702.6080048
  start: 1685525364.2264895
