event_sleeping_wait_all:
  end: 1685524922.562938
  start: 1685524871.749374
