event_sleeping_wait_all:
  end: 1685527177.6121142
  start: 1685526924.2123964
