event_sleeping_wait_all:
  end: 1685523862.6119487
  start: 1685523609.2632668
