event_sleeping_wait_all:
  end: 1685525312.607351
  start: 1685524974.2140105
