event_sleeping_wait_all:
  end: 1685528432.5400703
  start: 1685528204.327028
