event_sleeping_wait_all:
  end: 1685526872.5751588
  start: 1685526729.2290297
