event_sleeping_wait_all:
  end: 1685526202.6120088
  start: 1685525754.2209265
