event_sleeping_wait_all:
  end: 1685527457.5456398
  start: 1685527424.18372
