event_sleeping_wait_all:
  end: 1685528347.6120753
  start: 1685528094.214133
