event_sleeping_wait_all:
  end: 1685523277.5320725
  start: 1685523134.1826298
