event_sleeping_wait_all:
  end: 1685528450.063119
  start: 1685528399.2919626
