event_sleeping_wait_all:
  end: 1685529110.012208
  start: 1685528874.2148705
