event_sleeping_wait_all:
  end: 1685527847.580078
  start: 1685527704.2568183
