event_sleeping:
  end: 1685523082.5160615
  start: 1685522972.524366
