event_sleeping_wait_all:
  end: 1685528822.5451326
  start: 1685528789.2664998
