event_sleeping_wait_all:
  end: 1685526287.5453737
  start: 1685526254.2533429
