event_sleeping_wait_all:
  end: 1685527372.5720892
  start: 1685526339.2001162
