event_sleeping_wait_all:
  end: 1685523845.0360007
  start: 1685523719.2767909
