event_sleeping_wait_all:
  end: 1685525702.5520518
  start: 1685525559.1657517
