event_sleeping_wait_all:
  end: 1685523667.612434
  start: 1685523414.1893227
