event_sleeping_wait_all:
  end: 1685528737.5647843
  start: 1685528501.7056868
