event_sleeping_wait_all:
  end: 1685525210.0762203
  start: 1685525084.2413032
