event_sleeping_wait_all:
  end: 1685524447.6120389
  start: 1685523999.2127287
