event_sleeping_wait_all:
  end: 1685523947.562958
  start: 1685523896.7562556
