event_sleeping_wait_all:
  end: 1685524550.0632117
  start: 1685524499.2772932
