event_sleeping_wait_all:
  end: 1685525507.5160632
  start: 1685525261.7747664
