event_sleeping_wait_all:
  end: 1685527652.5720356
  start: 1685527509.1992857
