event_sleeping_wait_all:
  end: 1685523362.5438864
  start: 1685523329.2236607
