event_sleeping_wait_all:
  end: 1685524820.0360892
  start: 1685524601.7100587
