event_sleeping_wait_all:
  end: 1685528042.5520654
  start: 1685527899.2578692
