event_sleeping_wait_all:
  end: 1685525032.6118586
  start: 1685524871.6804707
