event_sleeping_wait_all:
  end: 1685525405.0201325
  start: 1685525169.2125113
