event_sleeping_wait_all:
  end: 1685524057.5641487
  start: 1685523719.1456912
