event_sleeping_wait_all:
  end: 1685524532.558322
  start: 1685524499.280144
