event_sleeping_wait_all:
  end: 1685526397.5520303
  start: 1685526144.2078266
