event_sleeping_wait_all:
  end: 1685529425.0522275
  start: 1685529179.256844
