event_sleeping_wait_all:
  end: 1685525015.0361578
  start: 1685524779.2652574
