event_sleeping_wait_all:
  end: 1685524727.6121523
  start: 1685524584.2130015
