event_sleeping_wait_all:
  end: 1685526982.5542755
  start: 1685526729.2291937
