event_sleeping_wait_all:
  end: 1685528347.516061
  start: 1685528009.2831008
