event_sleeping_wait_all:
  end: 1685523667.516102
  start: 1685523329.2200363
