event_sleeping_wait_all:
  end: 1685523277.532512
  start: 1685523134.2993805
