event_sleeping_wait_all:
  end: 1685524235.112117
  start: 1685524109.2302992
