event_sleeping_wait_all:
  end: 1685527762.5160906
  start: 1685527034.2117264
