event_sleeping_wait_all:
  end: 1685526677.6118958
  start: 1685526449.2169838
