event_sleeping_wait_all:
  end: 1685527957.6127918
  start: 1685527814.1446068
