event_sleeping_wait_all:
  end: 1685529127.612167
  start: 1685528984.306505
