event_sleeping_wait_all:
  end: 1685528627.6078863
  start: 1685528399.1528623
