event_sleeping_wait_all:
  end: 1685526092.5455155
  start: 1685526059.1591854
