event_sleeping:
  end: 1685523082.6212885
  start: 1685522972.524201
