event_sleeping_wait_all:
  end: 1685528932.6124585
  start: 1685528679.2264569
