event_sleeping_wait_all:
  end: 1685524447.6122026
  start: 1685524286.7486453
