event_sleeping_wait_all:
  end: 1685525117.545659
  start: 1685525066.688675
