event_sleeping_wait_all:
  end: 1685525600.0911777
  start: 1685525456.6695113
