event_sleeping_wait_all:
  end: 1685526007.5241601
  start: 1685525651.7613683
