event_sleeping_wait_all:
  end: 1685527940.0281503
  start: 1685527619.2128856
