event_sleeping_wait_all:
  end: 1685532332.5159833
  start: 1685532189.1685216
