event_sleeping_wait_all:
  end: 1685523752.602492
  start: 1685523219.1191125
