event_sleeping_wait_all:
  end: 1685525117.5454597
  start: 1685525084.129408
