event_sleeping_wait_all:
  end: 1685531467.61216
  start: 1685531324.257844
