event_sleeping_wait_all:
  end: 1685527567.6119578
  start: 1685527314.1470628
