event_sleeping_wait_all:
  end: 1685533010.1120257
  start: 1685532884.24962
