event_sleeping_wait_all:
  end: 1685525897.5320985
  start: 1685525651.756071
