event_sleeping_wait_all:
  end: 1685530382.5158975
  start: 1685530239.154689
