event_sleeping_wait_all:
  end: 1685532052.539928
  start: 1685531799.147617
