event_sleeping_wait_all:
  end: 1685529712.57215
  start: 1685528984.23135
