event_sleeping_wait_all:
  end: 1685530577.5200236
  start: 1685530434.077017
