event_sleeping_wait_all:
  end: 1685526677.5320842
  start: 1685526339.1994863
