event_sleeping_wait_all:
  end: 1685531662.5559905
  start: 1685531519.1965694
