event_sleeping_wait_all:
  end: 1685530772.6124732
  start: 1685530629.162165
