event_sleeping_wait_all:
  end: 1685523167.5452754
  start: 1685523134.1836164
