event_sleeping_wait_all:
  end: 1685527262.5442717
  start: 1685527211.688554
