event_sleeping_wait_all:
  end: 1685525032.5160017
  start: 1685524889.2352345
