event_sleeping_wait_all:
  end: 1685528627.5454316
  start: 1685528594.1785326
