event_sleeping:
  end: 1685523082.6119957
  start: 1685522972.5196834
