event_sleeping_wait_all:
  end: 1685526287.6119576
  start: 1685525949.1608984
