event_sleeping_wait_all:
  end: 1685524837.6121216
  start: 1685524584.1778872
