event_sleeping_wait_all:
  end: 1685525312.572031
  start: 1685525169.1087093
