event_sleeping_wait_all:
  end: 1685528255.088218
  start: 1685528094.1726067
