event_sleeping_wait_all:
  end: 1685530102.6121721
  start: 1685529764.2322803
