event_sleeping_wait_all:
  end: 1685528542.5765746
  start: 1685528306.684371
