event_sleeping_wait_all:
  end: 1685532832.6126254
  start: 1685532579.0943284
