event_sleeping_wait_all:
  end: 1685531747.5453153
  start: 1685531714.17384
