event_sleeping_wait_all:
  end: 1685531272.612695
  start: 1685531129.2081974
