event_sleeping_wait_all:
  end: 1685532527.516075
  start: 1685532384.1590803
