event_sleeping_wait_all:
  end: 1685526982.6119194
  start: 1685526729.1316273
