event_sleeping_wait_all:
  end: 1685531077.6040692
  start: 1685530824.2448807
