event_sleeping_wait_all:
  end: 1685525600.0915613
  start: 1685525364.1889915
