event_sleeping_wait_all:
  end: 1685527160.1122375
  start: 1685527034.1846745
