event_sleeping_wait_all:
  end: 1685530187.5454996
  start: 1685530154.1937895
