event_sleeping_wait_all:
  end: 1685524532.607908
  start: 1685523999.1870058
