event_sleeping_wait_all:
  end: 1685523947.5947237
  start: 1685523804.2042217
