event_sleeping_wait_all:
  end: 1685532137.5456066
  start: 1685532104.1652856
