event_sleeping_wait_all:
  end: 1685528932.6120455
  start: 1685528679.1146438
