event_sleeping:
  end: 1685528292.572085
  start: 1685527954.7107182
