event_sleeping:
  end: 1685523807.6119847
  start: 1685523664.5756912
