event_sleeping:
  end: 1685525172.5574603
  start: 1685525029.5753374
