event_sleeping:
  end: 1685525952.6119924
  start: 1685525614.5841503
