event_sleeping_wait_all:
  end: 1685532777.6119363
  start: 1685532244.587852
