event_sleeping_wait_all:
  end: 1685531802.588122
  start: 1685531269.6586428
