event_sleeping:
  end: 1685527317.5200915
  start: 1685527174.6321309
