event_sleeping:
  end: 1685523222.6121898
  start: 1685523079.321683
