event_sleeping_wait_all:
  end: 1685533752.6119692
  start: 1685533609.5464385
