event_sleeping_wait_all:
  end: 1685530632.61248
  start: 1685530489.6492803
