event_sleeping_wait_all:
  end: 1685533362.597117
  start: 1685533219.6449172
