event_sleeping:
  end: 1685525367.5623817
  start: 1685525224.619576
