event_sleeping_wait_all:
  end: 1685530242.556086
  start: 1685530099.5638423
