event_sleeping:
  end: 1685524197.6120322
  start: 1685524054.5772598
