event_sleeping:
  end: 1685528487.6122649
  start: 1685528344.550933
