event_sleeping_wait_all:
  end: 1685530437.6118624
  start: 1685530294.555605
