event_sleeping_wait_all:
  end: 1685529852.5796027
  start: 1685529514.6365492
