event_sleeping:
  end: 1685524977.6122403
  start: 1685524843.4697697
