event_sleeping:
  end: 1685523027.5680335
  start: 1685522972.5212348
