event_sleeping_wait_all:
  end: 1685531022.6123648
  start: 1685530879.5129945
