event_sleeping_wait_all:
  end: 1685531217.6122048
  start: 1685531074.6702185
