event_sleeping:
  end: 1685524392.5201004
  start: 1685524260.8179026
