event_sleeping_wait_all:
  end: 1685532192.6121318
  start: 1685531854.6416402
