event_sleeping_wait_all:
  end: 1685530047.5160475
  start: 1685529904.605634
