event_sleeping_wait_all:
  end: 1685529462.6119971
  start: 1685529124.6207964
