event_sleeping:
  end: 1685523612.540026
  start: 1685523274.6212096
