event_sleeping:
  end: 1685524587.6122599
  start: 1685524444.526848
