event_sleeping:
  end: 1685527512.6123087
  start: 1685527369.518088
