event_sleeping:
  end: 1685526342.5241282
  start: 1685526199.6853106
