event_sleeping:
  end: 1685527902.6121607
  start: 1685527759.5440786
