event_sleeping:
  end: 1685526147.6121185
  start: 1685526004.6767323
