event_sleeping:
  end: 1685526537.5801783
  start: 1685526394.5191305
