event_sleeping:
  end: 1685524782.5600674
  start: 1685524639.615442
