event_sleeping_wait_all:
  end: 1685532972.6122139
  start: 1685532829.6361723
