event_sleeping:
  end: 1685526732.6121125
  start: 1685526589.614241
