event_sleeping_wait_all:
  end: 1685533557.549122
  start: 1685533414.6093435
