event_sleeping_wait_all:
  end: 1685533167.58009
  start: 1685533024.6245968
