event_sleeping:
  end: 1685529072.6041503
  start: 1685528539.6740289
