event_sleeping:
  end: 1685527122.611948
  start: 1685526784.6236768
