event_sleeping:
  end: 1685524002.5240827
  start: 1685523859.596938
