event_sleeping:
  end: 1685525562.5239787
  start: 1685525419.6089313
