event_sleeping:
  end: 1685527707.5481098
  start: 1685527564.577058
