event_sleeping_wait_all:
  end: 1685530827.5160315
  start: 1685530684.6559048
