event_sleeping:
  end: 1683466710.2828915
  start: 1683466553.6445923
