event_sleeping:
  end: 1683466887.7190988
  start: 1683466764.0152998
