event_sleeping:
  end: 1683467082.7354825
  start: 1683466941.4630902
