event_sleeping:
  end: 1683468362.7463408
  start: 1683467916.4700553
