event_sleeping:
  end: 1683467472.7203064
  start: 1683467441.4697855
