event_sleeping:
  end: 1683467862.698633
  start: 1683467526.4718723
