event_sleeping:
  end: 1683467387.7394836
  start: 1683467136.456251
