event_sleeping:
  end: 1683466497.6946945
  start: 1683466497.6946554
