event_sleeping:
  end: 1683466692.7874978
  start: 1683466558.0477257
