event_sleeping:
  end: 1683467955.257966
  start: 1683467831.5563462
