event_sleeping:
  end: 1683466997.7887619
  start: 1683466746.5299237
