event_sleeping:
  end: 1683467387.7396924
  start: 1683467051.6350589
