event_sleeping:
  end: 1683468345.2721343
  start: 1683468008.9768724
