event_sleeping:
  end: 1683467777.7875397
  start: 1683467441.4898124
