event_sleeping:
  end: 1683466497.6926785
  start: 1683466497.6926389
