event_sleeping:
  end: 1683468557.7034707
  start: 1683468306.8821208
