event_sleeping:
  end: 1683466692.7163568
  start: 1683466661.8397467
