event_sleeping:
  end: 1683468057.7434263
  start: 1683467934.2617326
