event_sleeping:
  end: 1683466607.7921302
  start: 1683466497.697211
