event_sleeping:
  end: 1683467472.7875016
  start: 1683467349.3206408
