event_sleeping:
  end: 1683467295.287521
  start: 1683467051.8125858
