event_sleeping:
  end: 1683466997.7891078
  start: 1683466746.707564
