event_sleeping:
  end: 1683468252.7230864
  start: 1683468111.9047675
