event_sleeping:
  end: 1683467667.787361
  start: 1683467441.5119054
