event_sleeping:
  end: 1683466997.7875254
  start: 1683466838.9452894
