event_sleeping:
  end: 1683468270.2236378
  start: 1683468026.427662
