event_sleeping:
  end: 1683467192.7874608
  start: 1683467051.4609172
