event_sleeping:
  end: 1683466785.2474203
  start: 1683466497.699637
