event_sleeping:
  end: 1683467972.743487
  start: 1683467721.5929463
