event_sleeping:
  end: 1683467387.7982068
  start: 1683467246.4856236
