event_sleeping:
  end: 1683468557.7873616
  start: 1683468323.9769826
