event_sleeping:
  end: 1683467582.768452
  start: 1683467154.044648
