event_sleeping:
  end: 1683467100.2875807
  start: 1683466941.5323424
