event_sleeping:
  end: 1683468057.7435837
  start: 1683467721.578805
