event_sleeping:
  end: 1683466710.2927902
  start: 1683466497.6995819
