event_sleeping:
  end: 1683466887.7874887
  start: 1683466764.1949482
