event_sleeping:
  end: 1683467667.7199266
  start: 1683467636.5061631
