event_sleeping:
  end: 1683468557.7037702
  start: 1683468111.520516
