event_sleeping:
  end: 1683466552.7110841
  start: 1683466497.6914165
