event_sleeping:
  end: 1683467137.7735283
  start: 1683466801.431064
