event_sleeping:
  end: 1683467917.7737374
  start: 1683467386.4458542
