event_sleeping:
  end: 1683467332.7734625
  start: 1683467191.4216073
