event_sleeping:
  end: 1683466747.7814639
  start: 1683466606.395478
