event_sleeping_wait_all:
  end: 1685426323.2439153
  start: 1685426180.1739237
