event_sleeping:
  end: 1685425933.2440648
  start: 1685425330.692136
