event_sleeping_wait_all:
  end: 1685428255.7439208
  start: 1685428112.6915088
