event_sleeping_wait_all:
  end: 1685427763.2439523
  start: 1685427620.1462731
