event_sleeping_wait_all:
  end: 1685426983.1520653
  start: 1685426840.2008429
