event_sleeping_wait_all:
  end: 1685427568.214115
  start: 1685427247.6868126
