event_sleeping_wait_all:
  end: 1685426788.246366
  start: 1685426552.7190464
