event_sleeping_wait_all:
  end: 1685428858.2456079
  start: 1685428502.702608
