event_sleeping_wait_all:
  end: 1685428450.7358072
  start: 1685428307.6604643
