event_sleeping_wait_all:
  end: 1685427883.1522353
  start: 1685427815.1734278
