event_sleeping_wait_all:
  end: 1685428060.745294
  start: 1685427935.0821526
