event_sleeping_wait_all:
  end: 1685426128.2121723
  start: 1685425985.2192516
