event_sleeping_wait_all:
  end: 1685427195.7400196
  start: 1685427035.114478
