event_sleeping_wait_all:
  end: 1685426500.748621
  start: 1685426375.1282613
