event_sleeping_wait_all:
  end: 1685427178.226963
  start: 1685426857.3768654
