event_sleeping_wait_all:
  end: 1685429053.2440634
  start: 1685428892.351274
