event_sleeping_wait_all:
  end: 1685428755.7438679
  start: 1685428612.3979032
