event_sleeping_wait_all:
  end: 1685428170.7454405
  start: 1685427917.39461
