event_sleeping_wait_all:
  end: 1685427865.7438767
  start: 1685427722.444329
