event_sleeping_wait_all:
  end: 1685428255.6788785
  start: 1685428222.4021332
