event_sleeping_wait_all:
  end: 1685428560.7440112
  start: 1685428307.3178391
