event_sleeping_wait_all:
  end: 1685427670.7456713
  start: 1685427527.3989356
