event_sleeping_wait_all:
  end: 1685426110.7223036
  start: 1685425984.8975797
