event_sleeping_wait_all:
  end: 1685425933.1962333
  start: 1685425882.4219294
