event_sleeping_wait_all:
  end: 1685425830.7457306
  start: 1685425594.833133
