event_sleeping_wait_all:
  end: 1685427475.7454224
  start: 1685427349.8572493
