event_sleeping_wait_all:
  end: 1685426805.7475393
  start: 1685426162.379719
