event_sleeping_wait_all:
  end: 1685427298.1585805
  start: 1685427229.8606603
