event_sleeping_wait_all:
  end: 1685428840.6680863
  start: 1685428807.3576646
