event_sleeping:
  end: 1685425543.1521227
  start: 1685425330.659817
