event_sleeping_wait_all:
  end: 1685427780.7457926
  start: 1685427619.9464579
