event_sleeping:
  end: 1685425440.7359462
  start: 1685425330.6591249
