event_sleeping_wait_all:
  end: 1685429713.2439504
  start: 1685429587.3677275
