event_sleeping_wait_all:
  end: 1685427883.1959004
  start: 1685427832.3903613
