event_sleeping_wait_all:
  end: 1685426908.199508
  start: 1685426857.3832443
