event_sleeping_wait_all:
  end: 1685427178.2598345
  start: 1685426959.8436518
