event_sleeping_wait_all:
  end: 1685428060.74574
  start: 1685427934.848618
