event_sleeping_wait_all:
  end: 1685427280.696388
  start: 1685427229.9149258
