event_sleeping_wait_all:
  end: 1685426203.2302096
  start: 1685426059.9041047
