event_sleeping_wait_all:
  end: 1685428755.6759408
  start: 1685428612.3587897
