event_sleeping_wait_all:
  end: 1685426323.1521616
  start: 1685426254.869601
