event_sleeping_wait_all:
  end: 1685426805.7359836
  start: 1685426374.827731
