event_sleeping_wait_all:
  end: 1685429535.73014
  start: 1685428807.3320794
