event_sleeping_wait_all:
  end: 1685427568.251528
  start: 1685427332.3283172
