event_sleeping_wait_all:
  end: 1685428560.674129
  start: 1685428417.3591037
