event_sleeping_wait_all:
  end: 1685428365.6921098
  start: 1685428112.407108
