event_sleeping_wait_all:
  end: 1685426008.2456272
  start: 1685425687.358764
