event_sleeping_wait_all:
  end: 1685425635.735904
  start: 1685425492.3883877
