event_sleeping_wait_all:
  end: 1685425635.736309
  start: 1685425474.9426646
