event_sleeping_wait_all:
  end: 1685427958.2457204
  start: 1685427814.82583
