event_sleeping_wait_all:
  end: 1685427373.245515
  start: 1685426959.8659418
