event_sleeping_wait_all:
  end: 1685426788.2456746
  start: 1685426644.8961012
