event_sleeping_wait_all:
  end: 1685426593.244277
  start: 1685426272.4354904
