event_sleeping:
  end: 1685425423.2303314
  start: 1685425330.6539364
