event_sleeping_wait_all:
  end: 1685427493.2120574
  start: 1685427424.9438493
