event_sleeping_wait_all:
  end: 1685427763.1642172
  start: 1685427544.8985431
