event_sleeping_wait_all:
  end: 1685426908.1882398
  start: 1685426839.8892455
