event_sleeping_wait_all:
  end: 1685425720.6786482
  start: 1685425687.3553605
