event_sleeping_wait_all:
  end: 1685426220.7456238
  start: 1685425772.3736563
