event_sleeping_wait_all:
  end: 1685426890.6787295
  start: 1685426857.3299594
