event_sleeping_wait_all:
  end: 1685427280.7441423
  start: 1685426942.2816489
