event_sleeping_wait_all:
  end: 1685426500.7359827
  start: 1685426374.7789016
