event_sleeping_wait_all:
  end: 1685426323.1525273
  start: 1685426162.3580654
