event_sleeping_wait_all:
  end: 1685427958.2460818
  start: 1685427637.3722308
