event_sleeping:
  end: 1685425330.6515334
  start: 1685425330.651511
