event_sleeping_wait_all:
  end: 1685427585.7453032
  start: 1685427332.3400028
