event_sleeping_wait_all:
  end: 1685426110.7544086
  start: 1685425382.2659218
