event_sleeping_wait_all:
  end: 1685429480.7439141
  start: 1685429142.7238123
