event_sleeping_wait_all:
  end: 1685428310.7359493
  start: 1685427972.778145
