event_sleeping:
  end: 1685427140.7001257
  start: 1685426997.7005155
