event_sleeping:
  end: 1685425385.700004
  start: 1685425330.6546235
