event_sleeping:
  end: 1685426360.7360108
  start: 1685426217.6740832
