event_sleeping_wait_all:
  end: 1685429090.7360618
  start: 1685428947.690421
