event_sleeping_wait_all:
  end: 1685429675.6520507
  start: 1685429532.7603295
