event_sleeping:
  end: 1685427920.7456963
  start: 1685427777.8487875
