event_sleeping:
  end: 1685427725.7359095
  start: 1685427582.7975075
