event_sleeping:
  end: 1685426750.745849
  start: 1685426607.7513883
