event_sleeping:
  end: 1685426165.6800187
  start: 1685426022.670105
