event_sleeping:
  end: 1685425970.6522415
  start: 1685425632.7291238
