event_sleeping:
  end: 1685427530.735934
  start: 1685427387.8644743
