event_sleeping:
  end: 1685425580.745899
  start: 1685425441.4296741
