event_sleeping:
  end: 1685427335.7358387
  start: 1685427192.7991302
