event_sleeping:
  end: 1685426945.7358518
  start: 1685426802.883438
