event_sleeping:
  end: 1685426555.7455194
  start: 1685426412.782169
