event_sleeping_wait_all:
  end: 1685428895.660146
  start: 1685428362.7787936
