event_sleeping_wait_all:
  end: 1685437306.2634497
  start: 1685437163.2250438
