event_sleeping_wait_all:
  end: 1685437788.7642894
  start: 1685437358.2200992
