event_sleeping_wait_all:
  end: 1685436831.163982
  start: 1685436595.7312982
