event_sleeping_wait_all:
  end: 1685437111.2636168
  start: 1685436968.0849566
