event_sleeping:
  end: 1685436543.7601361
  start: 1685436348.6736822
