event_sleeping_wait_all:
  end: 1685437983.708085
  start: 1685437840.722029
