event_sleeping_wait_all:
  end: 1685436916.195874
  start: 1685436883.0895793
