event_sleeping_wait_all:
  end: 1685436526.2507467
  start: 1685436400.3417478
