event_sleeping_wait_all:
  end: 1685436916.2598736
  start: 1685436577.9339669
