event_sleeping_wait_all:
  end: 1685437501.2600682
  start: 1685437272.8225093
