event_sleeping:
  end: 1685436348.6730947
  start: 1685436348.6730747
