event_sleeping_wait_all:
  end: 1685437221.1880386
  start: 1685436967.9379642
