event_sleeping_wait_all:
  end: 1685437908.7599194
  start: 1685437552.9456024
