event_sleeping_wait_all:
  end: 1685437806.2598934
  start: 1685437357.9027479
