event_sleeping_wait_all:
  end: 1685436721.1966693
  start: 1685436687.905463
