event_sleeping_wait_all:
  end: 1685437008.7001874
  start: 1685436772.8497238
