event_sleeping_wait_all:
  end: 1685436636.2200673
  start: 1685436492.821474
