event_sleeping:
  end: 1685436441.176423
  start: 1685436348.6714945
