event_sleeping_wait_all:
  end: 1685437306.214593
  start: 1685437255.4099264
