event_sleeping_wait_all:
  end: 1685437203.7358475
  start: 1685437060.354436
