event_sleeping_wait_all:
  end: 1685437908.7002397
  start: 1685437857.9229484
