event_sleeping:
  end: 1685436441.256048
  start: 1685436348.6724288
