event_sleeping_wait_all:
  end: 1685437788.763573
  start: 1685437662.924484
