event_sleeping_wait_all:
  end: 1685437891.2143185
  start: 1685437840.449161
