event_sleeping_wait_all:
  end: 1685436618.7635467
  start: 1685436492.913156
