event_sleeping_wait_all:
  end: 1685437026.263447
  start: 1685436670.4453366
