event_sleeping_wait_all:
  end: 1685438103.688134
  start: 1685437942.8929205
