event_sleeping_wait_all:
  end: 1685437611.259992
  start: 1685437467.9572275
