event_sleeping_wait_all:
  end: 1685437416.2635248
  start: 1685437077.8732631
