event_sleeping_wait_all:
  end: 1685437891.260041
  start: 1685437375.3195577
