event_sleeping_wait_all:
  end: 1685437128.7635071
  start: 1685436595.351302
