event_sleeping_wait_all:
  end: 1685437323.7599583
  start: 1685437180.3964696
