event_sleeping_wait_all:
  end: 1685436543.7142434
  start: 1685436492.796877
