event_sleeping:
  end: 1685436441.1760197
  start: 1685436348.6729465
