event_sleeping_wait_all:
  end: 1685438178.740011
  start: 1685437942.847924
