event_sleeping:
  end: 1685436386.2000692
  start: 1685436348.6707437
