event_sleeping:
  end: 1685436581.244162
  start: 1685436437.87733
