event_sleeping:
  end: 1685436971.262604
  start: 1685436633.233592
