event_sleeping_wait_all:
  end: 1685438141.1937637
  start: 1685437998.3009367
