event_sleeping:
  end: 1685437361.2506194
  start: 1685437218.2243824
