event_sleeping:
  end: 1685437946.2638214
  start: 1685437803.282717
