event_sleeping:
  end: 1685437751.2639022
  start: 1685437608.1832356
