event_sleeping:
  end: 1685437166.263495
  start: 1685437027.0046825
