event_sleeping:
  end: 1685437556.1881309
  start: 1685437413.2702782
