event_sleeping_wait_all:
  end: 1685413145.8177197
  start: 1685412892.7660723
