event_sleeping_wait_all:
  end: 1685410025.8200622
  start: 1685409882.7826324
