event_sleeping_wait_all:
  end: 1685406033.3458378
  start: 1685405397.7794232
