event_sleeping_wait_all:
  end: 1685412365.7881618
  start: 1685412112.7764215
