event_sleeping_wait_all:
  end: 1685410305.846119
  start: 1685410077.761996
