event_sleeping_wait_all:
  end: 1685403980.8465712
  start: 1685403532.7541885
