event_sleeping_wait_all:
  end: 1685410805.8127048
  start: 1685410552.8012826
