event_sleeping_wait_all:
  end: 1685405058.2682245
  start: 1685404990.1374695
