event_sleeping_wait_all:
  end: 1685403303.3462055
  start: 1685403160.2759967
