event_sleeping_wait_all:
  end: 1685406210.748489
  start: 1685406085.3470418
