event_sleeping_wait_all:
  end: 1685403005.8438885
  start: 1685402752.7238026
