event_sleeping_wait_all:
  end: 1685407965.7949996
  start: 1685407822.711266
