event_sleeping_wait_all:
  end: 1685404760.7641592
  start: 1685404227.7984478
