event_sleeping_wait_all:
  end: 1685406905.8439379
  start: 1685406762.7785633
