event_sleeping_wait_all:
  end: 1685407490.748177
  start: 1685407152.7635763
