event_sleeping_wait_all:
  end: 1685413323.3464115
  start: 1685413197.7813807
