event_sleeping_wait_all:
  end: 1685407685.846016
  start: 1685407542.7022638
