event_sleeping_wait_all:
  end: 1685411780.8462126
  start: 1685411637.7447913
