event_sleeping_wait_all:
  end: 1685411975.7760568
  start: 1685411832.794136
