event_sleeping_wait_all:
  end: 1685408550.8459804
  start: 1685408322.8186867
