event_sleeping_wait_all:
  end: 1685404175.8462481
  start: 1685404032.7804303
