event_sleeping_wait_all:
  end: 1685404938.2682357
  start: 1685404812.6754904
