event_sleeping_wait_all:
  end: 1685412840.8458064
  start: 1685412417.722332
