event_sleeping_wait_all:
  end: 1685411280.77881
  start: 1685411247.792281
