event_sleeping_wait_all:
  end: 1685406405.8461657
  start: 1685406262.6626508
