event_sleeping_wait_all:
  end: 1685406710.8211317
  start: 1685406457.7821202
