event_sleeping_wait_all:
  end: 1685407100.8462143
  start: 1685406957.803517
