event_sleeping_wait_all:
  end: 1685410500.8460267
  start: 1685410357.77503
