event_sleeping:
  end: 1685402700.7799866
  start: 1685402505.7563717
