event_sleeping_wait_all:
  end: 1685409830.8459203
  start: 1685409492.7647684
