event_sleeping_wait_all:
  end: 1685408270.848837
  start: 1685408017.7064173
