event_sleeping_wait_all:
  end: 1685403108.2967975
  start: 1685403057.7774959
