event_sleeping_wait_all:
  end: 1685405345.820102
  start: 1685405110.2401633
