event_sleeping_wait_all:
  end: 1685407770.7790997
  start: 1685407737.7843416
