event_sleeping_wait_all:
  end: 1685403480.7965627
  start: 1685403355.318394
