event_sleeping_wait_all:
  end: 1685408940.7719388
  start: 1685408907.8423398
