event_sleeping_wait_all:
  end: 1685411195.8459523
  start: 1685410857.7438788
