event_sleeping_wait_all:
  end: 1685412060.7790697
  start: 1685412027.7227368
