event_sleeping_wait_all:
  end: 1685411585.8439317
  start: 1685411332.7081385
