event_sleeping_wait_all:
  end: 1685408855.8445797
  start: 1685408602.7762594
