event_sleeping_wait_all:
  end: 1685409440.828582
  start: 1685408992.718645
