event_sleeping_wait_all:
  end: 1685402700.8440597
  start: 1685402557.4563515
