event_sleeping_wait_all:
  end: 1685408643.2640882
  start: 1685408322.510771
