event_sleeping_wait_all:
  end: 1685404845.7881863
  start: 1685404507.4513907
