event_sleeping_wait_all:
  end: 1685405930.7800877
  start: 1685405787.445353
