event_sleeping_wait_all:
  end: 1685408270.8491936
  start: 1685408017.5120227
