event_sleeping_wait_all:
  end: 1685404065.7791805
  start: 1685403727.5132823
