event_sleeping_wait_all:
  end: 1685406125.8438354
  start: 1685405982.419686
