event_sleeping_wait_all:
  end: 1685407685.751911
  start: 1685407542.480369
