event_sleeping_wait_all:
  end: 1685406795.7793856
  start: 1685406762.4894953
