event_sleeping_wait_all:
  end: 1685407965.8439353
  start: 1685407737.4131682
