event_sleeping_wait_all:
  end: 1685404353.3504202
  start: 1685404117.4306796
