event_sleeping_wait_all:
  end: 1685405235.8460011
  start: 1685404897.4528499
