event_sleeping_wait_all:
  end: 1685405735.8039665
  start: 1685405482.519548
