event_sleeping:
  end: 1685402505.7555048
  start: 1685402505.755407
