event_sleeping_wait_all:
  end: 1685408958.29687
  start: 1685408907.4907694
