event_sleeping_wait_all:
  end: 1685407490.845766
  start: 1685407152.4517968
