event_sleeping_wait_all:
  end: 1685406405.84577
  start: 1685406262.4276447
