event_sleeping_wait_all:
  end: 1685408855.8281176
  start: 1685408694.9417713
