event_sleeping_wait_all:
  end: 1685406210.8101654
  start: 1685406177.4795823
