event_sleeping_wait_all:
  end: 1685404455.7968764
  start: 1685404404.991145
