event_sleeping_wait_all:
  end: 1685403675.8459687
  start: 1685403447.4227016
