event_sleeping_wait_all:
  end: 1685405430.846211
  start: 1685405287.5439267
