event_sleeping_wait_all:
  end: 1685406710.8129137
  start: 1685406457.496303
