event_sleeping_wait_all:
  end: 1685403395.7741354
  start: 1685403142.509005
