event_sleeping_wait_all:
  end: 1685407100.764097
  start: 1685406847.4318428
