event_sleeping_wait_all:
  end: 1685403090.8461518
  start: 1685402752.4720771
