event_sleeping_wait_all:
  end: 1685403378.2681053
  start: 1685403252.4760506
