event_sleeping_wait_all:
  end: 1685407575.7973163
  start: 1685407432.4606419
