event_sleeping_wait_all:
  end: 1685411670.801622
  start: 1685411527.536185
