event_sleeping_wait_all:
  end: 1685402895.775874
  start: 1685402862.5229301
