event_sleeping_wait_all:
  end: 1685405735.8353183
  start: 1685405287.5625267
