event_sleeping_wait_all:
  end: 1685403200.843898
  start: 1685402947.41707
