event_sleeping_wait_all:
  end: 1685413908.2841501
  start: 1685413672.5169702
