event_sleeping_wait_all:
  end: 1685412170.8459969
  start: 1685411722.4737015
