event_sleeping_wait_all:
  end: 1685408270.8396757
  start: 1685408034.9971323
