event_sleeping_wait_all:
  end: 1685404743.3240688
  start: 1685404617.5260408
