event_sleeping_wait_all:
  end: 1685410220.7640326
  start: 1685409967.403909
