event_sleeping_wait_all:
  end: 1685407380.756076
  start: 1685407237.5119574
