event_sleeping_wait_all:
  end: 1685409635.8457735
  start: 1685409492.4931445
