event_sleeping_wait_all:
  end: 1685405235.8463728
  start: 1685405092.5216622
