event_sleeping_wait_all:
  end: 1685409830.8462574
  start: 1685409687.4755788
