event_sleeping_wait_all:
  end: 1685403980.845861
  start: 1685403532.430688
