event_sleeping_wait_all:
  end: 1685412560.7641377
  start: 1685412417.496466
