event_sleeping_wait_all:
  end: 1685404353.3401716
  start: 1685404134.984446
