event_sleeping_wait_all:
  end: 1685406905.79201
  start: 1685405872.429348
