event_sleeping_wait_all:
  end: 1685409915.7639544
  start: 1685409882.577157
