event_sleeping_wait_all:
  end: 1685411475.8361468
  start: 1685411247.5919862
