event_sleeping_wait_all:
  end: 1685403480.795939
  start: 1685403429.9464073
