event_sleeping_wait_all:
  end: 1685413425.8360102
  start: 1685413087.501368
