event_sleeping_wait_all:
  end: 1685407185.845911
  start: 1685407042.465291
