event_sleeping_wait_all:
  end: 1685408355.7791562
  start: 1685408322.601975
