event_sleeping_wait_all:
  end: 1685410610.7481723
  start: 1685410467.5482047
