event_sleeping_wait_all:
  end: 1685410890.8460944
  start: 1685410747.4288456
