event_sleeping_wait_all:
  end: 1685408643.3439956
  start: 1685408407.4655364
