event_sleeping_wait_all:
  end: 1685411195.846259
  start: 1685410942.486902
