event_sleeping:
  end: 1685402615.8438487
  start: 1685402505.755871
