event_sleeping_wait_all:
  end: 1685405820.7792034
  start: 1685405787.4524727
