event_sleeping_wait_all:
  end: 1685413620.8462002
  start: 1685413477.5316834
