event_sleeping_wait_all:
  end: 1685404565.8463998
  start: 1685404404.987085
