event_sleeping_wait_all:
  end: 1685409440.8281827
  start: 1685408907.5238707
