event_sleeping_wait_all:
  end: 1685406990.779295
  start: 1685406957.4338896
