event_sleeping_wait_all:
  end: 1685402810.8463764
  start: 1685402667.467629
