event_sleeping_wait_all:
  end: 1685407983.2970798
  start: 1685407932.4563556
