event_sleeping_wait_all:
  end: 1685405040.8459766
  start: 1685404794.9945168
