event_sleeping_wait_all:
  end: 1685412365.847687
  start: 1685412222.5352716
