event_sleeping_wait_all:
  end: 1685410695.7758641
  start: 1685410662.4285183
