event_sleeping_wait_all:
  end: 1685404083.2968156
  start: 1685404032.5178657
