event_sleeping_wait_all:
  end: 1685407880.7721095
  start: 1685407627.448702
