event_sleeping_wait_all:
  end: 1685413035.8458533
  start: 1685412612.3931873
