event_sleeping_wait_all:
  end: 1685408855.8442974
  start: 1685408694.9822152
