event_sleeping_wait_all:
  end: 1685410415.8361294
  start: 1685410272.4533706
