event_sleeping_wait_all:
  end: 1685408958.3440478
  start: 1685408712.476033
