event_sleeping_wait_all:
  end: 1685403980.8462663
  start: 1685403819.9031153
