event_sleeping_wait_all:
  end: 1685404548.344093
  start: 1685404312.5108576
