event_sleeping_wait_all:
  end: 1685405625.7793038
  start: 1685405592.4790497
