event_sleeping_wait_all:
  end: 1685408160.844092
  start: 1685407932.4819512
