event_sleeping_wait_all:
  end: 1685404065.7788556
  start: 1685404032.5487866
