event_sleeping_wait_all:
  end: 1685407880.8091853
  start: 1685407542.4817576
