event_sleeping_wait_all:
  end: 1685403590.8441303
  start: 1685403252.4423065
