event_sleeping_wait_all:
  end: 1685404260.8246043
  start: 1685404117.4016392
