event_sleeping_wait_all:
  end: 1685403768.2841227
  start: 1685403642.5452425
