event_sleeping_wait_all:
  end: 1685404650.812747
  start: 1685404599.9917974
