event_sleeping:
  end: 1685402615.8524065
  start: 1685402505.7539594
