event_sleeping_wait_all:
  end: 1685406515.8460264
  start: 1685406262.454247
