event_sleeping_wait_all:
  end: 1685407490.8465433
  start: 1685407347.5318007
