event_sleeping_wait_all:
  end: 1685406210.8442872
  start: 1685405982.46605
