event_sleeping_wait_all:
  end: 1685408660.8461215
  start: 1685408517.4504547
