event_sleeping_wait_all:
  end: 1685408465.7880697
  start: 1685408212.527313
