event_sleeping_wait_all:
  end: 1685405930.844101
  start: 1685405677.4760416
