event_sleeping_wait_all:
  end: 1685405540.8280551
  start: 1685405185.014191
