event_sleeping_wait_all:
  end: 1685405133.3440776
  start: 1685404989.9571588
