event_sleeping_wait_all:
  end: 1685404938.2689059
  start: 1685404702.4291558
