event_sleeping_wait_all:
  end: 1685403200.7760224
  start: 1685402862.5223997
