event_sleeping_wait_all:
  end: 1685402810.8459942
  start: 1685402667.4984536
