event_sleeping_wait_all:
  end: 1685407295.8459952
  start: 1685406567.5078323
