event_sleeping_wait_all:
  end: 1685411195.8456137
  start: 1685411052.4558208
