event_sleeping_wait_all:
  end: 1685407788.3460772
  start: 1685407627.4367282
