event_sleeping_wait_all:
  end: 1685407575.797005
  start: 1685407524.8963494
