event_sleeping_wait_all:
  end: 1685407100.8468487
  start: 1685406847.4125483
