event_sleeping_wait_all:
  end: 1685404370.7480857
  start: 1685404117.4160402
