event_sleeping:
  end: 1685402615.7720199
  start: 1685402505.7556717
