event_sleeping_wait_all:
  end: 1685402700.7795773
  start: 1685402667.3726842
