event_sleeping_wait_all:
  end: 1685410805.8123982
  start: 1685410662.3758183
