event_sleeping_wait_all:
  end: 1685409720.7792692
  start: 1685409687.4326432
