event_sleeping_wait_all:
  end: 1685411585.7718344
  start: 1685411332.4092116
