event_sleeping_wait_all:
  end: 1685408465.8213055
  start: 1685408212.4101048
