event_sleeping_wait_all:
  end: 1685408160.7793014
  start: 1685408127.464865
