event_sleeping_wait_all:
  end: 1685403285.8696952
  start: 1685402752.3981113
