event_sleeping_wait_all:
  end: 1685410610.748622
  start: 1685410357.4669652
