event_sleeping_wait_all:
  end: 1685407473.307943
  start: 1685407152.4951928
