event_sleeping_wait_all:
  end: 1685406515.8490045
  start: 1685406262.3653398
