event_sleeping_wait_all:
  end: 1685408075.8457813
  start: 1685407839.9371777
