event_sleeping_wait_all:
  end: 1685411670.8013227
  start: 1685411637.4196823
