event_sleeping_wait_all:
  end: 1685409635.8461835
  start: 1685409297.440527
