event_sleeping_wait_all:
  end: 1685412365.8438897
  start: 1685412112.4518409
