event_sleeping_wait_all:
  end: 1685406693.346061
  start: 1685406567.4458961
