event_sleeping_wait_all:
  end: 1685405430.8458135
  start: 1685405184.883328
