event_sleeping_wait_all:
  end: 1685405820.8440804
  start: 1685405482.4332488
