event_sleeping_wait_all:
  end: 1685411865.820187
  start: 1685411722.3976614
