event_sleeping_wait_all:
  end: 1685409915.8439844
  start: 1685409772.425855
