event_sleeping_wait_all:
  end: 1685406795.8124053
  start: 1685406744.95697
