event_sleeping_wait_all:
  end: 1685404650.7792802
  start: 1685404617.4617424
