event_sleeping_wait_all:
  end: 1685412543.345998
  start: 1685412417.4425266
