event_sleeping_wait_all:
  end: 1685412060.8439345
  start: 1685411917.43174
