event_sleeping_wait_all:
  end: 1685411000.8458116
  start: 1685410857.4357789
