event_sleeping_wait_all:
  end: 1685410110.780097
  start: 1685409967.404075
