event_sleeping_wait_all:
  end: 1685403480.7641213
  start: 1685403337.4816294
