event_sleeping_wait_all:
  end: 1685404065.8439176
  start: 1685403532.3849614
