event_sleeping_wait_all:
  end: 1685410305.8465807
  start: 1685410162.3629959
