event_sleeping_wait_all:
  end: 1685404565.8460608
  start: 1685404422.3180974
