event_sleeping_wait_all:
  end: 1685405133.276166
  start: 1685404897.4324155
