event_sleeping_wait_all:
  end: 1685411280.7797947
  start: 1685411247.5003617
