event_sleeping_wait_all:
  end: 1685404845.788658
  start: 1685404702.3881168
