event_sleeping_wait_all:
  end: 1685409245.8459818
  start: 1685408517.433039
