event_sleeping_wait_all:
  end: 1685406210.7481446
  start: 1685405872.4693213
