event_sleeping_wait_all:
  end: 1685413870.8462353
  start: 1685413727.8962665
