event_sleeping:
  end: 1685408020.8460836
  start: 1685407877.8375297
