event_sleeping:
  end: 1685406070.8458693
  start: 1685405927.8673022
