event_sleeping_wait_all:
  end: 1685411335.8460407
  start: 1685410802.8485012
