event_sleeping_wait_all:
  end: 1685413090.750242
  start: 1685412947.8248909
