event_sleeping_wait_all:
  end: 1685412310.7481537
  start: 1685411777.8630824
