event_sleeping:
  end: 1685403340.845994
  start: 1685403197.8171709
