event_sleeping:
  end: 1685406850.8460536
  start: 1685406707.890258
