event_sleeping:
  end: 1685408605.8458245
  start: 1685408072.91896
