event_sleeping:
  end: 1685404900.8461328
  start: 1685404757.8533416
