event_sleeping:
  end: 1685408995.772144
  start: 1685408657.8647282
