event_sleeping:
  end: 1685406265.824035
  start: 1685406122.8706758
