event_sleeping:
  end: 1685407825.7680585
  start: 1685407487.817429
