event_sleeping:
  end: 1685404120.7640138
  start: 1685403977.8685653
