event_sleeping:
  end: 1685402560.802552
  start: 1685402505.7548475
