event_sleeping:
  end: 1685403925.8460298
  start: 1685403782.8917856
