event_sleeping_wait_all:
  end: 1685412895.7769966
  start: 1685412752.8909473
