event_sleeping:
  end: 1685407435.8461792
  start: 1685407292.8396657
