event_sleeping_wait_all:
  end: 1685413675.8460703
  start: 1685413337.8537593
