event_sleeping_wait_all:
  end: 1685412505.819072
  start: 1685412362.7378244
