event_sleeping:
  end: 1685403145.8400252
  start: 1685402807.87102
