event_sleeping_wait_all:
  end: 1685409580.8461232
  start: 1685409437.8263006
