event_sleeping:
  end: 1685404315.8201282
  start: 1685404172.744113
