event_sleeping_wait_all:
  end: 1685412700.8458827
  start: 1685412557.8421144
