event_sleeping:
  end: 1685407240.8462033
  start: 1685407097.9240105
