event_sleeping:
  end: 1685405485.761289
  start: 1685405152.8383753
