event_sleeping:
  end: 1685407045.8461611
  start: 1685406902.8226967
