event_sleeping_wait_all:
  end: 1685410360.8460996
  start: 1685410217.8677003
