event_sleeping:
  end: 1685405680.846255
  start: 1685405537.7612917
