event_sleeping:
  end: 1685404510.7560868
  start: 1685404367.802221
