event_sleeping_wait_all:
  end: 1685409970.8461912
  start: 1685409827.8273098
