event_sleeping:
  end: 1685403730.8459158
  start: 1685403587.835733
