event_sleeping:
  end: 1685405875.7954197
  start: 1685405732.8301048
