event_sleeping:
  end: 1685404705.845734
  start: 1685404562.7854335
