event_sleeping_wait_all:
  end: 1685409775.846221
  start: 1685409632.8289516
