event_sleeping_wait_all:
  end: 1685409385.8458445
  start: 1685409047.8051572
