event_sleeping_wait_all:
  end: 1685410750.8459938
  start: 1685410607.847851
