event_sleeping:
  end: 1685403535.836158
  start: 1685403392.8542933
