event_sleeping_wait_all:
  end: 1685411725.8457665
  start: 1685411387.8864782
