event_sleeping:
  end: 1685402755.8461566
  start: 1685402612.5341356
