event_sleeping_wait_all:
  end: 1685413285.8201547
  start: 1685413142.7562897
