event_sleeping:
  end: 1685405095.8464067
  start: 1685404952.8362377
