event_sleeping:
  end: 1685406655.8040614
  start: 1685406317.8672466
