event_sleeping_wait_all:
  end: 1685410555.8458726
  start: 1685410412.8931196
