event_sleeping_wait_all:
  end: 1685410165.8460045
  start: 1685410022.829597
