event_sleeping:
  end: 1685745250.7140443
  start: 1685745055.6230252
