event_sleeping:
  end: 1685745055.6222749
  start: 1685745055.622111
