event_sleeping:
  end: 1685745250.7143779
  start: 1685745107.298298
