event_sleeping:
  end: 1685745165.7166274
  start: 1685745055.6217957
