event_sleeping:
  end: 1685745165.7155795
  start: 1685745055.6209826
