event_sleeping:
  end: 1685745165.7150981
  start: 1685745055.622881
