event_sleeping:
  end: 1685745305.7137055
  start: 1685745162.3281574
