event_sleeping:
  end: 1685745110.651249
  start: 1685745055.6176662
