event_sleeping_wait_all:
  end: 1685485054.5587194
  start: 1685484911.4056814
