event_sleeping:
  end: 1685484859.4640584
  start: 1685484809.003003
