event_sleeping:
  end: 1685484757.058803
  start: 1685484503.9862342
