event_sleeping:
  end: 1685484452.0600088
  start: 1685484256.9677186
