event_sleeping_wait_all:
  end: 1685485249.560366
  start: 1685485106.5096264
