event_sleeping:
  end: 1685484256.9671626
  start: 1685484256.967123
