event_sleeping:
  end: 1685484469.5586321
  start: 1685484308.6137736
