event_sleeping_wait_all:
  end: 1685486104.5031598
  start: 1685485868.7110615
