event_sleeping_wait_all:
  end: 1685484859.497518
  start: 1685484521.2191792
