event_sleeping_wait_all:
  end: 1685485147.0460427
  start: 1685484911.098565
