event_sleeping_wait_all:
  end: 1685485427.047931
  start: 1685485198.7363143
