event_sleeping_wait_all:
  end: 1685485817.0561666
  start: 1685485478.6845767
