event_sleeping:
  end: 1685484646.992056
  start: 1685484613.6236532
