event_sleeping:
  end: 1685484934.4640703
  start: 1685484698.6675947
