event_sleeping:
  end: 1685484561.9802015
  start: 1685484418.7495668
