event_sleeping_wait_all:
  end: 1685485129.5586514
  start: 1685484986.1540663
