event_sleeping_wait_all:
  end: 1685485249.5241175
  start: 1685485181.2237442
