event_sleeping:
  end: 1685484367.0660932
  start: 1685484256.9681032
