event_sleeping_wait_all:
  end: 1685485341.996047
  start: 1685485003.6644144
