event_sleeping_wait_all:
  end: 1685485519.526309
  start: 1685485393.6699047
