event_sleeping_wait_all:
  end: 1685484951.98801
  start: 1685484613.6241941
