event_sleeping:
  end: 1685484349.5387204
  start: 1685484256.9683123
