event_sleeping_wait_all:
  end: 1685484562.0109248
  start: 1685484401.2537162
