event_sleeping:
  end: 1685485036.984115
  start: 1685484503.5577319
