event_sleeping:
  end: 1685484367.058484
  start: 1685484256.9687078
