event_sleeping:
  end: 1685485249.4644232
  start: 1685485088.6201591
