event_sleeping:
  end: 1685484451.9918919
  start: 1685484418.645757
