event_sleeping:
  end: 1685484897.058604
  start: 1685484559.107328
