event_sleeping:
  end: 1685484507.046221
  start: 1685484364.0054746
