event_sleeping_wait_all:
  end: 1685485677.0556843
  start: 1685485534.101581
