event_sleeping:
  end: 1685484311.972026
  start: 1685484256.9614475
