event_sleeping:
  end: 1685485092.0280514
  start: 1685484949.096124
