event_sleeping_wait_all:
  end: 1685486067.0159748
  start: 1685485924.0140002
