event_sleeping_wait_all:
  end: 1685485872.0583181
  start: 1685485729.0174215
