event_sleeping:
  end: 1685485287.0042393
  start: 1685485144.0080156
