event_sleeping_wait_all:
  end: 1685485482.0555413
  start: 1685485339.0578604
