event_sleeping_wait_all:
  end: 1683022426.0433466
  start: 1683022282.7360036
