event_sleeping_wait_all:
  end: 1683021571.0147154
  start: 1683021502.7901273
