event_sleeping_wait_all:
  end: 1683022638.5441096
  start: 1683022477.7198505
