event_sleeping_wait_all:
  end: 1683021766.0435395
  start: 1683021622.7248793
