event_sleeping_wait_all:
  end: 1683022230.9836593
  start: 1683021995.114855
