event_sleeping_wait_all:
  end: 1683022248.547863
  start: 1683021605.1953132
