event_sleeping:
  end: 1683020986.047527
  start: 1683020773.4533932
