event_sleeping_wait_all:
  end: 1683021553.4555006
  start: 1683021502.7864847
