event_sleeping_wait_all:
  end: 1683021451.0435455
  start: 1683021325.2029562
