event_sleeping_wait_all:
  end: 1683022248.547096
  start: 1683021892.9952235
