event_sleeping_wait_all:
  end: 1683021078.5466177
  start: 1683020935.5008376
