event_sleeping:
  end: 1683020883.5356662
  start: 1683020773.4541826
