event_sleeping_wait_all:
  end: 1683022425.9995742
  start: 1683022300.4905016
