event_sleeping:
  end: 1683020865.9639707
  start: 1683020773.4545407
