event_sleeping_wait_all:
  end: 1683021163.4797132
  start: 1683021130.207413
