event_sleeping_wait_all:
  end: 1683021663.5435092
  start: 1683021215.1086664
