event_sleeping_wait_all:
  end: 1683021553.5481675
  start: 1683020825.0936282
