event_sleeping_wait_all:
  end: 1683022248.547542
  start: 1683021995.3401546
