event_sleeping_wait_all:
  end: 1683022723.5356922
  start: 1683022385.1810107
