event_sleeping:
  end: 1683021803.5436459
  start: 1683021660.103752
