event_sleeping:
  end: 1683021608.535478
  start: 1683021465.1488955
