event_sleeping_wait_all:
  end: 1683022973.5154157
  start: 1683022830.1637883
