event_sleeping_wait_all:
  end: 1683023168.495565
  start: 1683023025.0899541
