event_sleeping:
  end: 1683022193.5465705
  start: 1683022050.1661038
