event_sleeping:
  end: 1683020828.5021446
  start: 1683020773.4523559
