event_sleeping:
  end: 1684823140.9181285
  start: 1684822945.826751
