event_sleeping:
  end: 1684823140.9177892
  start: 1684822997.489148
