event_sleeping:
  end: 1684822945.8254073
  start: 1684822945.8252869
