event_sleeping:
  end: 1684823055.9200232
  start: 1684822945.830558
