event_sleeping:
  end: 1684823055.920215
  start: 1684822945.8303306
