event_sleeping:
  end: 1684823055.9198594
  start: 1684822945.831032
