event_sleeping:
  end: 1684823195.8680353
  start: 1684823052.5133848
