event_sleeping:
  end: 1684823000.8729558
  start: 1684822945.8206625
