event_sleeping_wait_all:
  end: 1685677064.7772148
  start: 1685676921.6948636
