event_sleeping_wait_all:
  end: 1685676869.735959
  start: 1685676726.6433969
