event_sleeping:
  end: 1685676674.7641106
  start: 1685676072.1820154
