event_sleeping_wait_all:
  end: 1685676674.6759217
  start: 1685676623.8522668
