event_sleeping:
  end: 1685676284.7358842
  start: 1685676072.1818724
