event_sleeping_wait_all:
  end: 1685677919.7670548
  start: 1685677598.9104738
