event_sleeping_wait_all:
  end: 1685676572.1943948
  start: 1685676336.4579363
