event_sleeping_wait_all:
  end: 1685677547.2668192
  start: 1685676903.9471302
