event_sleeping_wait_all:
  end: 1685676852.2508447
  start: 1685676726.3765376
