event_sleeping_wait_all:
  end: 1685676944.7672105
  start: 1685676801.431365
