event_sleeping:
  end: 1685676182.2697117
  start: 1685676072.179341
