event_sleeping:
  end: 1685676749.766901
  start: 1685676428.906687
