event_sleeping:
  end: 1685676377.2057972
  start: 1685676233.8824313
