event_sleeping_wait_all:
  end: 1685677064.7355819
  start: 1685676996.4526262
