event_sleeping_wait_all:
  end: 1685676377.2640247
  start: 1685676216.4585555
