event_sleeping_wait_all:
  end: 1685677334.7670562
  start: 1685677013.8606534
