event_sleeping_wait_all:
  end: 1685676962.1960127
  start: 1685676513.841149
