event_sleeping:
  end: 1685676164.7622807
  start: 1685676072.1800334
