event_sleeping_wait_all:
  end: 1685676462.2001233
  start: 1685676428.915576
