event_sleeping:
  end: 1685677064.7359927
  start: 1685676903.8346977
