event_sleeping:
  end: 1685676852.2504683
  start: 1685676123.7210586
