event_sleeping:
  end: 1685676072.180266
  start: 1685676072.180233
