event_sleeping_wait_all:
  end: 1685677687.2384937
  start: 1685677544.2692654
