event_sleeping:
  end: 1685677102.2659647
  start: 1685676959.2964325
