event_sleeping:
  end: 1685676322.1880715
  start: 1685676179.26045
