event_sleeping_wait_all:
  end: 1685677297.2671397
  start: 1685677154.366883
