event_sleeping:
  end: 1685676907.238973
  start: 1685676764.303946
