event_sleeping:
  end: 1685676127.2250702
  start: 1685676072.1771154
