event_sleeping_wait_all:
  end: 1685677492.2671993
  start: 1685677349.338036
