event_sleeping_wait_all:
  end: 1685677882.2158215
  start: 1685677739.3161273
