event_sleeping:
  end: 1685676712.229856
  start: 1685676374.2354388
