event_sleeping:
  end: 1684832617.0201325
  start: 1684832226.968731
