event_sleeping:
  end: 1684832226.9376576
  start: 1684832226.9376233
