event_sleeping:
  end: 1684832226.9369853
  start: 1684832226.936948
