event_sleeping:
  end: 1684832319.516103
  start: 1684832226.938209
