event_sleeping:
  end: 1684832226.9402678
  start: 1684832226.9389205
