event_sleeping:
  end: 1684832672.0121362
  start: 1684832529.7168443
