event_sleeping:
  end: 1684832477.0278783
  start: 1684832338.322453
