event_sleeping:
  end: 1684832281.9879713
  start: 1684832226.9428172
