event_sleeping:
  end: 1685365328.6643798
  start: 1685364794.7617245
