event_sleeping:
  end: 1685363658.6004312
  start: 1685363624.7367947
