event_sleeping:
  end: 1685365913.6280546
  start: 1685365677.2302334
