event_sleeping:
  end: 1685364531.088018
  start: 1685364117.2402065
