event_sleeping:
  end: 1685365626.1183667
  start: 1685365574.6648576
