event_sleeping:
  end: 1685364743.6440544
  start: 1685364582.1368108
