event_sleeping:
  end: 1685363268.6010551
  start: 1685363091.0723689
