event_sleeping:
  end: 1685363871.1518805
  start: 1685363709.682921
