event_sleeping:
  end: 1685365523.6000156
  start: 1685365379.7419612
