event_sleeping:
  end: 1685364066.1390815
  start: 1685363922.255736
