event_sleeping:
  end: 1685363573.618744
  start: 1685363319.7169254
