event_sleeping:
  end: 1685365803.6669934
  start: 1685365481.9473016
