event_sleeping:
  end: 1685364261.1667006
  start: 1685363996.9512794
