event_sleeping:
  end: 1685364651.1690154
  start: 1685364311.9657452
