event_sleeping:
  end: 1685365041.0839682
  start: 1685364989.4827895
