event_sleeping:
  end: 1685363658.6638455
  start: 1685363319.4238894
