event_sleeping:
  end: 1685363091.0726185
  start: 1685363091.0725985
