event_sleeping:
  end: 1685365431.1756392
  start: 1685365091.885066
