event_sleeping:
  end: 1685363946.1376145
  start: 1685363709.4598377
