event_sleeping:
  end: 1685364938.664011
  start: 1685364701.9612758
