event_sleeping:
  end: 1685363268.6638694
  start: 1685363141.8476677
