event_sleeping:
  end: 1685363463.6183019
  start: 1685363411.8930075
