event_sleeping:
  end: 1685365116.1666484
  start: 1685364971.8598285
