event_sleeping:
  end: 1685363768.5928624
  start: 1685363514.4524014
