event_sleeping:
  end: 1685365328.62912
  start: 1685365166.9809842
