event_sleeping:
  end: 1685364633.6007924
  start: 1685364599.4369879
