event_sleeping:
  end: 1685364921.0840914
  start: 1685364684.3980122
