event_sleeping:
  end: 1685363183.659158
  start: 1685363091.0737145
