event_sleeping:
  end: 1685365626.1185546
  start: 1685365379.45392
