event_sleeping:
  end: 1685363361.1162076
  start: 1685363234.4446776
