event_sleeping:
  end: 1685364548.6667924
  start: 1685364099.4047117
