event_sleeping:
  end: 1685365803.666716
  start: 1685365676.9285216
