event_sleeping:
  end: 1685364048.6008651
  start: 1685364014.4492843
