event_sleeping:
  end: 1685363963.6671867
  start: 1685363819.3960795
