event_sleeping:
  end: 1685364651.1320632
  start: 1685364581.9442744
