event_sleeping:
  end: 1685364353.660066
  start: 1685364209.440873
