event_sleeping:
  end: 1685364828.5721314
  start: 1685364701.9122026
