event_sleeping:
  end: 1685364531.1638386
  start: 1685364404.4656606
