event_sleeping:
  end: 1685365718.6519406
  start: 1685365556.9829254
