event_sleeping:
  end: 1685363378.6520104
  start: 1685363216.8965878
