event_sleeping:
  end: 1685365116.166931
  start: 1685364879.3760397
