event_sleeping:
  end: 1685363166.0839915
  start: 1685363091.0745223
