event_sleeping:
  end: 1685365218.6194131
  start: 1685365166.9795513
