event_sleeping:
  end: 1685365506.167036
  start: 1685365269.4415214
