event_sleeping:
  end: 1685364158.6251328
  start: 1685363819.460657
