event_sleeping:
  end: 1685363768.6641207
  start: 1685363429.4991179
