event_sleeping:
  end: 1685363183.6594849
  start: 1685363091.0762308
