event_sleeping:
  end: 1685364048.6669388
  start: 1685363904.3977046
