event_sleeping:
  end: 1685365431.1519449
  start: 1685365286.8529835
