event_sleeping:
  end: 1685364938.5719721
  start: 1685364684.336268
