event_sleeping:
  end: 1685365236.1186528
  start: 1685365184.3706365
