event_sleeping:
  end: 1685363853.6667845
  start: 1685363319.3967137
