event_sleeping:
  end: 1685364633.6009605
  start: 1685364099.3907142
