event_sleeping:
  end: 1685365133.6479871
  start: 1685364989.3143473
