event_sleeping:
  end: 1685363268.600864
  start: 1685363234.3900943
