event_sleeping:
  end: 1685365718.5686889
  start: 1685365481.8808599
