event_sleeping:
  end: 1685363128.5932827
  start: 1685363091.0707066
