event_sleeping:
  end: 1685364298.6669586
  start: 1685364154.7137625
