event_sleeping:
  end: 1685365663.5793703
  start: 1685365519.7795737
