event_sleeping:
  end: 1685364688.604044
  start: 1685364544.8022287
