event_sleeping:
  end: 1685363323.615896
  start: 1685363179.4317017
