event_sleeping:
  end: 1685364883.5801167
  start: 1685364739.7763035
