event_sleeping:
  end: 1685364493.6667364
  start: 1685364349.8176558
