event_sleeping:
  end: 1685364103.5801032
  start: 1685363959.7809355
