event_sleeping:
  end: 1685365078.6667907
  start: 1685364934.6904588
