event_sleeping:
  end: 1685363713.6640074
  start: 1685363374.7730403
