event_sleeping:
  end: 1685365468.664738
  start: 1685365324.830556
