event_sleeping:
  end: 1685363908.6666768
  start: 1685363764.7607567
