event_sleeping:
  end: 1685365273.6669867
  start: 1685365129.8177197
