event_sleeping:
  end: 1683321583.9963503
  start: 1683321517.7619696
