event_sleeping:
  end: 1683321268.9948733
  start: 1683320737.7070441
