event_sleeping:
  end: 1683319633.9873507
  start: 1683319585.2867749
