event_sleeping:
  end: 1683319244.007474
  start: 1683319048.9486911
