event_sleeping:
  end: 1683319531.541573
  start: 1683319297.7479992
