event_sleeping:
  end: 1683320024.0476217
  start: 1683319882.7306874
