event_sleeping:
  end: 1683320489.0513132
  start: 1683320077.7749414
