event_sleeping:
  end: 1683319828.9932766
  start: 1683319687.738779
