event_sleeping:
  end: 1683321871.5411646
  start: 1683321637.7594838
