event_sleeping:
  end: 1683320683.951632
  start: 1683320542.8133726
