event_sleeping:
  end: 1683321464.0395298
  start: 1683321322.758446
