event_sleeping:
  end: 1683320998.9991174
  start: 1683320932.778494
