event_sleeping:
  end: 1683320608.9436855
  start: 1683320272.744766
