event_sleeping:
  end: 1683319921.5413678
  start: 1683319687.7866955
