event_sleeping:
  end: 1683319634.0393891
  start: 1683319297.78398
