event_sleeping:
  end: 1683320218.9932435
  start: 1683319975.267596
