event_sleeping:
  end: 1683321761.4882617
  start: 1683321442.857323
