event_sleeping:
  end: 1683320879.0440736
  start: 1683320662.682448
