event_sleeping:
  end: 1683319244.040112
  start: 1683319102.730045
