event_sleeping:
  end: 1683321389.0394835
  start: 1683321052.7697408
