event_sleeping:
  end: 1683319048.9504542
  start: 1683319048.9504192
