event_sleeping:
  end: 1683319124.015573
  start: 1683319048.9476879
