event_sleeping:
  end: 1683319708.993709
  start: 1683319475.545175
