event_sleeping:
  end: 1683319319.0104215
  start: 1683319178.0569005
