event_sleeping:
  end: 1683319421.4875276
  start: 1683319373.0971546
