event_sleeping:
  end: 1683320024.0073793
  start: 1683319958.0689046
