event_sleeping:
  end: 1683320609.003698
  start: 1683320543.0398355
