event_sleeping:
  end: 1683319904.0167994
  start: 1683319762.973416
