event_sleeping:
  end: 1683321583.9966187
  start: 1683321323.0648727
