event_sleeping:
  end: 1683321761.4995208
  start: 1683321638.0627055
