event_sleeping:
  end: 1683321268.994603
  start: 1683321128.1096082
