event_sleeping:
  end: 1683321074.0395224
  start: 1683320933.061364
