event_sleeping:
  end: 1683320878.993519
  start: 1683320663.0846145
