event_sleeping:
  end: 1683320489.0047016
  start: 1683320078.0581858
