event_sleeping:
  end: 1683320294.0393264
  start: 1683320152.797471
