event_sleeping:
  end: 1683320099.000804
  start: 1683319762.9352138
