event_sleeping:
  end: 1683321464.0398028
  start: 1683321247.7026718
