event_sleeping:
  end: 1683320489.005361
  start: 1683320347.7426941
