event_sleeping:
  end: 1683319336.539444
  start: 1683319177.7803404
