event_sleeping:
  end: 1683320804.0413163
  start: 1683320662.697926
