event_sleeping:
  end: 1683319124.0193164
  start: 1683319048.949475
