event_sleeping:
  end: 1683321074.0393305
  start: 1683320857.7931046
