event_sleeping:
  end: 1683321193.954055
  start: 1683321127.810502
