event_sleeping:
  end: 1683320609.0033667
  start: 1683320542.8050783
