event_sleeping:
  end: 1683319709.0395226
  start: 1683319390.2765286
