event_sleeping:
  end: 1683321659.0394897
  start: 1683321517.7571194
