event_sleeping:
  end: 1683321371.5411403
  start: 1683321247.7039695
