event_sleeping:
  end: 1683319124.0189865
  start: 1683319048.9501226
