event_sleeping:
  end: 1683321074.039685
  start: 1683320932.7579243
