event_sleeping:
  end: 1683321659.041403
  start: 1683321425.3682888
