event_sleeping:
  end: 1683321194.0073497
  start: 1683321127.8106103
