event_sleeping:
  end: 1683320024.0115237
  start: 1683319882.7771838
