event_sleeping:
  end: 1683319829.0394156
  start: 1683319297.7904272
