event_sleeping:
  end: 1683320878.9931061
  start: 1683320645.2313757
