event_sleeping:
  end: 1683319244.0072374
  start: 1683319177.7782025
