event_sleeping:
  end: 1683320591.4716246
  start: 1683320077.7752132
