event_sleeping:
  end: 1683321426.482968
  start: 1683321285.2026334
