event_sleeping:
  end: 1683320061.5291214
  start: 1683319920.241087
