event_sleeping:
  end: 1683319866.5414903
  start: 1683319725.2004333
