event_sleeping:
  end: 1683320451.535603
  start: 1683320310.164194
