event_sleeping:
  end: 1683320841.499533
  start: 1683320717.1757941
