event_sleeping:
  end: 1683320256.4813569
  start: 1683320115.1770227
