event_sleeping:
  end: 1683319086.4796877
  start: 1683319048.9502728
