event_sleeping:
  end: 1683321036.5276341
  start: 1683320895.1777217
