event_sleeping:
  end: 1683319671.5035717
  start: 1683319335.1784234
