event_sleeping:
  end: 1683319281.5394125
  start: 1683319140.1848035
