event_sleeping:
  end: 1683320646.5173903
  start: 1683320505.2088807
