event_sleeping:
  end: 1683321231.4915714
  start: 1683321090.2085102
