event_sleeping:
  end: 1683321621.5393736
  start: 1683321480.1321654
