event_sleeping:
  end: 1686177996.214737
  start: 1686177852.3040893
