event_sleeping:
  end: 1686178208.7755532
  start: 1686178047.3228729
