event_sleeping:
  end: 1686177336.2771735
  start: 1686177192.3980596
