event_sleeping:
  end: 1686177801.2237673
  start: 1686177387.2834601
