event_sleeping:
  end: 1686176946.2754838
  start: 1686176789.5621595
