event_sleeping:
  end: 1686177141.2751539
  start: 1686176997.3334482
