event_sleeping:
  end: 1686176733.7754588
  start: 1686176343.6948752
