event_sleeping:
  end: 1686176843.7514162
  start: 1686176607.3089607
