event_sleeping:
  end: 1686177623.7756116
  start: 1686177369.8171256
