event_sleeping:
  end: 1686176946.2053282
  start: 1686176894.8311317
