event_sleeping:
  end: 1686177708.6979237
  start: 1686177674.8548594
