event_sleeping:
  end: 1686176556.2330034
  start: 1686176403.942883
