event_sleeping:
  end: 1686178013.7789526
  start: 1686177759.8044975
