event_sleeping:
  end: 1686176343.6893568
  start: 1686176343.6890738
