event_sleeping:
  end: 1686177318.7754376
  start: 1686176997.2645154
