event_sleeping:
  end: 1686177921.2174983
  start: 1686177759.8736968
