event_sleeping:
  end: 1686176343.687596
  start: 1686176343.6874232
