event_sleeping:
  end: 1686177336.245072
  start: 1686177267.3866048
