event_sleeping:
  end: 1686178191.2076805
  start: 1686177972.296113
