event_sleeping:
  end: 1686177708.7756393
  start: 1686177387.277635
