event_sleeping:
  end: 1686177021.2784488
  start: 1686176394.7188203
