event_sleeping:
  end: 1686177216.2789927
  start: 1686177072.3500197
