event_sleeping:
  end: 1686177801.2244942
  start: 1686177657.2970881
