event_sleeping:
  end: 1686177606.2475462
  start: 1686177369.8181283
