event_sleeping:
  end: 1686176436.184381
  start: 1686176343.6895506
