event_sleeping:
  end: 1686177318.7315934
  start: 1686177174.8319938
