event_sleeping:
  end: 1686177921.2479827
  start: 1686177852.3337982
