event_sleeping:
  end: 1686176928.7787614
  start: 1686176784.8192425
