event_sleeping:
  end: 1686176733.7318478
  start: 1686176487.2382472
