event_sleeping:
  end: 1686177123.7755234
  start: 1686176979.8961642
