event_sleeping:
  end: 1686178386.2786918
  start: 1686177972.2813368
