event_sleeping:
  end: 1686177623.7516232
  start: 1686177387.1975322
