event_sleeping:
  end: 1686177818.7755504
  start: 1686177674.7451663
