event_sleeping:
  end: 1686177336.213061
  start: 1686177284.7186515
