event_sleeping:
  end: 1686176648.7236521
  start: 1686176394.7106924
