event_sleeping:
  end: 1686178098.775732
  start: 1686177869.7741992
