event_sleeping:
  end: 1686177233.7315779
  start: 1686176784.6358018
