event_sleeping:
  end: 1686176343.6897047
  start: 1686176343.6896842
