event_sleeping:
  end: 1686176733.6995387
  start: 1686176699.6960194
