event_sleeping:
  end: 1686177958.7276947
  start: 1686177814.905721
