event_sleeping:
  end: 1686177568.7786877
  start: 1686177424.867131
