event_sleeping:
  end: 1686176398.734587
  start: 1686176343.6822062
