event_sleeping:
  end: 1686177763.778589
  start: 1686177619.9004018
