event_sleeping:
  end: 1686176983.7739336
  start: 1686176839.816316
