event_sleeping:
  end: 1686177373.7785838
  start: 1686177229.8708963
