event_sleeping:
  end: 1686176788.7436287
  start: 1686176644.857973
