event_sleeping:
  end: 1686177178.7636206
  start: 1686177034.9418302
