event_sleeping:
  end: 1686176593.7716784
  start: 1686176449.5812988
