event_sleeping:
  end: 1685508650.990686
  start: 1685508473.4428904
