event_sleeping:
  end: 1685508473.4387674
  start: 1685508473.4378014
