event_sleeping:
  end: 1685508651.0319884
  start: 1685508525.5328753
