event_sleeping:
  end: 1685508565.964084
  start: 1685508473.4402206
