event_sleeping:
  end: 1685508548.4400518
  start: 1685508473.443184
