event_sleeping:
  end: 1685508566.0241477
  start: 1685508473.443826
