event_sleeping:
  end: 1685508510.967951
  start: 1685508473.4389672
