event_sleeping:
  end: 1685508705.984083
  start: 1685508562.626358
