event_sleeping:
  end: 1686225481.8294804
  start: 1686225430.483693
