event_sleeping:
  end: 1686225379.3676596
  start: 1686225125.4440594
