event_sleeping:
  end: 1686225074.3755836
  start: 1686224879.3087723
