event_sleeping:
  end: 1686226336.811568
  start: 1686225922.8951468
