event_sleeping:
  end: 1686225871.8476434
  start: 1686225727.9627142
