event_sleeping:
  end: 1686225676.8716848
  start: 1686225532.9022472
