event_sleeping:
  end: 1686226531.9029202
  start: 1686226387.916235
