event_sleeping:
  end: 1686225769.3796263
  start: 1686225532.9845877
