event_sleeping:
  end: 1686226726.902836
  start: 1686226490.4471781
