event_sleeping:
  end: 1686226439.402716
  start: 1686226100.4001682
