event_sleeping:
  end: 1686225091.8155978
  start: 1686224930.3987548
