event_sleeping:
  end: 1686224879.3075914
  start: 1686224879.3075526
