event_sleeping:
  end: 1686226049.3196738
  start: 1686225820.4897628
