event_sleeping:
  end: 1686225481.8994412
  start: 1686225142.9410305
