event_sleeping:
  end: 1686225269.3368216
  start: 1686225235.4341283
