event_sleeping:
  end: 1686226726.9030056
  start: 1686226507.961293
