event_sleeping:
  end: 1686225871.8783348
  start: 1686225802.9831736
