event_sleeping:
  end: 1686225184.30787
  start: 1686225040.4694717
