event_sleeping:
  end: 1686226456.8543248
  start: 1686226405.49365
