event_sleeping:
  end: 1686226354.399483
  start: 1686225922.988754
