event_sleeping:
  end: 1686225751.8962564
  start: 1686225607.9905891
