event_sleeping:
  end: 1686225556.90298
  start: 1686225320.449467
