event_sleeping:
  end: 1686224989.4034238
  start: 1686224879.308599
