event_sleeping:
  end: 1686224971.8517997
  start: 1686224879.3089366
