event_sleeping:
  end: 1686226336.8996885
  start: 1686226192.9740214
