event_sleeping:
  end: 1686226141.9032161
  start: 1686226015.4162998
