event_sleeping:
  end: 1686225184.4032314
  start: 1686225022.972332
