event_sleeping:
  end: 1686226456.8549705
  start: 1686226387.9390552
