event_sleeping:
  end: 1686225574.3993948
  start: 1686225235.5076685
