event_sleeping:
  end: 1686225964.3556552
  start: 1686225625.442402
