event_sleeping:
  end: 1686226634.3516681
  start: 1686226507.9292235
