event_sleeping:
  end: 1686225871.8477864
  start: 1686225710.4013047
