event_sleeping:
  end: 1686225074.3281434
  start: 1686225040.3331938
