event_sleeping:
  end: 1686224989.3311183
  start: 1686224879.3083458
