event_sleeping:
  end: 1686226439.4030476
  start: 1686225922.8603766
