event_sleeping:
  end: 1686225659.4027355
  start: 1686225125.3034792
