event_sleeping:
  end: 1686226744.392152
  start: 1686226490.417324
