event_sleeping:
  end: 1686225129.3967922
  start: 1686224985.1627655
