event_sleeping:
  end: 1686226494.3316748
  start: 1686226350.551231
