event_sleeping:
  end: 1686225519.4027019
  start: 1686225180.4707928
