event_sleeping:
  end: 1686225909.3955593
  start: 1686225765.5058155
