event_sleeping:
  end: 1686225714.3756335
  start: 1686225570.4923751
