event_sleeping:
  end: 1686224934.358031
  start: 1686224879.3053498
