event_sleeping:
  end: 1686226104.332725
  start: 1686225960.5053787
