event_sleeping:
  end: 1686226299.39971
  start: 1686226155.4487388
