event_sleeping_wait_all:
  end: 1685633364.6877766
  start: 1685633221.6367872
