event_sleeping_wait_all:
  end: 1685634924.6612618
  start: 1685634856.6501462
