event_sleeping_wait_all:
  end: 1685633169.6821046
  start: 1685633026.597304
