event_sleeping_wait_all:
  end: 1685634024.6799772
  start: 1685633881.568309
