event_sleeping_wait_all:
  end: 1685634237.182307
  start: 1685634076.655208
