event_sleeping_wait_all:
  end: 1685635102.1164627
  start: 1685634976.5438933
