event_sleeping:
  end: 1685632974.6799343
  start: 1685632372.0956478
