event_sleeping_wait_all:
  end: 1685635492.1002047
  start: 1685635349.1466615
