event_sleeping_wait_all:
  end: 1685635297.1801052
  start: 1685635154.1135585
