event_sleeping_wait_all:
  end: 1685634804.6801267
  start: 1685634661.5769846
