event_sleeping_wait_all:
  end: 1685633829.6041048
  start: 1685633594.0933132
