event_sleeping_wait_all:
  end: 1685634609.6800675
  start: 1685634289.1174586
