event_sleeping_wait_all:
  end: 1685635899.6122615
  start: 1685635544.076584
