event_sleeping_wait_all:
  end: 1685633542.1719368
  start: 1685633416.637232
