event_sleeping_wait_all:
  end: 1685634907.148044
  start: 1685634763.8338256
