event_sleeping_wait_all:
  end: 1685634219.6429458
  start: 1685633898.748866
