event_sleeping_wait_all:
  end: 1685636094.682569
  start: 1685635933.7686431
