event_sleeping_wait_all:
  end: 1685634517.1323714
  start: 1685634391.2868302
