event_sleeping_wait_all:
  end: 1685635797.1826274
  start: 1685635653.8079994
