event_sleeping:
  end: 1685632584.6798522
  start: 1685632372.095193
