event_sleeping_wait_all:
  end: 1685632974.6327949
  start: 1685632923.7908556
