event_sleeping_wait_all:
  end: 1685633152.1968067
  start: 1685633026.2958052
