event_sleeping_wait_all:
  end: 1685632872.156089
  start: 1685632636.412734
