event_sleeping_wait_all:
  end: 1685635212.178948
  start: 1685634958.8007329
