event_sleeping_wait_all:
  end: 1685635882.1162863
  start: 1685635848.8326454
