event_sleeping_wait_all:
  end: 1685634712.1824927
  start: 1685634568.809851
