event_sleeping_wait_all:
  end: 1685635297.1154459
  start: 1685635263.8830128
