event_sleeping_wait_all:
  end: 1685635602.1468222
  start: 1685635348.755182
