event_sleeping_wait_all:
  end: 1685633847.100345
  start: 1685633203.8261127
