event_sleeping_wait_all:
  end: 1685634339.5880704
  start: 1685634271.2702448
