event_sleeping_wait_all:
  end: 1685633049.6480384
  start: 1685632728.8503158
