event_sleeping_wait_all:
  end: 1685633847.1000154
  start: 1685633416.2636042
