event_sleeping_wait_all:
  end: 1685633244.6520007
  start: 1685633101.3243809
