event_sleeping_wait_all:
  end: 1685634609.587912
  start: 1685634373.773995
