event_sleeping_wait_all:
  end: 1685635602.1856246
  start: 1685635458.7679305
