event_sleeping_wait_all:
  end: 1685634219.619254
  start: 1685634001.3283207
