event_sleeping_wait_all:
  end: 1685635797.182321
  start: 1685635653.8048656
