event_sleeping_wait_all:
  end: 1685632677.1709688
  start: 1685632533.773948
