event_sleeping:
  end: 1685632482.1281838
  start: 1685632372.0946238
