event_sleeping_wait_all:
  end: 1685633949.6340365
  start: 1685633898.7376232
