event_sleeping_wait_all:
  end: 1685634322.1319845
  start: 1685634271.2398326
