event_sleeping_wait_all:
  end: 1685636577.111452
  start: 1685635848.8441389
