event_sleeping_wait_all:
  end: 1685636754.6401904
  start: 1685636628.7523065
