event_sleeping_wait_all:
  end: 1685634924.6319685
  start: 1685634873.8281405
