event_sleeping_wait_all:
  end: 1685635407.088122
  start: 1685635153.7872884
