event_sleeping_wait_all:
  end: 1685635102.116107
  start: 1685634976.2413259
