event_sleeping_wait_all:
  end: 1685633364.6260874
  start: 1685633296.293068
