event_sleeping_wait_all:
  end: 1685634822.1792047
  start: 1685634661.272285
