event_sleeping_wait_all:
  end: 1685633829.6800404
  start: 1685633686.3427873
