event_sleeping_wait_all:
  end: 1685634534.6504903
  start: 1685634466.2755756
