event_sleeping_wait_all:
  end: 1685634999.632401
  start: 1685634856.3408592
