event_sleeping_wait_all:
  end: 1685634804.6674392
  start: 1685634586.3007908
