event_sleeping_wait_all:
  end: 1685632677.184216
  start: 1685632516.2918322
