event_sleeping:
  end: 1685632464.6076112
  start: 1685632372.089161
