event_sleeping_wait_all:
  end: 1685633949.6334307
  start: 1685633881.3190298
