event_sleeping_wait_all:
  end: 1685633634.6824033
  start: 1685633313.7851572
