event_sleeping_wait_all:
  end: 1685632762.1153634
  start: 1685632728.879674
