event_sleeping_wait_all:
  end: 1685633262.1280441
  start: 1685632813.7827249
