event_sleeping_wait_all:
  end: 1685634414.6383462
  start: 1685634001.2688553
