event_sleeping_wait_all:
  end: 1685633364.6800275
  start: 1685633203.7546885
