event_sleeping_wait_all:
  end: 1685633932.1153593
  start: 1685633898.77167
