event_sleeping_wait_all:
  end: 1685634999.6320298
  start: 1685634678.6639345
