event_sleeping_wait_all:
  end: 1685634627.0880513
  start: 1685634373.7737305
