event_sleeping_wait_all:
  end: 1685633542.1820064
  start: 1685633416.228516
