event_sleeping_wait_all:
  end: 1685634322.1798928
  start: 1685633983.6833923
