event_sleeping_wait_all:
  end: 1685633152.1628547
  start: 1685632423.7236423
