event_sleeping:
  end: 1685632372.088611
  start: 1685632372.0883424
