event_sleeping_wait_all:
  end: 1685633847.1800709
  start: 1685633593.7515187
