event_sleeping_wait_all:
  end: 1685635352.182303
  start: 1685635014.2186847
