event_sleeping:
  end: 1685634962.1720338
  start: 1685634819.1422822
