event_sleeping:
  end: 1685632427.137011
  start: 1685632372.0870552
