event_sleeping:
  end: 1685633987.1427715
  start: 1685633844.3345227
