event_sleeping:
  end: 1685634377.1208074
  start: 1685634234.1266284
