event_sleeping:
  end: 1685633207.1520631
  start: 1685633064.1728835
