event_sleeping_wait_all:
  end: 1685635937.17203
  start: 1685635404.2040844
