event_sleeping_wait_all:
  end: 1685636522.1280007
  start: 1685636184.2350667
