event_sleeping:
  end: 1685634182.1073582
  start: 1685634039.2020557
