event_sleeping:
  end: 1685633792.1824212
  start: 1685633649.102943
