event_sleeping_wait_all:
  end: 1685636132.1801198
  start: 1685635989.2351637
