event_sleeping:
  end: 1685634572.1642969
  start: 1685634429.2208602
