event_sleeping:
  end: 1685632622.0841765
  start: 1685632482.7861023
