event_sleeping:
  end: 1685633402.0992374
  start: 1685633259.1766577
