event_sleeping_wait_all:
  end: 1685636717.1799705
  start: 1685636574.1090782
