event_sleeping:
  end: 1685633012.14408
  start: 1685632674.0945456
