event_sleeping:
  end: 1685634767.1481187
  start: 1685634624.259097
