event_sleeping:
  end: 1685633597.1481009
  start: 1685633454.1948414
