event_sleeping:
  end: 1683341277.0604193
  start: 1683341043.2835162
