event_sleeping:
  end: 1683339894.471795
  start: 1683339575.801298
