event_sleeping:
  end: 1683340107.0075586
  start: 1683339948.1988275
