event_sleeping:
  end: 1683339522.0554678
  start: 1683339429.4661937
