event_sleeping:
  end: 1683342252.0503988
  start: 1683341898.3758051
