event_sleeping:
  end: 1683340691.979787
  start: 1683340458.2851956
