event_sleeping:
  end: 1683341361.9874115
  start: 1683341330.8307292
