event_sleeping:
  end: 1683340989.5595431
  start: 1683340745.7252357
