event_sleeping:
  end: 1683340404.5629382
  start: 1683340245.7090793
