event_sleeping:
  end: 1683340191.9914052
  start: 1683340160.750407
