event_sleeping:
  end: 1683341844.4935958
  start: 1683341415.6998887
