event_sleeping:
  end: 1683340691.97955
  start: 1683340458.279021
