event_sleeping:
  end: 1683340107.0594828
  start: 1683339965.7766361
