event_sleeping:
  end: 1683341379.5088055
  start: 1683341330.7979815
