event_sleeping:
  end: 1683341277.060777
  start: 1683341118.2886546
