event_sleeping:
  end: 1683342039.559552
  start: 1683341805.7947576
