event_sleeping:
  end: 1683342234.551413
  start: 1683342093.3115537
