event_sleeping:
  end: 1683339504.5143619
  start: 1683339429.467544
