event_sleeping:
  end: 1683339912.0593739
  start: 1683339558.2338247
