event_sleeping:
  end: 1683341064.545027
  start: 1683340745.7182624
