event_sleeping:
  end: 1683341752.0441508
  start: 1683341433.3697677
