event_sleeping:
  end: 1683340404.5276573
  start: 1683340160.7908375
