event_sleeping:
  end: 1683341064.5789952
  start: 1683340831.0331311
