event_sleeping:
  end: 1683342234.5603466
  start: 1683342111.0492651
