event_sleeping:
  end: 1683339997.0099084
  start: 1683339873.6048388
