event_sleeping:
  end: 1683340386.9683383
  start: 1683340338.5403197
