event_sleeping:
  end: 1683341277.0601873
  start: 1683341118.568952
