event_sleeping:
  end: 1683340692.0593457
  start: 1683340441.04614
