event_sleeping:
  end: 1683340776.9794245
  start: 1683340746.2049139
