event_sleeping:
  end: 1683339429.4682667
  start: 1683339429.4682467
