event_sleeping:
  end: 1683339819.5504901
  start: 1683339661.1198595
