event_sleeping:
  end: 1683342057.0074441
  start: 1683341898.583091
