event_sleeping:
  end: 1683339607.0593867
  start: 1683339483.5207355
