event_sleeping:
  end: 1683340284.4635923
  start: 1683340051.0570831
