event_sleeping:
  end: 1683341844.559523
  start: 1683341331.092639
