event_sleeping:
  end: 1683340887.0612411
  start: 1683340635.8019736
