event_sleeping:
  end: 1683340284.5595737
  start: 1683339948.1615078
