event_sleeping:
  end: 1683340582.059472
  start: 1683340338.3152452
