event_sleeping:
  end: 1683341362.0594854
  start: 1683341135.8506746
