event_sleeping:
  end: 1683339716.9701638
  start: 1683339429.4684896
