event_sleeping:
  end: 1683341964.508668
  start: 1683341915.82203
