event_sleeping:
  end: 1683341862.0594544
  start: 1683341415.7979674
