event_sleeping:
  end: 1683341081.9896169
  start: 1683340940.8072035
