event_sleeping:
  end: 1683339894.471566
  start: 1683339770.7410145
