event_sleeping:
  end: 1683342234.5604908
  start: 1683342018.2925076
