event_sleeping:
  end: 1683340581.9733472
  start: 1683340533.3296156
