event_sleeping:
  end: 1683341666.9921792
  start: 1683340940.8270893
