event_sleeping:
  end: 1683339522.0510676
  start: 1683339429.468095
