event_sleeping:
  end: 1683342354.5593252
  start: 1683342213.3205333
