event_sleeping:
  end: 1683340192.063579
  start: 1683340050.7555282
