event_sleeping:
  end: 1683339911.9991727
  start: 1683339575.846567
