event_sleeping:
  end: 1683339996.9684017
  start: 1683339965.7476127
