event_sleeping:
  end: 1683340887.055546
  start: 1683340635.8321404
