event_sleeping:
  end: 1683340479.5595057
  start: 1683340245.8325548
