event_sleeping:
  end: 1683342057.0075636
  start: 1683341720.737378
