event_sleeping:
  end: 1683342159.5034475
  start: 1683342110.7781818
