event_sleeping:
  end: 1683341416.9714546
  start: 1683341080.7405777
