event_sleeping:
  end: 1683342197.03306
  start: 1683342055.753227
