event_sleeping:
  end: 1683342001.999573
  start: 1683341860.697228
