event_sleeping:
  end: 1683339662.0595171
  start: 1683339520.6919224
