event_sleeping:
  end: 1683341807.008715
  start: 1683341470.5923886
