event_sleeping:
  end: 1683341027.0595264
  start: 1683340495.7085383
