event_sleeping:
  end: 1683339857.0433567
  start: 1683339715.8346725
