event_sleeping:
  end: 1683340442.0336506
  start: 1683340300.7557065
