event_sleeping:
  end: 1683339467.0001557
  start: 1683339429.4665153
