event_sleeping:
  end: 1683340247.0555332
  start: 1683339910.7262664
