event_sleeping:
  end: 1682995786.5304503
  start: 1682995652.15569
