event_sleeping:
  end: 1682995591.5306525
  start: 1682994987.9341307
