event_sleeping:
  end: 1682995666.5362768
  start: 1682994987.9369137
