event_sleeping:
  end: 1682995629.0314622
  start: 1682994987.9363706
