event_sleeping:
  end: 1686229054.1077223
  start: 1686228732.7394927
