event_sleeping:
  end: 1686228469.1716032
  start: 1686228325.1559024
