event_sleeping:
  end: 1686227809.1412525
  start: 1686227665.2626038
