event_sleeping:
  end: 1686227419.1142101
  start: 1686226816.5764585
