event_sleeping:
  end: 1686228274.0853357
  start: 1686228037.766466
