event_sleeping:
  end: 1686227614.1721938
  start: 1686227471.2176805
