event_sleeping:
  end: 1686228681.6302814
  start: 1686228520.2454982
