event_sleeping:
  end: 1686227986.6721108
  start: 1686227860.2336068
