event_sleeping:
  end: 1686230911.6722474
  start: 1686230395.199113
