event_sleeping:
  end: 1686229369.0756764
  start: 1686229300.2220252
