event_sleeping:
  end: 1686229546.5996552
  start: 1686229420.1419106
