event_sleeping:
  end: 1686230344.0803463
  start: 1686229987.7104795
