event_sleeping:
  end: 1686229249.1719768
  start: 1686229105.1630595
