event_sleeping:
  end: 1686229936.6396801
  start: 1686229792.7479877
