event_sleeping:
  end: 1686229741.671879
  start: 1686229597.7110505
