event_sleeping:
  end: 1686229351.6723452
  start: 1686229207.7728138
