event_sleeping:
  end: 1686228664.095639
  start: 1686228342.642681
