event_sleeping:
  end: 1686227316.6723187
  start: 1686227080.2621381
