event_sleeping:
  end: 1686230539.1182024
  start: 1686230377.7112408
