event_sleeping:
  end: 1686227596.6476467
  start: 1686227470.214154
