event_sleeping:
  end: 1686230046.6725993
  start: 1686229792.6525965
