event_sleeping:
  end: 1686229156.6723807
  start: 1686229012.7734246
