event_sleeping:
  end: 1686227029.172015
  start: 1686226816.5756407
