event_sleeping:
  end: 1686231004.103582
  start: 1686230590.1992788
