event_sleeping:
  end: 1686229656.633955
  start: 1686229402.7871993
