event_sleeping:
  end: 1686228784.1365726
  start: 1686228715.1715345
