event_sleeping:
  end: 1686229741.6059277
  start: 1686229707.7445269
