event_sleeping:
  end: 1686227419.1233563
  start: 1686227367.770495
