event_sleeping:
  end: 1686230326.605945
  start: 1686230292.7800689
