event_sleeping:
  end: 1686228961.672449
  start: 1686228835.2436726
