event_sleeping:
  end: 1686228291.5737028
  start: 1686227647.7037008
