event_sleeping:
  end: 1686230241.671522
  start: 1686230097.744016
