event_sleeping:
  end: 1686226926.5996416
  start: 1686226816.576649
