event_sleeping:
  end: 1686227809.1409538
  start: 1686227740.216976
