event_sleeping:
  end: 1686229851.5836382
  start: 1686229597.7202513
