event_sleeping:
  end: 1686227689.119594
  start: 1686227545.2704113
