event_sleeping:
  end: 1686230046.6720793
  start: 1686229902.699674
