event_sleeping:
  end: 1686228291.6715257
  start: 1686227860.2450557
