event_sleeping:
  end: 1686231021.6720357
  start: 1686230292.7414436
