event_sleeping:
  end: 1686229054.1080253
  start: 1686228817.706666
