event_sleeping:
  end: 1686227494.172198
  start: 1686227172.7702827
