event_sleeping:
  end: 1686229369.1236672
  start: 1686229317.7630336
