event_sleeping:
  end: 1686229266.6722043
  start: 1686229105.1852355
