event_sleeping:
  end: 1686229546.6716526
  start: 1686229420.1544588
