event_sleeping:
  end: 1686230241.6721594
  start: 1686230097.7587347
