event_sleeping:
  end: 1686228766.6235304
  start: 1686228715.172822
