event_sleeping:
  end: 1686228664.1054213
  start: 1686228445.2042174
