event_sleeping:
  end: 1686228394.12362
  start: 1686228342.712738
