event_sleeping:
  end: 1686227121.6717086
  start: 1686226977.712436
