event_sleeping:
  end: 1686229249.1372075
  start: 1686229030.2537124
