event_sleeping:
  end: 1686227706.6715763
  start: 1686227257.701263
