event_sleeping:
  end: 1686230326.671409
  start: 1686230182.7634425
