event_sleeping:
  end: 1686228274.0860188
  start: 1686228130.2664566
