event_sleeping:
  end: 1686228079.1721973
  start: 1686227757.7576745
