event_sleeping:
  end: 1686228979.141182
  start: 1686228910.183953
