event_sleeping:
  end: 1686227206.606035
  start: 1686227172.7540348
