event_sleeping:
  end: 1686227121.672005
  start: 1686226960.1951716
