event_sleeping:
  end: 1686230521.6076634
  start: 1686230377.7178853
