event_sleeping:
  end: 1686230131.6720288
  start: 1686229597.7127852
