event_sleeping:
  end: 1686229546.6300495
  start: 1686229495.2726374
