event_sleeping:
  end: 1686228394.1539235
  start: 1686228325.1432412
