event_sleeping:
  end: 1686230826.672034
  start: 1686230572.7167013
