event_sleeping:
  end: 1686228859.0796566
  start: 1686228445.2058911
