event_sleeping:
  end: 1686226909.091682
  start: 1686226816.576852
