event_sleeping:
  end: 1686229741.6714466
  start: 1686229495.1656795
