event_sleeping:
  end: 1686227809.1830378
  start: 1686227647.6405208
