event_sleeping:
  end: 1686230241.6076264
  start: 1686230097.6841123
