event_sleeping:
  end: 1686228766.6715157
  start: 1686228427.6164277
