event_sleeping:
  end: 1686230539.127544
  start: 1686230487.6558063
