event_sleeping:
  end: 1686228291.5739377
  start: 1686228037.701661
