event_sleeping:
  end: 1686227986.6723616
  start: 1686227860.1712306
