event_sleeping:
  end: 1686230046.672333
  start: 1686229792.6383834
