event_sleeping:
  end: 1686227596.6794713
  start: 1686226867.3118367
