event_sleeping:
  end: 1686230716.615711
  start: 1686230590.1483755
