event_sleeping:
  end: 1686229444.1719203
  start: 1686229122.6640227
