event_sleeping:
  end: 1686228376.5836134
  start: 1686228342.521341
