event_sleeping:
  end: 1686230436.6723485
  start: 1686230292.5969334
