event_sleeping:
  end: 1686229071.6723013
  start: 1686228817.6496534
