event_sleeping:
  end: 1686226816.5803318
  start: 1686226816.5803106
