event_sleeping:
  end: 1686228041.5755804
  start: 1686227897.7367911
