event_sleeping:
  end: 1686227066.611669
  start: 1686226922.487999
