event_sleeping:
  end: 1686230576.66686
  start: 1686230432.7288196
