event_sleeping:
  end: 1686230381.6349711
  start: 1686229847.7585824
