event_sleeping:
  end: 1686229211.5755637
  start: 1686229067.7327561
