event_sleeping:
  end: 1686227456.5837436
  start: 1686227117.6986685
