event_sleeping:
  end: 1686229406.6219325
  start: 1686229262.6743674
