event_sleeping:
  end: 1686228821.6161993
  start: 1686228677.7504728
