event_sleeping:
  end: 1686229016.6723313
  start: 1686228872.7230132
