event_sleeping:
  end: 1686226871.6270432
  start: 1686226816.5749602
