event_sleeping:
  end: 1686227651.6722536
  start: 1686227507.6689024
