event_sleeping:
  end: 1686228626.6337817
  start: 1686228502.661335
