event_sleeping:
  end: 1686229796.672265
  start: 1686229457.736964
