event_sleeping:
  end: 1686227846.640391
  start: 1686227702.7851806
