event_sleeping:
  end: 1686228236.6714509
  start: 1686228092.6566887
