event_sleeping:
  end: 1686228431.672353
  start: 1686228287.7860346
