event_sleeping:
  end: 1682993587.495599
  start: 1682992908.9046743
