event_sleeping:
  end: 1682993122.4954925
  start: 1682992908.9022048
