event_sleeping:
  end: 1682993002.489619
  start: 1682992908.9007473
