event_sleeping:
  end: 1685757703.661217
  start: 1685757526.0768259
