event_sleeping:
  end: 1685757526.0708387
  start: 1685757526.0707145
