event_sleeping:
  end: 1685757618.6519945
  start: 1685757526.0763848
