event_sleeping:
  end: 1685757601.1162324
  start: 1685757526.0717402
