event_sleeping:
  end: 1685757618.6523407
  start: 1685757526.072454
