event_sleeping:
  end: 1685757758.6612518
  start: 1685757631.5919976
