event_sleeping:
  end: 1685757563.5720394
  start: 1685757526.069004
