event_sleeping:
  end: 1685080040.704582
  start: 1685079804.2732744
