event_sleeping:
  end: 1685074190.6201138
  start: 1685073938.0507019
