event_sleeping:
  end: 1685078285.7038722
  start: 1685078141.801993
