event_sleeping:
  end: 1685078090.7041657
  start: 1685077929.3224335
