event_sleeping:
  end: 1685076140.704184
  start: 1685075996.7215278
