event_sleeping:
  end: 1685075148.2039237
  start: 1685074734.2800627
