event_sleeping:
  end: 1685077590.704813
  start: 1685077464.2667887
