event_sleeping:
  end: 1685078658.2000217
  start: 1685078336.7922568
