event_sleeping:
  end: 1685074683.2040074
  start: 1685074539.22312
