event_sleeping:
  end: 1685076530.6520765
  start: 1685076294.2087338
