event_sleeping:
  end: 1685078973.1553319
  start: 1685078921.8253367
