event_sleeping:
  end: 1685079753.180116
  start: 1685079506.7864318
