event_sleeping:
  end: 1685079150.6998847
  start: 1685079024.2379837
