event_sleeping:
  end: 1685073885.7039812
  start: 1685073708.1141098
