event_sleeping:
  end: 1685076243.1159067
  start: 1685076191.8076649
