event_sleeping:
  end: 1685079455.7043862
  start: 1685079201.7464447
