event_sleeping:
  end: 1685074275.6378684
  start: 1685074241.7303588
