event_sleeping:
  end: 1685077200.704205
  start: 1685076581.7252245
