event_sleeping:
  end: 1685078870.7043643
  start: 1685078709.2636418
