event_sleeping:
  end: 1685077878.204261
  start: 1685077641.7494245
