event_sleeping:
  end: 1685077413.1563401
  start: 1685077251.782648
