event_sleeping:
  end: 1685075945.6920562
  start: 1685075411.7711198
