event_sleeping:
  end: 1685080608.2040367
  start: 1685080194.2466786
