event_sleeping:
  end: 1685080143.1520467
  start: 1685080091.817447
