event_sleeping:
  end: 1685074488.1291368
  start: 1685074326.7306647
