event_sleeping:
  end: 1685075360.668186
  start: 1685075199.2528372
