event_sleeping:
  end: 1685075555.6761177
  start: 1685075318.989633
