event_sleeping:
  end: 1685073708.1142037
  start: 1685073708.1136231
