event_sleeping:
  end: 1685075658.155654
  start: 1685075606.479185
