event_sleeping:
  end: 1685074275.699844
  start: 1685073936.5203753
