event_sleeping:
  end: 1685076048.1289194
  start: 1685075708.9189801
