event_sleeping:
  end: 1685079455.704739
  start: 1685079218.9245274
