event_sleeping:
  end: 1685077895.6828537
  start: 1685077641.5221186
