event_sleeping:
  end: 1685080143.155814
  start: 1685080091.4386373
