event_sleeping:
  end: 1685077413.15564
  start: 1685077361.5179086
