event_sleeping:
  end: 1685078870.7041087
  start: 1685078726.4708915
