event_sleeping:
  end: 1685075268.2082772
  start: 1685074929.0020552
