event_sleeping:
  end: 1685079168.1133394
  start: 1685078921.5676088
