event_sleeping:
  end: 1685078675.6998563
  start: 1685078336.4988203
