event_sleeping:
  end: 1685074563.1481283
  start: 1685074326.5112934
