event_sleeping:
  end: 1685077998.1559606
  start: 1685077946.501791
