event_sleeping:
  end: 1685079845.615349
  start: 1685079506.5564518
