event_sleeping:
  end: 1685073885.7046232
  start: 1685073758.921355
