event_sleeping:
  end: 1685076903.204007
  start: 1685076666.4273431
