event_sleeping:
  end: 1685080040.6359878
  start: 1685079896.3940961
