event_sleeping:
  end: 1685074878.2042437
  start: 1685074613.967206
