event_sleeping:
  end: 1685077310.7044172
  start: 1685077148.9986653
