event_sleeping:
  end: 1685078285.7040691
  start: 1685078048.9974213
