event_sleeping:
  end: 1685076420.704309
  start: 1685076098.9285302
