event_sleeping:
  end: 1685076615.6241357
  start: 1685076471.5383286
