event_sleeping:
  end: 1685080515.6761174
  start: 1685080193.983899
