event_sleeping:
  end: 1685077098.2042634
  start: 1685076953.9921415
