event_sleeping:
  end: 1685077590.6999726
  start: 1685077463.975245
