event_sleeping:
  end: 1685075945.7227464
  start: 1685075784.0232596
