event_sleeping:
  end: 1685078090.7039418
  start: 1685077056.4677222
