event_sleeping:
  end: 1685076903.1521857
  start: 1685076471.4933543
