event_sleeping:
  end: 1685073978.203515
  start: 1685073851.448893
