event_sleeping:
  end: 1685076243.2039826
  start: 1685075996.564807
