event_sleeping:
  end: 1685075538.1164749
  start: 1685075301.4177835
