event_sleeping:
  end: 1685076420.7040188
  start: 1685076293.9967372
