event_sleeping:
  end: 1685077005.6557481
  start: 1685076953.9591897
