event_sleeping:
  end: 1685075733.2046363
  start: 1685075588.9165602
