event_sleeping:
  end: 1685080625.6281316
  start: 1685080091.5012114
