event_sleeping:
  end: 1685078370.7045915
  start: 1685078243.932519
