event_sleeping:
  end: 1685074080.6561794
  start: 1685074029.0130336
