event_sleeping:
  end: 1685075165.6999729
  start: 1685074716.395542
