event_sleeping:
  end: 1685074385.704223
  start: 1685074131.480518
