event_sleeping:
  end: 1685078583.1520903
  start: 1685078421.4940507
