event_sleeping:
  end: 1685078760.6698203
  start: 1685078633.9784532
