event_sleeping:
  end: 1685078193.1160395
  start: 1685078141.5071862
