event_sleeping:
  end: 1685080040.7039952
  start: 1685079896.497213
