event_sleeping:
  end: 1685079048.2039998
  start: 1685078811.4286513
