event_sleeping:
  end: 1685079455.7041118
  start: 1685079201.4377367
