event_sleeping:
  end: 1685073800.6464164
  start: 1685073708.1137989
