event_sleeping:
  end: 1685079845.7001047
  start: 1685079591.481846
