event_sleeping:
  end: 1685074665.6079736
  start: 1685074631.5053186
