event_sleeping:
  end: 1685079540.6380906
  start: 1685079506.5382833
