event_sleeping:
  end: 1685074580.7040505
  start: 1685074436.5097558
