event_sleeping:
  end: 1685079150.6518114
  start: 1685079099.032975
