event_sleeping:
  end: 1685075250.635857
  start: 1685075216.4894407
