event_sleeping:
  end: 1685076123.2039926
  start: 1685075886.4618058
