event_sleeping:
  end: 1685079048.203872
  start: 1685078726.4403195
