event_sleeping:
  end: 1685077115.7039604
  start: 1685076861.4287572
