event_sleeping:
  end: 1685079845.7090986
  start: 1685079701.5020978
