event_sleeping:
  end: 1685075148.1102474
  start: 1685075021.505321
