event_sleeping:
  end: 1685075733.2042813
  start: 1685075496.5112717
