event_sleeping:
  end: 1685078463.1081054
  start: 1685077751.5417259
