event_sleeping:
  end: 1685074970.704333
  start: 1685074826.530183
