event_sleeping:
  end: 1685075268.173169
  start: 1685075198.941299
