event_sleeping:
  end: 1685073995.7044504
  start: 1685073833.9880588
