event_sleeping:
  end: 1685074385.6998672
  start: 1685074046.5170758
