event_sleeping:
  end: 1685077700.7040734
  start: 1685077446.4965124
