event_sleeping:
  end: 1685074775.7043726
  start: 1685074436.5092895
