event_sleeping:
  end: 1685080625.6288667
  start: 1685080194.0052755
