event_sleeping:
  end: 1685078675.624115
  start: 1685078513.929491
