event_sleeping:
  end: 1685075835.655869
  start: 1685075784.0245082
