event_sleeping:
  end: 1685080143.2175732
  start: 1685079896.473345
