event_sleeping:
  end: 1685076725.704003
  start: 1685076386.4231284
