event_sleeping:
  end: 1685077395.7041886
  start: 1685077166.5100281
