event_sleeping:
  end: 1685075445.7042437
  start: 1685075318.9863327
