event_sleeping:
  end: 1685079650.6840396
  start: 1685079396.4810236
