event_sleeping:
  end: 1685076810.6358275
  start: 1685076776.5111132
