event_sleeping:
  end: 1685079345.7000628
  start: 1685079099.031349
