event_sleeping:
  end: 1685073783.1522071
  start: 1685073708.1089668
