event_sleeping:
  end: 1685076335.6118236
  start: 1685076174.0171714
