event_sleeping:
  end: 1685077395.7000008
  start: 1685077073.9585273
