event_sleeping:
  end: 1685075555.7069345
  start: 1685075301.4073136
