event_sleeping:
  end: 1685078973.2039962
  start: 1685078811.4214115
