event_sleeping:
  end: 1685077700.6041303
  start: 1685077446.4485366
