event_sleeping:
  end: 1685077980.6108027
  start: 1685077946.4444609
