event_sleeping:
  end: 1685080430.6680567
  start: 1685079701.4380505
