event_sleeping:
  end: 1685074470.7041817
  start: 1685073936.35731
