event_sleeping:
  end: 1685076048.1240876
  start: 1685075903.9182878
