event_sleeping:
  end: 1685074665.61737
  start: 1685074521.4393518
