event_sleeping:
  end: 1685079650.684243
  start: 1685079396.3826182
