event_sleeping:
  end: 1685076633.204733
  start: 1685076386.422727
