event_sleeping:
  end: 1685079345.6380818
  start: 1685079311.457751
