event_sleeping:
  end: 1685077895.6831524
  start: 1685077751.3305755
