event_sleeping:
  end: 1685075250.699879
  start: 1685074716.3681479
