event_sleeping:
  end: 1685078285.6999178
  start: 1685078031.3434238
