event_sleeping:
  end: 1685075853.1559012
  start: 1685075801.393238
