event_sleeping:
  end: 1685078760.638515
  start: 1685078726.3853385
