event_sleeping:
  end: 1685073800.6467285
  start: 1685073708.1111708
