event_sleeping:
  end: 1685073885.638492
  start: 1685073851.4028563
