event_sleeping:
  end: 1685076335.7040973
  start: 1685076098.8661082
