event_sleeping:
  end: 1685075750.6459913
  start: 1685075606.4343524
