event_sleeping:
  end: 1685077023.204254
  start: 1685076683.9528174
