event_sleeping:
  end: 1685078675.6243567
  start: 1685078336.3822172
