event_sleeping:
  end: 1685079260.7040322
  start: 1685079023.9337177
