event_sleeping:
  end: 1685075110.7038572
  start: 1685074966.7144895
