event_sleeping:
  end: 1685076085.7043526
  start: 1685075941.8249142
