event_sleeping:
  end: 1685075695.610551
  start: 1685075551.839432
