event_sleeping:
  end: 1685078035.7039506
  start: 1685077891.8089447
