event_sleeping:
  end: 1685073745.6157477
  start: 1685073708.1131983
