event_sleeping:
  end: 1685077450.7040274
  start: 1685077306.87412
