event_sleeping:
  end: 1685077060.6999094
  start: 1685076916.8282163
