event_sleeping:
  end: 1685073940.6674654
  start: 1685073796.4685028
