event_sleeping:
  end: 1685079205.6936665
  start: 1685079061.8199725
