event_sleeping:
  end: 1685077840.672036
  start: 1685077501.865125
