event_sleeping:
  end: 1685079010.6841202
  start: 1685078671.826602
