event_sleeping:
  end: 1685075890.7043734
  start: 1685075746.6974142
