event_sleeping:
  end: 1685074525.6239693
  start: 1685074381.8564422
