event_sleeping:
  end: 1685075500.7043648
  start: 1685075356.8004866
