event_sleeping:
  end: 1685076865.690844
  start: 1685076721.7978394
