event_sleeping:
  end: 1685074330.7042816
  start: 1685073991.7851918
