event_sleeping:
  end: 1685079790.70402
  start: 1685079256.8156748
