event_sleeping:
  end: 1685078425.7042928
  start: 1685078281.8913274
