event_sleeping:
  end: 1685077255.7039883
  start: 1685077111.818225
