event_sleeping:
  end: 1685074720.6626873
  start: 1685074576.791882
