event_sleeping:
  end: 1685078230.7040894
  start: 1685078086.8224673
