event_sleeping:
  end: 1685075305.6428628
  start: 1685075161.817895
