event_sleeping:
  end: 1685074915.6081264
  start: 1685074771.8142025
