event_sleeping:
  end: 1685076280.6054864
  start: 1685076136.8644135
