event_sleeping:
  end: 1685078620.6840472
  start: 1685078476.8696697
