event_sleeping:
  end: 1685080180.704004
  start: 1685079841.8906665
