event_sleeping:
  end: 1685076670.6840951
  start: 1685076351.8151548
