event_sleeping:
  end: 1682993019.9961126
  start: 1682992908.90409
