event_sleeping:
  end: 1682992909.8975747
  start: 1682992908.9031086
