event_sleeping:
  end: 1682993159.9836133
  start: 1682993032.8949697
