event_sleeping:
  end: 1682992964.952741
  start: 1682992908.9032958
