event_sleeping:
  end: 1682993549.9785442
  start: 1682993212.2559078
