event_sleeping:
  end: 1683992684.9235823
  start: 1683992667.4135363
