event_sleeping:
  end: 1683992667.4118598
  start: 1683992667.411196
