event_sleeping:
  end: 1683993362.4985237
  start: 1683992719.1144745
