event_sleeping:
  end: 1683992759.9891198
  start: 1683992667.4115539
