event_sleeping:
  end: 1683992777.5034888
  start: 1683992667.4123032
