event_sleeping:
  end: 1683992667.4137201
  start: 1683992667.4136913
