event_sleeping:
  end: 1683992879.9974236
  start: 1683992718.9337494
