event_sleeping:
  end: 1683992917.4125314
  start: 1683992774.118198
