event_sleeping:
  end: 1683993502.4370959
  start: 1683993359.4741275
