event_sleeping:
  end: 1683993307.5074246
  start: 1683993164.475372
