event_sleeping:
  end: 1683993112.503388
  start: 1683992969.3869314
