event_sleeping:
  end: 1683992722.4154909
  start: 1683992667.4104412
