event_sleeping:
  end: 1686147088.6483164
  start: 1686146852.2801952
