event_sleeping:
  end: 1686147283.7196486
  start: 1686147139.7723148
