event_sleeping:
  end: 1686146428.6797078
  start: 1686146284.7924242
