event_sleeping:
  end: 1686146623.6544423
  start: 1686146479.7461555
