event_sleeping:
  end: 1686146801.2315376
  start: 1686146674.7482436
