event_sleeping:
  end: 1686146233.7315288
  start: 1686145631.1455073
