event_sleeping:
  end: 1686146131.2208626
  start: 1686145894.8207607
