event_sleeping:
  end: 1686147478.7317028
  start: 1686147157.2074635
