event_sleeping:
  end: 1686146233.6858323
  start: 1686146182.3092551
