event_sleeping:
  end: 1686146411.2316475
  start: 1686146284.7643304
