event_sleeping:
  end: 1686147106.169124
  start: 1686146462.313937
