event_sleeping:
  end: 1686145843.7370126
  start: 1686145631.1436594
