event_sleeping:
  end: 1686145936.2316504
  start: 1686145792.637386
