event_sleeping:
  end: 1686146623.7050145
  start: 1686146554.7892535
