event_sleeping:
  end: 1686146503.704575
  start: 1686146359.8324494
