event_sleeping:
  end: 1686145741.2236063
  start: 1686145631.1444175
