event_sleeping:
  end: 1686147208.6835997
  start: 1686147157.3133945
