event_sleeping:
  end: 1686147106.2314773
  start: 1686146674.7572742
