event_sleeping:
  end: 1686147478.6885164
  start: 1686147259.780717
