event_sleeping:
  end: 1686146308.7200534
  start: 1686145987.2950149
