event_sleeping:
  end: 1686145936.2354972
  start: 1686145774.7538056
