event_sleeping:
  end: 1686147673.7341962
  start: 1686147259.7837641
