event_sleeping:
  end: 1686146521.2124066
  start: 1686146072.2442229
