event_sleeping:
  end: 1686145723.6916945
  start: 1686145631.1446025
