event_sleeping:
  end: 1686146893.7116683
  start: 1686146572.2638795
