event_sleeping:
  end: 1686147088.6476762
  start: 1686146944.8190036
