event_sleeping:
  end: 1686146021.1474895
  start: 1686145987.335865
