event_sleeping:
  end: 1686147208.684211
  start: 1686147139.726146
