event_sleeping:
  end: 1686147106.1406853
  start: 1686146852.1877644
