event_sleeping:
  end: 1686147191.1681826
  start: 1686147157.1419291
