event_sleeping:
  end: 1686146623.654743
  start: 1686146462.227491
