event_sleeping:
  end: 1686147581.2234936
  start: 1686147242.1487772
