event_sleeping:
  end: 1686146411.2319229
  start: 1686145682.1342747
