event_sleeping:
  end: 1686146801.1436157
  start: 1686146674.6392303
