event_sleeping:
  end: 1686145631.1447425
  start: 1686145631.1447234
