event_sleeping:
  end: 1686146661.219639
  start: 1686146517.3179224
