event_sleeping:
  end: 1686146856.2316165
  start: 1686146712.31411
