event_sleeping:
  end: 1686146271.234329
  start: 1686145932.3414295
