event_sleeping:
  end: 1686146466.2155566
  start: 1686146322.3335164
