event_sleeping:
  end: 1686147246.1856005
  start: 1686147102.3112447
