event_sleeping:
  end: 1686147051.1955142
  start: 1686146907.3462968
