event_sleeping:
  end: 1686145881.2302074
  start: 1686145737.0294697
