event_sleeping:
  end: 1686145686.1892574
  start: 1686145631.1369946
