event_sleeping:
  end: 1685752389.0200574
  start: 1685751998.9673054
