event_sleeping:
  end: 1685752211.5013819
  start: 1685752050.5951617
