event_sleeping:
  end: 1685751998.9551036
  start: 1685751998.9550154
