event_sleeping:
  end: 1685751998.9626954
  start: 1685751998.9590008
