event_sleeping:
  end: 1685752676.543302
  start: 1685752050.6059728
