event_sleeping:
  end: 1685752091.5481403
  start: 1685751998.9637265
