event_sleeping:
  end: 1685751998.967347
  start: 1685751998.966688
