event_sleeping:
  end: 1685752304.0257547
  start: 1685752050.5651577
