event_sleeping:
  end: 1685752444.0279367
  start: 1685752301.0270028
