event_sleeping:
  end: 1685752638.9879036
  start: 1685752495.999566
