event_sleeping:
  end: 1685752249.0200562
  start: 1685752105.6895761
