event_sleeping:
  end: 1685752834.0199058
  start: 1685752691.0104153
