event_sleeping:
  end: 1685752053.981485
  start: 1685751998.95307
