event_sleeping:
  end: 1682990567.931435
  start: 1682990371.8412652
