event_sleeping:
  end: 1682990372.8345525
  start: 1682990371.8400757
