event_sleeping:
  end: 1682990482.8669355
  start: 1682990371.8409417
