event_sleeping:
  end: 1682990452.8557415
  start: 1682990371.8411376
