event_sleeping:
  end: 1682990482.9313612
  start: 1682990371.8377182
