event_sleeping:
  end: 1682990427.8877084
  start: 1682990371.8373072
