event_sleeping:
  end: 1682990622.9123876
  start: 1682990483.2772202
