event_sleeping:
  end: 1685326606.249825
  start: 1685326072.3511136
