event_sleeping:
  end: 1685324581.247856
  start: 1685324386.1605778
