event_sleeping:
  end: 1685324953.6882396
  start: 1685324919.86269
