event_sleeping:
  end: 1685326818.7480297
  start: 1685326657.3399026
