event_sleeping:
  end: 1685327896.249789
  start: 1685327259.8647442
