event_sleeping:
  end: 1685325826.1721458
  start: 1685325394.7331736
