event_sleeping:
  end: 1685326021.2501898
  start: 1685325877.2480812
