event_sleeping:
  end: 1685326903.6836445
  start: 1685326869.82759
