event_sleeping:
  end: 1685327208.7500515
  start: 1685326954.7879183
