event_sleeping:
  end: 1685325343.6761022
  start: 1685325199.7929542
