event_sleeping:
  end: 1685325148.6954541
  start: 1685325004.7348294
