event_sleeping:
  end: 1685324868.7501817
  start: 1685324632.3550854
