event_sleeping:
  end: 1685328073.7664554
  start: 1685327947.3556447
