event_sleeping:
  end: 1685325946.248356
  start: 1685325589.5503993
