event_sleeping:
  end: 1685327098.7499511
  start: 1685326777.0424812
