event_sleeping:
  end: 1685326726.250059
  start: 1685326369.4930406
