event_sleeping:
  end: 1685327988.7510226
  start: 1685327844.5676928
