event_sleeping:
  end: 1685326233.7406957
  start: 1685325997.0556452
