event_sleeping:
  end: 1685324386.1586182
  start: 1685324386.1578684
