event_sleeping:
  end: 1685324563.676073
  start: 1685324436.9920352
