event_sleeping:
  end: 1685325258.6732848
  start: 1685325004.4734852
