event_sleeping:
  end: 1685327293.750367
  start: 1685327149.5261717
