event_sleeping:
  end: 1685324953.656034
  start: 1685324614.492742
