event_sleeping:
  end: 1685326318.6842742
  start: 1685326284.5344663
