event_sleeping:
  end: 1685327581.2501137
  start: 1685327344.557632
