event_sleeping:
  end: 1685325538.7498245
  start: 1685325309.4449847
