event_sleeping:
  end: 1685327793.7499743
  start: 1685327632.0465946
