event_sleeping:
  end: 1685325241.2498512
  start: 1685325096.9883177
