event_sleeping:
  end: 1685325843.7480364
  start: 1685325394.4979496
