event_sleeping:
  end: 1685325046.1765282
  start: 1685324809.5154192
