event_sleeping:
  end: 1685324478.7358842
  start: 1685324386.159306
