event_sleeping:
  end: 1685326233.7499166
  start: 1685325997.0188973
