event_sleeping:
  end: 1685327683.6759338
  start: 1685327649.4779215
