event_sleeping:
  end: 1685326921.1801877
  start: 1685326657.0423315
