event_sleeping:
  end: 1685326428.75008
  start: 1685326284.5963254
