event_sleeping:
  end: 1685327598.7000966
  start: 1685327149.5729818
