event_sleeping:
  end: 1685327098.750197
  start: 1685326971.983092
