event_sleeping:
  end: 1685326606.2502549
  start: 1685326479.598302
