event_sleeping:
  end: 1685324673.6600974
  start: 1685324529.4979963
