event_sleeping:
  end: 1685324758.6843557
  start: 1685324724.4849272
