event_sleeping:
  end: 1685325343.7072594
  start: 1685325292.0475733
