event_sleeping:
  end: 1685325946.201949
  start: 1685325894.5345988
