event_sleeping:
  end: 1685328768.7357385
  start: 1685327734.4814742
