event_sleeping:
  end: 1685327793.7501721
  start: 1685327557.0028355
