event_sleeping:
  end: 1685326141.2501473
  start: 1685325979.4429295
