event_sleeping:
  end: 1685326411.1942036
  start: 1685326192.035349
