event_sleeping:
  end: 1685325826.247999
  start: 1685325699.5964503
