event_sleeping:
  end: 1685325063.7357361
  start: 1685324706.997394
