event_sleeping:
  end: 1685326996.274296
  start: 1685326869.499153
