event_sleeping:
  end: 1685327403.7358277
  start: 1685327047.07006
