event_sleeping:
  end: 1685325453.750187
  start: 1685325114.5600307
