event_sleeping:
  end: 1685325648.7501998
  start: 1685325504.550515
