event_sleeping:
  end: 1685326818.6757178
  start: 1685326564.4709675
