event_sleeping:
  end: 1685326513.6998239
  start: 1685326461.9891415
