event_sleeping:
  end: 1685325928.6680458
  start: 1685325877.0805185
