event_sleeping:
  end: 1685324656.2200477
  start: 1685324529.537571
