event_sleeping:
  end: 1685328073.7358298
  start: 1685327844.5683072
