event_sleeping:
  end: 1685324478.7405946
  start: 1685324386.1573887
