event_sleeping:
  end: 1685327506.2017443
  start: 1685327454.5241194
