event_sleeping:
  end: 1685325928.6682935
  start: 1685325411.9463024
