event_sleeping:
  end: 1685327683.7479048
  start: 1685327344.5252016
