event_sleeping:
  end: 1685325361.2279477
  start: 1685325216.9819925
