event_sleeping:
  end: 1685324581.201678
  start: 1685324529.46919
