event_sleeping:
  end: 1685325166.2499669
  start: 1685324631.9514577
