event_sleeping:
  end: 1685324478.736161
  start: 1685324386.1601946
