event_sleeping:
  end: 1685326216.2329266
  start: 1685325979.403043
