event_sleeping:
  end: 1685326428.749795
  start: 1685326266.9248383
