event_sleeping:
  end: 1685326708.7498775
  start: 1685326564.3513365
