event_sleeping:
  end: 1685327293.7500484
  start: 1685327064.504346
