event_sleeping:
  end: 1685327013.7501364
  start: 1685326759.479715
