event_sleeping:
  end: 1685326513.6559327
  start: 1685326479.4781394
