event_sleeping:
  end: 1685328073.7671573
  start: 1685327734.4490364
