event_sleeping:
  end: 1685326178.7359545
  start: 1685326034.8861227
