event_sleeping:
  end: 1685325788.6935647
  start: 1685325644.8779922
