event_sleeping:
  end: 1685327348.7320883
  start: 1685327009.8748472
