event_sleeping:
  end: 1685324618.748068
  start: 1685324484.484905
