event_sleeping:
  end: 1685326958.7499144
  start: 1685326814.8144557
