event_sleeping:
  end: 1685325203.7358317
  start: 1685325059.8811536
