event_sleeping:
  end: 1685326568.7502146
  start: 1685326424.8906114
