event_sleeping:
  end: 1685327738.6520407
  start: 1685327594.9291923
