event_sleeping:
  end: 1685324423.6600597
  start: 1685324386.1560473
