event_sleeping:
  end: 1685326373.7358727
  start: 1685326280.1675928
