event_sleeping:
  end: 1685327933.7359362
  start: 1685327789.8177993
