event_sleeping:
  end: 1685326763.7120354
  start: 1685326619.8959246
