event_sleeping:
  end: 1685327543.7499864
  start: 1685327399.8968065
