event_sleeping:
  end: 1685325593.7240753
  start: 1685325449.810018
