event_sleeping:
  end: 1685325008.7400062
  start: 1685324669.88008
