event_sleeping:
  end: 1685325398.652123
  start: 1685325254.8849533
