event_sleeping:
  end: 1685325983.7478814
  start: 1685325839.83015
