event_sleeping:
  end: 1685308200.366383
  start: 1685308073.8821092
