event_sleeping:
  end: 1685312202.8001287
  start: 1685312168.9371967
