event_sleeping:
  end: 1685306267.77207
  start: 1685306013.9404979
