event_sleeping:
  end: 1685307242.8643782
  start: 1685306793.8747501
