event_sleeping:
  end: 1685308320.3353288
  start: 1685308251.4264824
