event_sleeping:
  end: 1685306742.8122025
  start: 1685306616.3971708
