event_sleeping:
  end: 1685311032.8003895
  start: 1685310998.9800174
