event_sleeping:
  end: 1685311227.866208
  start: 1685311083.8605611
