event_sleeping:
  end: 1685310362.8646605
  start: 1685310218.9690433
