event_sleeping:
  end: 1685308607.8666523
  start: 1685308371.443244
