event_sleeping:
  end: 1685310167.866668
  start: 1685310023.860583
