event_sleeping:
  end: 1685306565.2832332
  start: 1685306421.4046955
