event_sleeping:
  end: 1685309295.3664505
  start: 1685308658.9915645
