event_sleeping:
  end: 1685312117.8694594
  start: 1685311863.9448645
