event_sleeping:
  end: 1685305962.8639305
  start: 1685305767.7756977
