event_sleeping:
  end: 1685309472.86434
  start: 1685309346.4720368
