event_sleeping:
  end: 1685307437.866388
  start: 1685307293.940877
