event_sleeping:
  end: 1685310752.7775002
  start: 1685310413.9750729
