event_sleeping:
  end: 1685310947.876278
  start: 1685310803.780138
