event_sleeping:
  end: 1685309972.8509347
  start: 1685309718.9429755
