event_sleeping:
  end: 1685306370.3060124
  start: 1685306318.8535683
