event_sleeping:
  end: 1685311812.8638783
  start: 1685311583.9421182
