event_sleeping:
  end: 1685308022.7803638
  start: 1685307488.987235
