event_sleeping:
  end: 1685309667.8665655
  start: 1685309523.924374
