event_sleeping:
  end: 1685311532.8638413
  start: 1685311278.9260864
