event_sleeping:
  end: 1685312702.771966
  start: 1685312253.8984854
