event_sleeping:
  end: 1685305962.8007376
  start: 1685305818.586596
