event_sleeping:
  end: 1685306657.8201125
  start: 1685306403.7179334
