event_sleeping:
  end: 1685311905.366389
  start: 1685311583.5517752
