event_sleeping:
  end: 1685310752.8662922
  start: 1685310413.6875937
