event_sleeping:
  end: 1685311227.8665745
  start: 1685310998.6592052
