event_sleeping:
  end: 1685309667.8662608
  start: 1685309523.5860338
