event_sleeping:
  end: 1685312220.3200085
  start: 1685312168.6554897
