event_sleeping:
  end: 1685312592.8662658
  start: 1685312271.1079135
