event_sleeping:
  end: 1685309972.8280897
  start: 1685309718.669179
