event_sleeping:
  end: 1685309387.8664427
  start: 1685309243.6890512
