event_sleeping:
  end: 1685308692.812025
  start: 1685308548.5985584
