event_sleeping:
  end: 1685310947.8441083
  start: 1685310803.6602185
