event_sleeping:
  end: 1685310362.8603482
  start: 1685310108.608263
