event_sleeping:
  end: 1685308497.7804716
  start: 1685308158.6072018
