event_sleeping:
  end: 1685307327.8639362
  start: 1685306988.6714127
