event_sleeping:
  end: 1685306937.8665714
  start: 1685306708.6083345
