event_sleeping:
  end: 1685309192.866949
  start: 1685309048.6636627
