event_sleeping:
  end: 1685311532.7961514
  start: 1685311278.6775808
