event_sleeping:
  end: 1685310057.7858086
  start: 1685310023.589556
