event_sleeping:
  end: 1685307615.3663027
  start: 1685307378.635839
