event_sleeping:
  end: 1685309472.8004642
  start: 1685309438.7042212
