event_sleeping:
  end: 1685306352.8641248
  start: 1685306013.6395473
