event_sleeping:
  end: 1685307717.8180418
  start: 1685307666.1605587
