event_sleeping:
  end: 1685308997.8741338
  start: 1685308743.608701
