event_sleeping:
  end: 1685305767.7741957
  start: 1685305767.77415
