event_sleeping:
  end: 1685312117.8355834
  start: 1685311956.1794522
