event_sleeping:
  end: 1685308107.8361492
  start: 1685307768.648788
