event_sleeping:
  end: 1685312702.7722435
  start: 1685312168.664775
