event_sleeping:
  end: 1685308302.8664622
  start: 1685308056.183074
