event_sleeping:
  end: 1685311532.7964346
  start: 1685311296.1264107
