event_sleeping:
  end: 1685309082.800274
  start: 1685309048.664169
