event_sleeping:
  end: 1685306462.8088582
  start: 1685306208.6202419
