event_sleeping:
  end: 1685310167.8664079
  start: 1685309133.6296048
