event_sleeping:
  end: 1685306157.8003752
  start: 1685306123.6557348
