event_sleeping:
  end: 1685310837.8639371
  start: 1685310693.674876
