event_sleeping:
  end: 1685306742.8178823
  start: 1685306691.2144635
