event_sleeping:
  end: 1685311905.3670805
  start: 1685311668.6026242
