event_sleeping:
  end: 1685307827.8551874
  start: 1685307666.1742449
