event_sleeping:
  end: 1685311245.30096
  start: 1685311193.6739197
