event_sleeping:
  end: 1685312117.8700318
  start: 1685311956.1842377
