event_sleeping:
  end: 1685306072.866518
  start: 1685305928.6772227
