event_sleeping:
  end: 1685310447.8360193
  start: 1685310303.595078
