event_sleeping:
  end: 1685307242.8639443
  start: 1685306793.609635
