event_sleeping:
  end: 1685311142.8665502
  start: 1685310888.6871688
