event_sleeping:
  end: 1685308997.8462677
  start: 1685308548.6912122
