event_sleeping:
  end: 1685307615.3665965
  start: 1685307396.0870945
