event_sleeping:
  end: 1685311617.7683392
  start: 1685311583.557547
