event_sleeping:
  end: 1685310642.8666987
  start: 1685310498.6593187
