event_sleeping:
  end: 1685310252.7998667
  start: 1685310218.6780345
