event_sleeping:
  end: 1685308005.355066
  start: 1685307878.659489
