event_sleeping:
  end: 1685305877.8728468
  start: 1685305767.7751732
