event_sleeping:
  end: 1685306640.3665843
  start: 1685306513.6039765
