event_sleeping:
  end: 1685307345.269469
  start: 1685307293.6699646
