event_sleeping:
  end: 1685306072.8668008
  start: 1685305928.5789285
