event_sleeping:
  end: 1685311727.8662028
  start: 1685311473.58824
