event_sleeping:
  end: 1685310557.8664405
  start: 1685309828.6855185
