event_sleeping:
  end: 1685311922.812027
  start: 1685311778.6625488
