event_sleeping:
  end: 1685307327.8008523
  start: 1685307293.631894
