event_sleeping:
  end: 1685311422.80062
  start: 1685311193.6924741
