event_sleeping:
  end: 1685305877.7838168
  start: 1685305767.7753296
