event_sleeping:
  end: 1685308395.324068
  start: 1685308251.1520233
