event_sleeping:
  end: 1685307030.2920868
  start: 1685306903.6626515
