event_sleeping:
  end: 1685307912.8311164
  start: 1685307861.1768253
