event_sleeping:
  end: 1685307810.3665009
  start: 1685307573.682226
