event_sleeping:
  end: 1685308802.8663263
  start: 1685308446.1045365
