event_sleeping:
  end: 1685310752.8669374
  start: 1685310608.6626508
