event_sleeping:
  end: 1685306852.866452
  start: 1685306513.6099315
