event_sleeping:
  end: 1685308887.8003352
  start: 1685308853.709678
