event_sleeping:
  end: 1685306462.8389797
  start: 1685306123.655013
