event_sleeping:
  end: 1685309472.863941
  start: 1685309243.631513
