event_sleeping:
  end: 1685307522.8664904
  start: 1685307378.600539
