event_sleeping:
  end: 1685312702.864004
  start: 1685312271.1042001
