event_sleeping:
  end: 1685312220.284072
  start: 1685311973.5977592
