event_sleeping:
  end: 1685307242.864208
  start: 1685307081.1066482
