event_sleeping:
  end: 1685309777.8663473
  start: 1685309523.5898404
