event_sleeping:
  end: 1685308200.3669727
  start: 1685307963.60904
