event_sleeping:
  end: 1685309192.866669
  start: 1685308938.64801
