event_sleeping:
  end: 1685311142.8662655
  start: 1685310803.6900518
