event_sleeping:
  end: 1685305962.8006082
  start: 1685305928.6138005
