event_sleeping:
  end: 1685310057.817928
  start: 1685310006.0383756
