event_sleeping:
  end: 1685311727.866339
  start: 1685311473.5586815
