event_sleeping:
  end: 1685310837.8181734
  start: 1685310786.136646
