event_sleeping:
  end: 1685307327.8009899
  start: 1685306793.5929132
