event_sleeping:
  end: 1685308107.8646572
  start: 1685307963.546465
