event_sleeping:
  end: 1685309082.8640034
  start: 1685308743.5743012
