event_sleeping:
  end: 1685306547.8665419
  start: 1685306013.5649593
