event_sleeping:
  end: 1685311050.2681246
  start: 1685310888.5446987
