event_sleeping:
  end: 1685308395.3568394
  start: 1685308158.5967946
