event_sleeping:
  end: 1685307827.864774
  start: 1685307683.5548673
