event_sleeping:
  end: 1685307632.8666918
  start: 1685307378.5531554
