event_sleeping:
  end: 1685310362.860039
  start: 1685310108.558138
