event_sleeping:
  end: 1685311422.8004413
  start: 1685311388.6231165
