event_sleeping:
  end: 1685308692.86388
  start: 1685308446.079238
