event_sleeping:
  end: 1685311337.8666346
  start: 1685311101.0188904
