event_sleeping:
  end: 1685310735.3614054
  start: 1685310413.6215093
