event_sleeping:
  end: 1685306742.8698225
  start: 1685306598.6222038
