event_sleeping:
  end: 1685312507.866448
  start: 1685311778.6244445
