event_sleeping:
  end: 1685309472.8310013
  start: 1685309133.6263106
