event_sleeping:
  end: 1685309955.2814224
  start: 1685309828.6419458
