event_sleeping:
  end: 1685309777.8666008
  start: 1685309523.5253482
