event_sleeping:
  end: 1685305877.8640954
  start: 1685305767.7760794
