event_sleeping:
  end: 1685307912.8006392
  start: 1685307878.5901382
