event_sleeping:
  end: 1685310697.804138
  start: 1685310554.0295687
