event_sleeping:
  end: 1685308162.844251
  start: 1685308018.9602356
