event_sleeping:
  end: 1685311867.805897
  start: 1685311333.9549792
