event_sleeping:
  end: 1685310307.8599107
  start: 1685310164.0416317
