event_sleeping:
  end: 1685309917.8201456
  start: 1685309578.9315603
