event_sleeping:
  end: 1685307967.8342025
  start: 1685307824.03442
