event_sleeping:
  end: 1685309137.7881482
  start: 1685308993.9262228
