event_sleeping:
  end: 1685307772.8663065
  start: 1685307629.0141768
