event_sleeping:
  end: 1685308747.8665257
  start: 1685308409.0147994
