event_sleeping:
  end: 1685307187.8361573
  start: 1685307043.9405012
