event_sleeping:
  end: 1685311087.8619313
  start: 1685310748.9744215
