event_sleeping:
  end: 1685308357.8663201
  start: 1685308213.9682953
