event_sleeping:
  end: 1685307382.8001347
  start: 1685307239.007035
