event_sleeping:
  end: 1685310502.8665898
  start: 1685310359.0214016
