event_sleeping:
  end: 1685311282.829479
  start: 1685311139.0235372
