event_sleeping:
  end: 1685306992.8120713
  start: 1685306849.0444095
