event_sleeping:
  end: 1685306017.8199365
  start: 1685305873.7108328
