event_sleeping:
  end: 1685306407.7999897
  start: 1685306068.9588385
