event_sleeping:
  end: 1685305822.8228407
  start: 1685305767.7726564
