event_sleeping:
  end: 1685310112.8666894
  start: 1685309968.950336
