event_sleeping:
  end: 1685306797.8662987
  start: 1685306653.99553
