event_sleeping:
  end: 1685309332.8663986
  start: 1685309188.914708
