event_sleeping:
  end: 1685309527.7803438
  start: 1685309384.0702536
