event_sleeping:
  end: 1685308942.8120768
  start: 1685308799.0526602
