event_sleeping:
  end: 1685312257.8665457
  start: 1685311918.9797394
