event_sleeping:
  end: 1685307577.8520594
  start: 1685307433.9578452
