event_sleeping:
  end: 1685306602.8668659
  start: 1685306458.9242322
