event_sleeping:
  end: 1685414818.6197088
  start: 1685414768.0985677
