event_sleeping_wait_all:
  end: 1685420566.1693773
  start: 1685420313.105982
