event_sleeping_wait_all:
  end: 1685423771.09994
  start: 1685423738.1191354
