event_sleeping_wait_all:
  end: 1685419481.1017818
  start: 1685419448.1390808
