event_sleeping_wait_all:
  end: 1685423491.0882678
  start: 1685423348.0702138
