event_sleeping_wait_all:
  end: 1685420261.1691086
  start: 1685420033.0836859
