event_sleeping_wait_all:
  end: 1685422211.1520617
  start: 1685422068.1435385
