event_sleeping:
  end: 1685415013.6681135
  start: 1685414876.5244358
