event_sleeping_wait_all:
  end: 1685418811.1480105
  start: 1685418668.0938668
