event_sleeping_wait_all:
  end: 1685424076.1695573
  start: 1685423823.0765855
