event_sleeping_wait_all:
  end: 1685415886.1691074
  start: 1685415743.046142
