event_sleeping:
  end: 1685414411.1685467
  start: 1685414216.080937
