event_sleeping:
  end: 1685414716.1692698
  start: 1685414463.1553423
