event_sleeping_wait_all:
  end: 1685419201.167912
  start: 1685418863.054518
