event_sleeping_wait_all:
  end: 1685421151.1641567
  start: 1685420703.0853686
