event_sleeping_wait_all:
  end: 1685425033.636218
  start: 1685424908.104519
