event_sleeping_wait_all:
  end: 1685422991.1020603
  start: 1685422958.117491
