event_sleeping_wait_all:
  end: 1685423686.164087
  start: 1685423543.0609493
