event_sleeping_wait_all:
  end: 1685421736.1691906
  start: 1685421593.1185415
