event_sleeping_wait_all:
  end: 1685417743.5947685
  start: 1685417108.109298
