event_sleeping_wait_all:
  end: 1685424856.169377
  start: 1685424603.0971284
