event_sleeping_wait_all:
  end: 1685418616.1693523
  start: 1685418473.105972
