event_sleeping_wait_all:
  end: 1685416471.0880914
  start: 1685415938.120972
