event_sleeping_wait_all:
  end: 1685423296.1281846
  start: 1685423043.0255785
