event_sleeping_wait_all:
  end: 1685418421.1690977
  start: 1685418168.1338687
