event_sleeping_wait_all:
  end: 1685422906.1320548
  start: 1685422568.1708665
