event_sleeping_wait_all:
  end: 1685424551.1482215
  start: 1685424128.125649
