event_sleeping_wait_all:
  end: 1685418116.1695127
  start: 1685417973.0717182
