event_sleeping_wait_all:
  end: 1685420651.0998676
  start: 1685420618.1270287
