event_sleeping_wait_all:
  end: 1685416768.6371746
  start: 1685416700.5106118
