event_sleeping_wait_all:
  end: 1685416648.6042173
  start: 1685416523.017372
