event_sleeping_wait_all:
  end: 1685419676.1241033
  start: 1685419533.0260046
