event_sleeping_wait_all:
  end: 1685422516.169645
  start: 1685422263.1094735
