event_sleeping_wait_all:
  end: 1685421541.1690307
  start: 1685421203.131009
