event_sleeping_wait_all:
  end: 1685422016.1693592
  start: 1685421788.1424909
