event_sleeping_wait_all:
  end: 1685417921.112929
  start: 1685417795.5698628
