event_sleeping_wait_all:
  end: 1685415691.0881014
  start: 1685415243.0898035
