event_sleeping_wait_all:
  end: 1685415191.168221
  start: 1685415065.6637192
