event_sleeping_wait_all:
  end: 1685417056.167898
  start: 1685416820.5580678
