event_sleeping_wait_all:
  end: 1685419396.168855
  start: 1685419253.1625664
