event_sleeping_wait_all:
  end: 1685419981.1807084
  start: 1685419728.0669494
