event_sleeping_wait_all:
  end: 1685418506.1022487
  start: 1685418472.9029653
