event_sleeping_wait_all:
  end: 1685418811.1000338
  start: 1685418557.7538235
