event_sleeping_wait_all:
  end: 1685416946.1693678
  start: 1685416607.743459
