event_sleeping_wait_all:
  end: 1685416556.1079166
  start: 1685416217.7597363
