event_sleeping:
  end: 1685414216.0805702
  start: 1685414216.0804784
