event_sleeping_wait_all:
  end: 1685417141.1691737
  start: 1685416997.8469155
