event_sleeping_wait_all:
  end: 1685417446.0761018
  start: 1685417192.8347096
