event_sleeping_wait_all:
  end: 1685417921.102504
  start: 1685417887.8613546
