event_sleeping:
  end: 1685414801.169012
  start: 1685414462.8289092
