event_sleeping:
  end: 1685415106.1081667
  start: 1685414852.8638737
