event_sleeping_wait_all:
  end: 1685419396.1714945
  start: 1685419252.845981
