event_sleeping_wait_all:
  end: 1685419201.1682634
  start: 1685418862.7330613
