event_sleeping_wait_all:
  end: 1685419676.167919
  start: 1685419447.8644562
