event_sleeping:
  end: 1685416063.6688619
  start: 1685415827.8222334
