event_sleeping_wait_all:
  end: 1685418421.1694748
  start: 1685418167.8490422
