event_sleeping:
  end: 1685415776.168024
  start: 1685415437.831834
