event_sleeping_wait_all:
  end: 1685417641.1480644
  start: 1685417497.7646368
