event_sleeping:
  end: 1685414411.1680174
  start: 1685414267.721538
