event_sleeping:
  end: 1685415386.1692147
  start: 1685415157.779375
