event_sleeping_wait_all:
  end: 1685418116.1691155
  start: 1685417972.7646515
