event_sleeping_wait_all:
  end: 1685416166.1200624
  start: 1685416115.293468
