event_sleeping_wait_all:
  end: 1685417836.1692078
  start: 1685417692.8078158
