event_sleeping_wait_all:
  end: 1685420353.6678753
  start: 1685420032.803088
