event_sleeping_wait_all:
  end: 1685419981.148104
  start: 1685419727.7951334
