event_sleeping:
  end: 1685415088.5697553
  start: 1685414962.8114111
