event_sleeping_wait_all:
  end: 1685416453.6421576
  start: 1685416327.788873
