event_sleeping_wait_all:
  end: 1685418896.1560404
  start: 1685418752.7625017
