event_sleeping_wait_all:
  end: 1685419981.1817086
  start: 1685419745.291018
