event_sleeping_wait_all:
  end: 1685415691.1687455
  start: 1685415242.7962155
