event_sleeping_wait_all:
  end: 1685417531.1021886
  start: 1685417497.7981453
