event_sleeping_wait_all:
  end: 1685417446.1681898
  start: 1685416997.838529
