event_sleeping_wait_all:
  end: 1685416276.1679382
  start: 1685416115.2665708
