event_sleeping_wait_all:
  end: 1685420353.6341743
  start: 1685420117.7542534
