event_sleeping:
  end: 1685414606.1024864
  start: 1685414572.8368936
