event_sleeping_wait_all:
  end: 1685419286.1040182
  start: 1685419142.810955
