event_sleeping_wait_all:
  end: 1685418701.1022947
  start: 1685418667.838371
