event_sleeping_wait_all:
  end: 1685416751.152035
  start: 1685416505.3078141
