event_sleeping_wait_all:
  end: 1685419091.152137
  start: 1685418947.855036
