event_sleeping_wait_all:
  end: 1685415793.6196606
  start: 1685415742.8492906
