event_sleeping_wait_all:
  end: 1685418616.168947
  start: 1685417582.7356336
