event_sleeping_wait_all:
  end: 1685419591.1681297
  start: 1685419337.758362
