event_sleeping:
  end: 1685414521.1689816
  start: 1685414377.78361
