event_sleeping_wait_all:
  end: 1685415191.120254
  start: 1685415140.235457
