event_sleeping_wait_all:
  end: 1685416063.5802245
  start: 1685415845.285679
