event_sleeping_wait_all:
  end: 1685419693.6161013
  start: 1685419642.829605
