event_sleeping:
  end: 1685414326.084872
  start: 1685414216.0785904
