event_sleeping:
  end: 1685414911.1525514
  start: 1685414657.7704346
