event_sleeping_wait_all:
  end: 1685416946.1690092
  start: 1685416802.8200223
