event_sleeping_wait_all:
  end: 1685420066.1022868
  start: 1685420032.8223102
