event_sleeping_wait_all:
  end: 1685415971.1481109
  start: 1685415827.7068632
