event_sleeping_wait_all:
  end: 1685419591.0882301
  start: 1685419252.7199736
