event_sleeping:
  end: 1685414521.169412
  start: 1685414377.7799466
