event_sleeping_wait_all:
  end: 1685416648.6160874
  start: 1685416412.7454972
