event_sleeping_wait_all:
  end: 1685417336.0973215
  start: 1685417302.745326
