event_sleeping_wait_all:
  end: 1685420371.152158
  start: 1685420227.7767537
