event_sleeping_wait_all:
  end: 1685417641.087985
  start: 1685417387.7919025
