event_sleeping:
  end: 1685415478.6694083
  start: 1685415352.7333715
