event_sleeping_wait_all:
  end: 1685417921.1679952
  start: 1685417692.7785354
