event_sleeping:
  end: 1685414911.152175
  start: 1685414572.84638
