event_sleeping_wait_all:
  end: 1685416258.6693544
  start: 1685416022.8118372
