event_sleeping_wait_all:
  end: 1685415776.1023371
  start: 1685415742.7855482
