event_sleeping:
  end: 1685414326.0844936
  start: 1685414216.079678
