event_sleeping_wait_all:
  end: 1685417251.0881057
  start: 1685416895.3462167
