event_sleeping:
  end: 1685415301.09613
  start: 1685414962.8066437
