event_sleeping_wait_all:
  end: 1685420668.6042335
  start: 1685420422.8031814
