event_sleeping_wait_all:
  end: 1685420176.0881526
  start: 1685419922.8497307
