event_sleeping_wait_all:
  end: 1685415691.1680844
  start: 1685415530.3128428
