event_sleeping_wait_all:
  end: 1685419006.1691399
  start: 1685418277.7905774
