event_sleeping_wait_all:
  end: 1685419871.1681337
  start: 1685419642.7684736
