event_sleeping_wait_all:
  end: 1685416361.11201
  start: 1685416310.3590267
