event_sleeping_wait_all:
  end: 1685419201.0841687
  start: 1685419057.8482962
