event_sleeping_wait_all:
  end: 1685418226.1081831
  start: 1685417972.804747
