event_sleeping_wait_all:
  end: 1685416843.669179
  start: 1685416700.3228502
