event_sleeping:
  end: 1685416556.1570942
  start: 1685416412.7376955
