event_sleeping:
  end: 1685416361.102483
  start: 1685416327.6859577
