event_sleeping_wait_all:
  end: 1685423771.1679235
  start: 1685423627.8028517
