event_sleeping:
  end: 1685416276.1080887
  start: 1685416132.7933795
