event_sleeping_wait_all:
  end: 1685421431.1022856
  start: 1685421397.7667234
