event_sleeping_wait_all:
  end: 1685419498.582291
  start: 1685419337.7670934
