event_sleeping_wait_all:
  end: 1685421626.1691885
  start: 1685421482.723717
