event_sleeping_wait_all:
  end: 1685418811.1737268
  start: 1685418557.753621
