event_sleeping:
  end: 1685415191.1679046
  start: 1685415047.7422614
