event_sleeping_wait_all:
  end: 1685421346.1400323
  start: 1685421007.7130115
