event_sleeping_wait_all:
  end: 1685423576.1694276
  start: 1685423432.7410765
