event_sleeping_wait_all:
  end: 1685419871.102613
  start: 1685419837.7099183
