event_sleeping_wait_all:
  end: 1685424076.169194
  start: 1685423822.8015506
