event_sleeping_wait_all:
  end: 1685423381.1023777
  start: 1685423347.7586472
