event_sleeping_wait_all:
  end: 1685417531.168084
  start: 1685417192.8172872
