event_sleeping_wait_all:
  end: 1685418403.6692924
  start: 1685418277.7793224
