event_sleeping_wait_all:
  end: 1685417141.1695971
  start: 1685416895.295591
