event_sleeping_wait_all:
  end: 1685419286.1158595
  start: 1685419235.2556043
