event_sleeping_wait_all:
  end: 1685421821.1691391
  start: 1685421677.7603924
