event_sleeping:
  end: 1685416843.6695597
  start: 1685416607.7568767
