event_sleeping_wait_all:
  end: 1685418506.1382864
  start: 1685418455.305847
