event_sleeping_wait_all:
  end: 1685423296.0921762
  start: 1685423042.7499766
