event_sleeping_wait_all:
  end: 1685422516.169231
  start: 1685422372.749218
