event_sleeping_wait_all:
  end: 1685419183.644229
  start: 1685418862.7529583
