event_sleeping_wait_all:
  end: 1685417921.168465
  start: 1685417582.7881021
