event_sleeping_wait_all:
  end: 1685422906.1324146
  start: 1685422762.769193
