event_sleeping_wait_all:
  end: 1685418226.1086137
  start: 1685417972.754498
