event_sleeping_wait_all:
  end: 1685420956.1241305
  start: 1685420227.6895525
