event_sleeping_wait_all:
  end: 1685422321.1161435
  start: 1685422067.8262138
