event_sleeping:
  end: 1685415776.1026688
  start: 1685415242.7967663
