event_sleeping_wait_all:
  end: 1685419786.0817034
  start: 1685419550.2229452
