event_sleeping_wait_all:
  end: 1685422711.1521158
  start: 1685422567.792674
