event_sleeping:
  end: 1685414326.084086
  start: 1685414216.0807319
