event_sleeping:
  end: 1685414996.1561692
  start: 1685414462.6974378
