event_sleeping:
  end: 1685414411.0880113
  start: 1685414377.6742368
