event_sleeping:
  end: 1685416081.1691046
  start: 1685415827.6962452
