event_sleeping_wait_all:
  end: 1685422991.129947
  start: 1685422957.7861881
