event_sleeping_wait_all:
  end: 1685422016.1697454
  start: 1685421872.7938857
