event_sleeping_wait_all:
  end: 1685424253.6679344
  start: 1685424127.8449345
