event_sleeping_wait_all:
  end: 1685420176.0885968
  start: 1685419922.7003672
