event_sleeping_wait_all:
  end: 1685424411.1678884
  start: 1685424268.1083035
