event_sleeping:
  end: 1685418756.1690288
  start: 1685418613.1361148
