event_sleeping:
  end: 1685416611.1479409
  start: 1685416468.1441343
