event_sleeping_wait_all:
  end: 1685421876.1689925
  start: 1685421733.134739
