event_sleeping:
  end: 1685417586.1693537
  start: 1685417443.206648
