event_sleeping_wait_all:
  end: 1685424216.092101
  start: 1685424073.1993978
