event_sleeping:
  end: 1685415051.1679645
  start: 1685414908.0799985
