event_sleeping:
  end: 1685416026.1208112
  start: 1685415883.2019799
