event_sleeping_wait_all:
  end: 1685422071.1678505
  start: 1685421928.2241426
