event_sleeping:
  end: 1685418951.1639361
  start: 1685418808.2371695
