event_sleeping:
  end: 1685414271.128073
  start: 1685414216.0783052
