event_sleeping:
  end: 1685414466.1691027
  start: 1685414323.115225
