event_sleeping:
  end: 1685418366.1399627
  start: 1685418028.219729
