event_sleeping_wait_all:
  end: 1685420706.167871
  start: 1685420368.1588976
