event_sleeping:
  end: 1685419731.1678367
  start: 1685419588.2212892
