event_sleeping_wait_all:
  end: 1685421486.1200187
  start: 1685421343.2042756
