event_sleeping:
  end: 1685414856.0943232
  start: 1685414518.1357317
