event_sleeping_wait_all:
  end: 1685424606.0799232
  start: 1685424463.236784
