event_sleeping_wait_all:
  end: 1685422266.1693265
  start: 1685422123.1774623
