event_sleeping:
  end: 1685420316.1689708
  start: 1685419783.1736655
