event_sleeping_wait_all:
  end: 1685421291.16935
  start: 1685421148.2205143
