event_sleeping:
  end: 1685418561.1694207
  start: 1685418418.2202976
