event_sleeping:
  end: 1685417391.16789
  start: 1685417248.160206
