event_sleeping:
  end: 1685417196.1691358
  start: 1685416858.227966
