event_sleeping_wait_all:
  end: 1685423436.1690621
  start: 1685423098.1208906
