event_sleeping_wait_all:
  end: 1685421096.156089
  start: 1685420758.135934
