event_sleeping:
  end: 1685415246.1678312
  start: 1685415103.1481187
