event_sleeping_wait_all:
  end: 1685422461.116122
  start: 1685422318.1965847
