event_sleeping_wait_all:
  end: 1685424021.168993
  start: 1685423488.152593
