event_sleeping:
  end: 1685415441.0840702
  start: 1685415298.199964
