event_sleeping_wait_all:
  end: 1685421681.169396
  start: 1685421538.1758604
