event_sleeping:
  end: 1685419536.1688814
  start: 1685419198.1713243
