event_sleeping:
  end: 1685417781.1694894
  start: 1685417638.1993952
