event_sleeping:
  end: 1685415831.1679015
  start: 1685415688.1074972
