event_sleeping:
  end: 1685417976.1693308
  start: 1685417833.1954565
