event_sleeping_wait_all:
  end: 1685424996.1694813
  start: 1685424853.1809447
