event_sleeping:
  end: 1685416221.16895
  start: 1685416078.147457
