event_sleeping:
  end: 1685419146.1694472
  start: 1685419003.1826906
