event_sleeping:
  end: 1685416806.1680255
  start: 1685416663.2066007
