event_sleeping:
  end: 1685415636.1257758
  start: 1685415493.1248214
