event_sleeping:
  end: 1685416416.1690702
  start: 1685416273.1355584
