event_sleeping_wait_all:
  end: 1685424801.1693447
  start: 1685424658.1304047
