event_sleeping_wait_all:
  end: 1685423046.108125
  start: 1685422513.1561093
