event_sleeping_wait_all:
  end: 1683075995.9715092
  start: 1683075852.6539502
