event_sleeping_wait_all:
  end: 1683075520.971495
  start: 1683075285.1401246
