event_sleeping_wait_all:
  end: 1683075800.971537
  start: 1683075657.5975132
