event_sleeping_wait_all:
  end: 1683075605.8994424
  start: 1683075572.5830266
