event_sleeping:
  end: 1683075233.4239004
  start: 1683075038.3842993
