event_sleeping_wait_all:
  end: 1683076673.3754535
  start: 1683076530.1865098
