event_sleeping_wait_all:
  end: 1683076478.464337
  start: 1683076047.7106042
