event_sleeping_wait_all:
  end: 1683075910.9714997
  start: 1683075657.635389
