event_sleeping_wait_all:
  end: 1683075215.9736006
  start: 1683075090.0831316
