event_sleeping_wait_all:
  end: 1683075605.8997676
  start: 1683075267.6946108
