event_sleeping:
  end: 1683075038.3837986
  start: 1683075038.3835979
