event_sleeping_wait_all:
  end: 1683076190.9035816
  start: 1683075962.6507967
