event_sleeping_wait_all:
  end: 1683076598.4783416
  start: 1683076242.6011314
