event_sleeping:
  end: 1683075130.9677186
  start: 1683075038.3837368
