event_sleeping_wait_all:
  end: 1683075410.906543
  start: 1683075377.9637432
