event_sleeping_wait_all:
  end: 1683076495.8755589
  start: 1683076047.9435155
