event_sleeping_wait_all:
  end: 1683075698.4716675
  start: 1683075462.9153569
