event_sleeping_wait_all:
  end: 1683076598.424343
  start: 1683076547.7812717
