event_sleeping_wait_all:
  end: 1683075893.471581
  start: 1683075750.4228308
