event_sleeping_wait_all:
  end: 1683075995.923541
  start: 1683075945.4587662
