event_sleeping_wait_all:
  end: 1683075325.9717214
  start: 1683075183.00336
