event_sleeping_wait_all:
  end: 1683076300.9153838
  start: 1683076157.5605571
