event_sleeping_wait_all:
  end: 1683076580.9242032
  start: 1683076530.1911073
