event_sleeping_wait_all:
  end: 1683076793.3916097
  start: 1683076632.7682161
