event_sleeping:
  end: 1683075130.9673877
  start: 1683075038.3822563
