event_sleeping_wait_all:
  end: 1683075308.4739265
  start: 1683075182.8258905
