event_sleeping_wait_all:
  end: 1683076478.4637163
  start: 1683076352.5913332
