event_sleeping_wait_all:
  end: 1683076105.9738014
  start: 1683075767.4809902
