event_sleeping_wait_all:
  end: 1683075715.8834789
  start: 1683075360.080797
