event_sleeping_wait_all:
  end: 1683076013.4738808
  start: 1683075870.173862
