event_sleeping_wait_all:
  end: 1683076868.4047801
  start: 1683076632.6236753
