event_sleeping:
  end: 1683075130.919525
  start: 1683075038.3840694
