event_sleeping_wait_all:
  end: 1683076580.9563634
  start: 1683076065.1413584
