event_sleeping_wait_all:
  end: 1683075233.4234955
  start: 1683075182.659355
