event_sleeping_wait_all:
  end: 1683075818.4746237
  start: 1683075285.1409175
