event_sleeping:
  end: 1683076635.9739056
  start: 1683076492.5763862
