event_sleeping:
  end: 1683075855.9196208
  start: 1683075712.6014338
