event_sleeping:
  end: 1683076050.8835952
  start: 1683075907.5605679
