event_sleeping:
  end: 1683075270.9738338
  start: 1683075127.574563
