event_sleeping:
  end: 1683076440.9715865
  start: 1683076297.5811203
