event_sleeping:
  end: 1683075075.9114103
  start: 1683075038.37821
