event_sleeping_wait_all:
  end: 1683076830.9396856
  start: 1683076687.6165934
