event_sleeping:
  end: 1683075660.9715202
  start: 1683075334.0739715
