event_sleeping:
  end: 1683076245.9737585
  start: 1683076102.4721084
