event_sleeping:
  end: 1682992406.8670201
  start: 1682992373.5326867
