event_sleeping:
  end: 1682992601.8671687
  start: 1682992459.1967568
