event_sleeping:
  end: 1682992321.8839498
  start: 1682991820.846358
