event_sleeping:
  end: 1682992711.855651
  start: 1682992458.5553243
