event_sleeping:
  end: 1682992406.943431
  start: 1682991820.8502295
