event_sleeping:
  end: 1682992499.3796387
  start: 1682992263.8155272
