event_sleeping:
  end: 1682992211.8669431
  start: 1682991820.8491888
