event_sleeping:
  end: 1682992516.9442933
  start: 1682991820.8511484
