event_sleeping:
  end: 1682992619.439633
  start: 1682991820.85146
