event_sleeping:
  end: 1682992851.939472
  start: 1682992708.496325
