event_sleeping:
  end: 1682992461.93556
  start: 1682991820.8456216
