event_sleeping:
  end: 1682992656.939552
  start: 1682992513.5383673
