event_sleeping:
  end: 1683061758.6421824
  start: 1683061725.3851745
