event_sleeping_wait_all:
  end: 1683065853.7035847
  start: 1683065710.5491173
