event_sleeping:
  end: 1683062648.7035131
  start: 1683062200.3283038
