event_sleeping:
  end: 1683061368.7065458
  start: 1683061225.2482033
