event_sleeping_wait_all:
  end: 1683064988.7034628
  start: 1683064540.3326106
