event_sleeping_wait_all:
  end: 1683064293.6398232
  start: 1683064260.3349257
