event_sleeping_wait_all:
  end: 1683064488.7068179
  start: 1683064345.2650547
