event_sleeping_wait_all:
  end: 1683066938.706873
  start: 1683066685.3526351
