event_sleeping_wait_all:
  end: 1683064878.639455
  start: 1683064845.4102018
