event_sleeping_wait_all:
  end: 1683067311.2062638
  start: 1683066990.3477533
