event_sleeping_wait_all:
  end: 1683065286.1916444
  start: 1683064930.2497075
