event_sleeping:
  end: 1683061673.7035239
  start: 1683061335.3783858
