event_sleeping_wait_all:
  end: 1683062631.1955302
  start: 1683062292.9047034
