event_sleeping_wait_all:
  end: 1683066048.6944585
  start: 1683065905.385966
