event_sleeping_wait_all:
  end: 1683063216.1235497
  start: 1683062997.8864102
