event_sleeping_wait_all:
  end: 1683066633.7036417
  start: 1683066405.3182123
