event_sleeping_wait_all:
  end: 1683065658.7056642
  start: 1683065337.7822254
