event_sleeping_wait_all:
  end: 1683064116.207238
  start: 1683063870.3795846
