event_sleeping_wait_all:
  end: 1683063428.7034311
  start: 1683063267.7847404
