event_sleeping_wait_all:
  end: 1683062946.2068634
  start: 1683062785.319999
