event_sleeping_wait_all:
  end: 1683061758.6340537
  start: 1683061633.1692407
