event_sleeping_wait_all:
  end: 1683062843.7075064
  start: 1683062590.681857
