event_sleeping_wait_all:
  end: 1683065768.7068179
  start: 1683065625.6075006
