event_sleeping_wait_all:
  end: 1683066438.6395023
  start: 1683066405.5985625
