event_sleeping_wait_all:
  end: 1683067218.6393685
  start: 1683067185.6840796
