event_sleeping_wait_all:
  end: 1683067506.206745
  start: 1683067270.6255224
