event_sleeping_wait_all:
  end: 1683064878.7034006
  start: 1683064735.653187
