event_sleeping:
  end: 1683061581.2075453
  start: 1683061335.6713393
