event_sleeping_wait_all:
  end: 1683064098.6570845
  start: 1683064048.2105927
