event_sleeping_wait_all:
  end: 1683066828.6278512
  start: 1683066490.5801382
