event_sleeping_wait_all:
  end: 1683063428.7036905
  start: 1683063268.158257
