event_sleeping_wait_all:
  end: 1683062538.7065656
  start: 1683062395.6009314
