event_sleeping_wait_all:
  end: 1683063623.7034242
  start: 1683063480.6132846
