event_sleeping:
  end: 1683062258.706788
  start: 1683062005.317144
