event_sleeping_wait_all:
  end: 1683067133.6617556
  start: 1683066880.390397
