event_sleeping:
  end: 1683061953.7033622
  start: 1683061725.3470101
