event_sleeping_wait_all:
  end: 1683065073.6394718
  start: 1683065040.4247305
