event_sleeping_wait_all:
  end: 1683067431.167567
  start: 1683067270.2691982
