event_sleeping_wait_all:
  end: 1683063123.703417
  start: 1683062980.2981844
