event_sleeping_wait_all:
  end: 1683065963.6636062
  start: 1683065820.3774996
