event_sleeping_wait_all:
  end: 1683064098.6575031
  start: 1683063852.869544
