event_sleeping_wait_all:
  end: 1683066828.7036188
  start: 1683066387.767767
