event_sleeping:
  end: 1683061673.7038834
  start: 1683061530.3589594
