event_sleeping_wait_all:
  end: 1683063336.2137015
  start: 1683063175.299651
