event_sleeping:
  end: 1683062556.203504
  start: 1683062310.3274832
