event_sleeping_wait_all:
  end: 1683065361.2064326
  start: 1683065125.2342553
