event_sleeping_wait_all:
  end: 1683065768.707156
  start: 1683065412.8026147
