event_sleeping_wait_all:
  end: 1683062843.7066734
  start: 1683062607.9024928
