event_sleeping_wait_all:
  end: 1683064191.2036066
  start: 1683063870.3974645
