event_sleeping_wait_all:
  end: 1683065871.1196785
  start: 1683065040.452279
