event_sleeping_wait_all:
  end: 1683062843.7070978
  start: 1683062395.3676314
