event_sleeping_wait_all:
  end: 1683063141.2068894
  start: 1683062980.2979412
