event_sleeping_wait_all:
  end: 1683063513.703393
  start: 1683063370.4123223
