event_sleeping:
  end: 1683061386.1918907
  start: 1683061225.259993
