event_sleeping_wait_all:
  end: 1683066261.1356807
  start: 1683066192.9141405
