event_sleeping:
  end: 1683065323.7069986
  start: 1683064985.3137252
