event_sleeping:
  end: 1683066103.706729
  start: 1683065960.2313602
