event_sleeping:
  end: 1683064738.7035549
  start: 1683064400.3058956
