event_sleeping:
  end: 1683061423.6155343
  start: 1683061173.6163301
