event_sleeping:
  end: 1683063763.6075666
  start: 1683063620.3357098
