event_sleeping:
  end: 1683063178.703411
  start: 1683063035.2244842
