event_sleeping:
  end: 1683064348.703563
  start: 1683064205.2170942
