event_sleeping:
  end: 1683062593.6514933
  start: 1683062255.2883732
