event_sleeping:
  end: 1683063373.7066808
  start: 1683063230.2974052
