event_sleeping:
  end: 1683063568.7035594
  start: 1683063425.345929
