event_sleeping:
  end: 1683064933.703517
  start: 1683064790.3453705
