event_sleeping:
  end: 1683062983.6236186
  start: 1683062645.2922356
