event_sleeping:
  end: 1685641698.2681804
  start: 1685641503.1765733
