event_sleeping:
  end: 1685642003.2676358
  start: 1685641750.194152
