event_sleeping_wait_all:
  end: 1685642300.7677042
  start: 1685642157.6217713
