event_sleeping:
  end: 1685642105.667856
  start: 1685642055.2441146
