event_sleeping_wait_all:
  end: 1685642495.7640162
  start: 1685642352.6843946
