event_sleeping_wait_all:
  end: 1685643063.2640612
  start: 1685642724.8864892
