event_sleeping_wait_all:
  end: 1685643350.705044
  start: 1685643114.9081955
