event_sleeping_wait_all:
  end: 1685642673.2201087
  start: 1685642444.8606567
