event_sleeping:
  end: 1685641715.7678974
  start: 1685641554.8563414
