event_sleeping_wait_all:
  end: 1685642393.1853533
  start: 1685642157.4449522
