event_sleeping_wait_all:
  end: 1685642105.7678242
  start: 1685641767.3937645
