event_sleeping:
  end: 1685641503.1771593
  start: 1685641503.1767979
