event_sleeping:
  end: 1685641893.1999743
  start: 1685641859.831851
