event_sleeping_wait_all:
  end: 1685642375.7358234
  start: 1685642232.4157457
