event_sleeping:
  end: 1685642180.7639792
  start: 1685641944.8910651
