event_sleeping:
  end: 1685641808.1719792
  start: 1685641664.9652038
