event_sleeping:
  end: 1685641613.2691884
  start: 1685641503.176964
