event_sleeping_wait_all:
  end: 1685642495.6917248
  start: 1685642427.4055037
