event_sleeping_wait_all:
  end: 1685641808.2199337
  start: 1685641647.3988419
