event_sleeping:
  end: 1685641595.712083
  start: 1685641503.1772861
