event_sleeping_wait_all:
  end: 1685642588.2521098
  start: 1685642249.835967
