event_sleeping_wait_all:
  end: 1685642198.1774383
  start: 1685641859.8478708
