event_sleeping_wait_all:
  end: 1685642765.7360225
  start: 1685642639.9369097
