event_sleeping:
  end: 1685641698.1720028
  start: 1685641664.8500335
