event_sleeping:
  end: 1685642495.6921954
  start: 1685642334.8604608
