event_sleeping:
  end: 1685641613.2688146
  start: 1685641503.1774225
