event_sleeping:
  end: 1685642283.2640307
  start: 1685641749.794485
