event_sleeping:
  end: 1685642338.1762438
  start: 1685642195.286291
