event_sleeping:
  end: 1685642533.2680457
  start: 1685642390.236155
