event_sleeping:
  end: 1685641753.267983
  start: 1685641610.3251202
