event_sleeping_wait_all:
  end: 1685643313.1719432
  start: 1685643170.1784372
