event_sleeping:
  end: 1685642143.2301927
  start: 1685641805.300454
