event_sleeping_wait_all:
  end: 1685643118.172137
  start: 1685642975.2650177
