event_sleeping:
  end: 1685641558.22588
  start: 1685641503.1752057
