event_sleeping_wait_all:
  end: 1685642923.184005
  start: 1685642780.2380488
