event_sleeping_wait_all:
  end: 1685642728.188069
  start: 1685642585.2991438
