event_sleeping_wait_all:
  end: 1684868155.2639751
  start: 1684867994.617776
