event_sleeping_wait_all:
  end: 1684867942.743472
  start: 1684867529.6986084
