event_sleeping:
  end: 1684867477.7360055
  start: 1684867340.6433847
