event_sleeping_wait_all:
  end: 1684869037.717243
  start: 1684868987.14336
