event_sleeping:
  end: 1684866985.266874
  start: 1684866732.1574562
