event_sleeping_wait_all:
  end: 1684868935.2638435
  start: 1684868792.1669931
