event_sleeping:
  end: 1684867282.7360468
  start: 1684867122.0976982
