event_sleeping:
  end: 1684867070.1919494
  start: 1684867037.195734
