event_sleeping:
  end: 1684866680.2639253
  start: 1684866502.678225
