event_sleeping_wait_all:
  end: 1684868740.2736642
  start: 1684868207.1966197
