event_sleeping:
  end: 1684866502.676675
  start: 1684866502.6765845
