event_sleeping_wait_all:
  end: 1684867070.1824164
  start: 1684866731.860032
