event_sleeping_wait_all:
  end: 1684868350.250726
  start: 1684868114.3939734
