event_sleeping:
  end: 1684866680.184799
  start: 1684866565.6343663
