event_sleeping_wait_all:
  end: 1684868062.7641385
  start: 1684867724.4085696
