event_sleeping_wait_all:
  end: 1684868842.7774594
  start: 1684868504.4213274
