event_sleeping_wait_all:
  end: 1684868452.7174702
  start: 1684868401.926672
