event_sleeping_wait_all:
  end: 1684867357.7669528
  start: 1684867121.862248
