event_sleeping_wait_all:
  end: 1684867672.7301824
  start: 1684867409.4318113
