event_sleeping_wait_all:
  end: 1684868527.7638717
  start: 1684868384.415913
