event_sleeping_wait_all:
  end: 1684869037.7462409
  start: 1684868791.8985143
