event_sleeping:
  end: 1684866772.7642424
  start: 1684866646.8720834
