event_sleeping_wait_all:
  end: 1684866875.2176282
  start: 1684866824.4745023
