event_sleeping_wait_all:
  end: 1684867180.2643118
  start: 1684866926.8475034
