event_sleeping_wait_all:
  end: 1684867960.2666383
  start: 1684867511.8636184
