event_sleeping_wait_all:
  end: 1684867460.1879802
  start: 1684867426.9400399
