event_sleeping:
  end: 1684866595.2300477
  start: 1684866502.6754062
