event_sleeping_wait_all:
  end: 1684868332.744051
  start: 1684868096.866623
