event_sleeping_wait_all:
  end: 1684867375.2640507
  start: 1684867231.9015694
