event_sleeping_wait_all:
  end: 1684868045.1999958
  start: 1684868011.9018037
