event_sleeping_wait_all:
  end: 1684868740.2440696
  start: 1684868579.4553409
