event_sleeping_wait_all:
  end: 1684868240.1961045
  start: 1684868114.339019
