event_sleeping:
  end: 1684866577.7359369
  start: 1684866502.677409
