event_sleeping_wait_all:
  end: 1684868527.7081244
  start: 1684868291.8442216
