event_sleeping_wait_all:
  end: 1684868062.6842153
  start: 1684867994.3911953
