event_sleeping_wait_all:
  end: 1684868917.7665913
  start: 1684868681.8336017
