event_sleeping_wait_all:
  end: 1684866790.2666924
  start: 1684866629.38404
