event_sleeping_wait_all:
  end: 1684867570.2382812
  start: 1684867231.8674273
