event_sleeping_wait_all:
  end: 1684867765.2441428
  start: 1684867621.9203336
