event_sleeping_wait_all:
  end: 1684868630.1880343
  start: 1684868579.404162
