event_sleeping_wait_all:
  end: 1684867180.2200766
  start: 1684866841.9508169
