event_sleeping_wait_all:
  end: 1684867942.7757173
  start: 1684867816.9157455
