event_sleeping:
  end: 1684868545.185034
  start: 1684868401.8615012
