event_sleeping:
  end: 1684866680.2142863
  start: 1684866646.871841
