event_sleeping:
  end: 1684868045.2003396
  start: 1684867511.8532279
