event_sleeping:
  end: 1684867265.1801176
  start: 1684866731.7998493
