event_sleeping:
  end: 1684867460.2639785
  start: 1684867316.7849548
