event_sleeping:
  end: 1684868647.717905
  start: 1684868596.7978635
