event_sleeping:
  end: 1684868350.2804554
  start: 1684868096.8071365
