event_sleeping:
  end: 1684866595.2629738
  start: 1684866502.678094
