event_sleeping_wait_all:
  end: 1684868842.743656
  start: 1684868699.3572454
