event_sleeping:
  end: 1684867125.1680708
  start: 1684866787.234701
