event_sleeping:
  end: 1684868685.2670348
  start: 1684868542.3632958
