event_sleeping:
  end: 1684868100.2520661
  start: 1684867957.2744875
