event_sleeping:
  end: 1684866540.2063768
  start: 1684866502.6718802
