event_sleeping:
  end: 1684867515.169432
  start: 1684867372.2773788
