event_sleeping:
  end: 1684868490.2278793
  start: 1684868347.2731786
