event_sleeping:
  end: 1684866735.2604783
  start: 1684866592.2412956
