event_sleeping_wait_all:
  end: 1684869075.218139
  start: 1684868932.2634096
