event_sleeping:
  end: 1684868295.2671368
  start: 1684868152.2432292
