event_sleeping:
  end: 1684867320.2387123
  start: 1684867177.1721869
