event_sleeping:
  end: 1684867710.2669978
  start: 1684867567.1567125
