event_sleeping_wait_all:
  end: 1684868880.266821
  start: 1684868737.2345998
