event_sleeping:
  end: 1684867905.266974
  start: 1684867762.2632282
