event_sleeping:
  end: 1685499392.1842914
  start: 1685499214.687746
