event_sleeping:
  end: 1685499392.1839705
  start: 1685499277.9732733
