event_sleeping:
  end: 1685499214.6869993
  start: 1685499214.686489
