event_sleeping:
  end: 1685499307.268001
  start: 1685499214.6887107
