event_sleeping:
  end: 1685499289.7359278
  start: 1685499214.688208
