event_sleeping:
  end: 1685499307.2757292
  start: 1685499214.6890097
