event_sleeping:
  end: 1685499447.2784235
  start: 1685499303.8805628
