event_sleeping:
  end: 1685499252.1882946
  start: 1685499214.683162
