event_sleeping:
  end: 1685753080.17936
  start: 1685752885.0886128
