event_sleeping:
  end: 1685752885.0883203
  start: 1685752885.0881083
