event_sleeping:
  end: 1685752995.1527722
  start: 1685752885.0879273
