event_sleeping:
  end: 1685752995.1520972
  start: 1685752885.0877297
