event_sleeping:
  end: 1685752995.152472
  start: 1685752885.0882742
