event_sleeping:
  end: 1685752940.0924978
  start: 1685752885.0848753
