event_sleeping:
  end: 1685753135.1780977
  start: 1685752992.081502
