event_sleeping_wait_all:
  end: 1684842858.8923419
  start: 1684842825.8147216
