event_sleeping:
  end: 1684841298.9645214
  start: 1684840908.8811512
