event_sleeping_wait_all:
  end: 1684843833.8934844
  start: 1684843800.8690743
