event_sleeping_wait_all:
  end: 1684842561.4600391
  start: 1684842418.3408194
