event_sleeping_wait_all:
  end: 1684843461.4114687
  start: 1684843393.3805714
