event_sleeping_wait_all:
  end: 1684841511.4560006
  start: 1684841350.8605294
