event_sleeping_wait_all:
  end: 1684841901.3801746
  start: 1684841758.3223608
