event_sleeping_wait_all:
  end: 1684842773.8841562
  start: 1684842613.381938
