event_sleeping_wait_all:
  end: 1684843748.9558485
  start: 1684843513.4130862
