event_sleeping_wait_all:
  end: 1684843341.460934
  start: 1684843198.3049338
