event_sleeping_wait_all:
  end: 1684844436.459913
  start: 1684843885.84669
