event_sleeping_wait_all:
  end: 1684842366.4281938
  start: 1684841953.3190901
