event_sleeping_wait_all:
  end: 1684841706.3961265
  start: 1684841563.3593707
