event_sleeping_wait_all:
  end: 1684843146.3639183
  start: 1684842910.8090425
