event_sleeping_wait_all:
  end: 1684842876.3802075
  start: 1684842808.1274712
