event_sleeping_wait_all:
  end: 1684843443.9559941
  start: 1684843300.6220858
