event_sleeping:
  end: 1684840908.868966
  start: 1684840908.8689282
