event_sleeping_wait_all:
  end: 1684841121.4600759
  start: 1684840960.4767118
