event_sleeping_wait_all:
  end: 1684841511.3722749
  start: 1684841460.6132553
