event_sleeping_wait_all:
  end: 1684843053.8760853
  start: 1684842928.030771
