event_sleeping_wait_all:
  end: 1684841883.9599073
  start: 1684841563.04522
