event_sleeping_wait_all:
  end: 1684844631.4602387
  start: 1684843690.5639858
