event_sleeping_wait_all:
  end: 1684842273.8932009
  start: 1684842240.5806358
