event_sleeping_wait_all:
  end: 1684843638.876135
  start: 1684843495.5665364
