event_sleeping_wait_all:
  end: 1684842756.437245
  start: 1684842630.5835567
