event_sleeping_wait_all:
  end: 1684843248.9602864
  start: 1684843105.5657513
