event_sleeping_wait_all:
  end: 1684842188.912011
  start: 1684841935.561369
