event_sleeping_wait_all:
  end: 1684841408.959928
  start: 1684841173.1073923
