event_sleeping_wait_all:
  end: 1684842578.9081376
  start: 1684842325.5552688
