event_sleeping_wait_all:
  end: 1684845291.4601314
  start: 1684845165.5990405
