event_sleeping_wait_all:
  end: 1684843833.8931892
  start: 1684843800.634202
