event_sleeping_wait_all:
  end: 1684844613.8640482
  start: 1684844275.5760422
