event_sleeping:
  end: 1684840908.867838
  start: 1684840908.8678145
