event_sleeping_wait_all:
  end: 1684842756.4368904
  start: 1684842538.051313
