event_sleeping_wait_all:
  end: 1684843461.410741
  start: 1684843410.6326246
