event_sleeping_wait_all:
  end: 1684843358.9603348
  start: 1684843198.03787
