event_sleeping_wait_all:
  end: 1684841901.4415424
  start: 1684841833.101077
