event_sleeping_wait_all:
  end: 1684845113.9598868
  start: 1684844665.533599
