event_sleeping_wait_all:
  end: 1684844223.9598246
  start: 1684843885.5593755
