event_sleeping_wait_all:
  end: 1684842486.3640707
  start: 1684842325.5570128
