event_sleeping_wait_all:
  end: 1684842273.9228978
  start: 1684841953.0603318
