event_sleeping_wait_all:
  end: 1684841586.4041328
  start: 1684840960.5146883
