event_sleeping_wait_all:
  end: 1684843748.960022
  start: 1684843513.0528834
