event_sleeping_wait_all:
  end: 1684842858.864037
  start: 1684842808.104587
