event_sleeping_wait_all:
  end: 1684841781.4245389
  start: 1684841638.0822732
