event_sleeping_wait_all:
  end: 1684843146.3641639
  start: 1684842910.511045
