event_sleeping_wait_all:
  end: 1684842366.4289012
  start: 1684842223.1567965
