event_sleeping_wait_all:
  end: 1684841688.8960373
  start: 1684841545.592919
