event_sleeping_wait_all:
  end: 1684843341.4602284
  start: 1684843123.0775762
