event_sleeping_wait_all:
  end: 1684841493.916092
  start: 1684841350.549793
