event_sleeping:
  end: 1684841001.4501455
  start: 1684840908.8722684
