event_sleeping_wait_all:
  end: 1684843071.3879735
  start: 1684843003.0436308
