event_sleeping_wait_all:
  end: 1684842171.460185
  start: 1684841935.6052694
