event_sleeping_wait_all:
  end: 1684841883.9603884
  start: 1684841740.5255787
