event_sleeping_wait_all:
  end: 1684843536.3802686
  start: 1684843393.1394024
