event_sleeping_wait_all:
  end: 1684842951.360086
  start: 1684842538.0658603
