event_sleeping_wait_all:
  end: 1684841298.9570923
  start: 1684841053.1161687
