event_sleeping_wait_all:
  end: 1684842486.363896
  start: 1684842418.1089115
