event_sleeping_wait_all:
  end: 1684841798.96021
  start: 1684841350.400123
