event_sleeping_wait_all:
  end: 1684841213.960153
  start: 1684840960.4812918
