event_sleeping_wait_all:
  end: 1684842188.960098
  start: 1684841952.9691112
