event_sleeping_wait_all:
  end: 1684841901.3807147
  start: 1684841850.532615
