event_sleeping:
  end: 1684840908.8766625
  start: 1684840908.8763924
