event_sleeping_wait_all:
  end: 1684843163.9337254
  start: 1684843020.5272148
