event_sleeping_wait_all:
  end: 1684842968.9399867
  start: 1684842715.4615064
