event_sleeping_wait_all:
  end: 1684841298.8606412
  start: 1684841265.5364354
