event_sleeping_wait_all:
  end: 1684843536.4560108
  start: 1684843215.5005984
