event_sleeping_wait_all:
  end: 1684842663.8680887
  start: 1684842435.5472958
