event_sleeping_wait_all:
  end: 1684842383.9601877
  start: 1684842240.5057373
