event_sleeping:
  end: 1684840963.8606274
  start: 1684840908.8653853
