event_sleeping:
  end: 1684843498.9081771
  start: 1684843356.0364437
