event_sleeping:
  end: 1684841548.9601672
  start: 1684841405.8573115
