event_sleeping_wait_all:
  end: 1684845253.9533598
  start: 1684845110.8721898
