event_sleeping:
  end: 1684842913.8808126
  start: 1684842770.9081993
