event_sleeping_wait_all:
  end: 1684845058.9080667
  start: 1684844720.9893372
