event_sleeping:
  end: 1684842328.9601874
  start: 1684842185.978396
