event_sleeping:
  end: 1684843303.9603767
  start: 1684843160.8202138
