event_sleeping:
  end: 1684841743.9440837
  start: 1684841600.9666808
