event_sleeping:
  end: 1684843108.8664308
  start: 1684842965.9092798
