event_sleeping:
  end: 1684842133.9599216
  start: 1684841990.8626015
