event_sleeping_wait_all:
  end: 1684843693.9602916
  start: 1684843550.8844671
