event_sleeping:
  end: 1684841353.9127164
  start: 1684841210.9297142
