event_sleeping:
  end: 1684842523.9603448
  start: 1684842381.031232
