event_sleeping_wait_all:
  end: 1684844668.96039
  start: 1684844525.9180474
