event_sleeping_wait_all:
  end: 1684844473.8961732
  start: 1684843745.9205177
