event_sleeping:
  end: 1684842718.9604242
  start: 1684842576.0439284
