event_sleeping:
  end: 1684841938.9079916
  start: 1684841795.9388022
