event_sleeping:
  end: 1684841158.908115
  start: 1684841019.6028244
