event_sleeping:
  end: 1685749427.553352
  start: 1685748824.9715464
