event_sleeping:
  end: 1685749037.4963276
  start: 1685748824.9673843
