event_sleeping:
  end: 1685748935.0559509
  start: 1685748824.9629576
