event_sleeping:
  end: 1685748917.5481427
  start: 1685748824.9647734
