event_sleeping:
  end: 1685748824.9657838
  start: 1685748824.9654646
