event_sleeping:
  end: 1685748879.9960256
  start: 1685748824.9634316
