event_sleeping:
  end: 1685749465.051987
  start: 1685749127.7433019
