event_sleeping:
  end: 1685749074.9779203
  start: 1685748936.3400106
