event_sleeping:
  end: 1684023325.1995358
  start: 1684023181.0006034
