event_sleeping:
  end: 1684022265.2036185
  start: 1684021621.014135
