event_sleeping:
  end: 1684020205.1073873
  start: 1684020170.9891524
