event_sleeping:
  end: 1684025097.613204
  start: 1684024833.529514
