event_sleeping:
  end: 1684025367.703598
  start: 1684025148.4589653
