event_sleeping:
  end: 1684018645.2033951
  start: 1684018500.929448
