event_sleeping:
  end: 1684023130.194851
  start: 1684022790.9165928
