event_sleeping:
  end: 1684019340.201961
  start: 1684018983.417771
