event_sleeping:
  end: 1684020120.199526
  start: 1684019865.9875271
