event_sleeping:
  end: 1684019730.1994967
  start: 1684019390.9951408
