event_sleeping:
  end: 1684022655.203511
  start: 1684022510.9268882
