event_sleeping:
  end: 1684022460.1035814
  start: 1684022316.0279536
