event_sleeping:
  end: 1684020900.1640296
  start: 1684020645.9242296
