event_sleeping:
  end: 1684024587.6586127
  start: 1684024350.9262254
