event_sleeping:
  end: 1684018365.1593792
  start: 1684018310.111665
