event_sleeping:
  end: 1684024300.1375432
  start: 1684024265.9967961
