event_sleeping:
  end: 1684022740.1374283
  start: 1684022705.9640815
