event_sleeping:
  end: 1684023520.1035972
  start: 1684023376.0107641
