event_sleeping:
  end: 1684021095.1737947
  start: 1684020950.962748
