event_sleeping:
  end: 1684018932.6236618
  start: 1684018695.9694226
