event_sleeping:
  end: 1684020595.1352985
  start: 1684020560.9679034
