event_sleeping:
  end: 1684020510.1995256
  start: 1684020255.903693
