event_sleeping:
  end: 1684021272.6037087
  start: 1684021145.9446888
