event_sleeping:
  end: 1684019815.1354518
  start: 1684019781.0118427
