event_sleeping:
  end: 1684024020.1666696
  start: 1684023570.8956542
