event_sleeping:
  end: 1684018450.1430702
  start: 1684018420.7544017
