event_sleeping:
  end: 1684024215.183911
  start: 1684024070.963513
