event_sleeping:
  end: 1684021570.1994035
  start: 1684021323.390027
