event_sleeping:
  end: 1684024782.6995058
  start: 1684024638.4468772
