event_sleeping:
  end: 1684021077.7042327
  start: 1684020858.5454478
