event_sleeping:
  end: 1684018645.1523907
  start: 1684018593.45243
