event_sleeping:
  end: 1684018950.2034452
  start: 1684018695.9676776
