event_sleeping:
  end: 1684024690.1160333
  start: 1684024655.9916275
