event_sleeping:
  end: 1684020807.7004561
  start: 1684020468.4426286
