event_sleeping:
  end: 1684020417.6070814
  start: 1684020153.5186408
