event_sleeping:
  end: 1684023325.151427
  start: 1684023273.478814
