event_sleeping:
  end: 1684023520.2034924
  start: 1684023375.9579673
