event_sleeping:
  end: 1684020102.6996582
  start: 1684019865.9747965
