event_sleeping:
  end: 1684022850.1995385
  start: 1684022595.9944258
