event_sleeping:
  end: 1684025172.6818497
  start: 1684025045.9182382
