event_sleeping:
  end: 1684019425.2034416
  start: 1684019280.9955778
