event_sleeping:
  end: 1684022155.1993504
  start: 1684022028.4971719
