event_sleeping:
  end: 1684024605.2035177
  start: 1684024156.0394382
