event_sleeping:
  end: 1684022545.199634
  start: 1684022205.9897208
