event_sleeping:
  end: 1684021392.703542
  start: 1684021128.466349
