event_sleeping:
  end: 1684023715.1993682
  start: 1684023571.0010784
