event_sleeping:
  end: 1684023910.2033827
  start: 1684023765.971952
