event_sleeping:
  end: 1684019035.135363
  start: 1684019001.02139
