event_sleeping:
  end: 1684019815.1994076
  start: 1684019670.9756596
