event_sleeping:
  end: 1684018365.1595945
  start: 1684018310.1140375
