event_sleeping:
  end: 1684024105.199539
  start: 1684023960.9766881
