event_sleeping:
  end: 1684019620.1674857
  start: 1684019475.9918106
