event_sleeping:
  end: 1684019230.2037387
  start: 1684019085.9169312
