event_sleeping:
  end: 1684024995.1131344
  start: 1684024740.960314
