event_sleeping:
  end: 1684018542.6568496
  start: 1684018425.2161343
