event_sleeping:
  end: 1684023222.6591153
  start: 1684022901.0380032
