event_sleeping:
  end: 1684021977.6995618
  start: 1684021443.5264614
