event_sleeping:
  end: 1684018347.6444106
  start: 1684018310.1125998
