event_sleeping:
  end: 1684020102.709507
  start: 1684019493.514219
