event_sleeping:
  end: 1684021077.7035182
  start: 1684020840.939216
