event_sleeping:
  end: 1684021375.1995356
  start: 1684021128.4794717
