event_sleeping:
  end: 1684020790.1994116
  start: 1684020645.9960973
