event_sleeping:
  end: 1684022350.2034526
  start: 1684022223.5423775
