event_sleeping:
  end: 1684019035.1352968
  start: 1684019001.021673
