event_sleeping:
  end: 1684018450.111476
  start: 1684018398.458373
