event_sleeping:
  end: 1684023825.1595955
  start: 1684023680.9625752
