event_sleeping:
  end: 1684025080.1950996
  start: 1684024740.9616344
