event_sleeping:
  end: 1684019442.7036119
  start: 1684019280.9957485
