event_sleeping:
  end: 1684022172.7036777
  start: 1684021908.4244797
