event_sleeping:
  end: 1684022935.1994333
  start: 1684022790.9640582
