event_sleeping:
  end: 1684020595.2073886
  start: 1684020450.992253
