event_sleeping:
  end: 1684022545.1250114
  start: 1684022400.9503021
