event_sleeping:
  end: 1684019230.2033877
  start: 1684019085.936518
