event_sleeping:
  end: 1684024215.1835978
  start: 1684024053.4482026
