event_sleeping:
  end: 1684025367.7038503
  start: 1684025131.027653
