event_sleeping:
  end: 1684023630.2034917
  start: 1684023180.9996047
