event_sleeping:
  end: 1684020400.1858032
  start: 1684020153.5078473
