event_sleeping:
  end: 1684022740.1997952
  start: 1684022595.8933353
