event_sleeping:
  end: 1684023130.1945217
  start: 1684022985.9844747
