event_sleeping:
  end: 1684018950.1995533
  start: 1684018500.9316385
