event_sleeping:
  end: 1684021857.6241593
  start: 1684021425.9849422
