event_sleeping:
  end: 1684024495.199357
  start: 1684024265.998342
