event_sleeping:
  end: 1684024690.203645
  start: 1684024546.009214
