event_sleeping:
  end: 1684024002.6696467
  start: 1684023875.9363463
