event_sleeping:
  end: 1684019340.1921856
  start: 1684018983.5005236
