event_sleeping:
  end: 1684019815.1352987
  start: 1684019780.9847326
