event_sleeping:
  end: 1684018560.2315125
  start: 1684018310.1464436
