event_sleeping:
  end: 1684019730.2034128
  start: 1684019586.027129
