event_sleeping:
  end: 1684024122.6077068
  start: 1684024070.9652805
