event_sleeping:
  end: 1684021875.1596208
  start: 1684021638.426881
