event_sleeping:
  end: 1684020790.135425
  start: 1684020756.0375404
