event_sleeping:
  end: 1684023325.2086143
  start: 1684023198.5194652
