event_sleeping:
  end: 1684020705.2035248
  start: 1684020468.444164
