event_sleeping:
  end: 1684023630.107527
  start: 1684023376.0060744
