event_sleeping:
  end: 1684018755.1675847
  start: 1684018611.0547752
