event_sleeping:
  end: 1684021485.1956244
  start: 1684021323.469549
