event_sleeping:
  end: 1684020315.2034826
  start: 1684020061.018002
