event_sleeping:
  end: 1684025292.7032187
  start: 1684024851.025791
