event_sleeping:
  end: 1684021272.7036443
  start: 1684021145.9416842
