event_sleeping:
  end: 1684024020.1669781
  start: 1684023765.934201
