event_sleeping:
  end: 1684020010.1993847
  start: 1684019865.9688742
