event_sleeping:
  end: 1684021095.1735106
  start: 1684020840.9351919
