event_sleeping:
  end: 1684020417.6064048
  start: 1684020365.994026
