event_sleeping:
  end: 1684023147.6996758
  start: 1684022705.9767451
