event_sleeping:
  end: 1684024800.1995158
  start: 1684024173.4463072
