event_sleeping:
  end: 1684018932.6998143
  start: 1684018805.9420054
