event_sleeping:
  end: 1684021587.6516871
  start: 1684021535.9941168
