event_sleeping:
  end: 1684023715.135317
  start: 1684023680.8989456
