event_sleeping:
  end: 1684019535.199537
  start: 1684019390.9869149
