event_sleeping:
  end: 1684022655.1995132
  start: 1684022010.9226575
