event_sleeping:
  end: 1684021960.135444
  start: 1684021925.9662833
