event_sleeping:
  end: 1684023045.1355708
  start: 1684022790.9582045
