event_sleeping:
  end: 1684018932.6994073
  start: 1684018805.941376
