event_sleeping:
  end: 1684023435.1835995
  start: 1684023095.874377
