event_sleeping:
  end: 1684019145.135632
  start: 1684018983.3843312
