event_sleeping:
  end: 1684021180.151489
  start: 1684021128.413401
