event_sleeping:
  end: 1684018365.190356
  start: 1684018310.139771
