event_sleeping:
  end: 1684022545.200248
  start: 1684022400.8416204
