event_sleeping:
  end: 1684020510.203319
  start: 1684019865.9573932
