event_sleeping:
  end: 1684022740.1993906
  start: 1684022595.8928125
