event_sleeping:
  end: 1684018542.7037752
  start: 1684018415.9141173
