event_sleeping:
  end: 1684021375.1993618
  start: 1684021230.8977876
