event_sleeping:
  end: 1684023807.6436296
  start: 1684023680.9048243
