event_sleeping:
  end: 1684019247.651639
  start: 1684019195.916217
