event_sleeping:
  end: 1684025190.1994038
  start: 1684024563.4028692
