event_sleeping:
  end: 1684021077.6676595
  start: 1684020560.956648
