event_sleeping:
  end: 1684023630.2040172
  start: 1684023485.9225423
