event_sleeping:
  end: 1684018755.1994479
  start: 1684018593.397278
