event_sleeping:
  end: 1684022247.6935472
  start: 1684022103.422009
