event_sleeping:
  end: 1684022350.1513689
  start: 1684022298.4294655
