event_sleeping:
  end: 1684024197.6916153
  start: 1684024053.4176538
