event_sleeping:
  end: 1684021765.193502
  start: 1684021425.9484398
