event_sleeping:
  end: 1684019815.135409
  start: 1684019780.917836
