event_sleeping:
  end: 1684019730.19936
  start: 1684019298.3735287
