event_sleeping:
  end: 1684024002.7048817
  start: 1684023858.388696
