event_sleeping:
  end: 1684024512.7037601
  start: 1684024350.8757734
