event_sleeping:
  end: 1684024300.1699321
  start: 1684024248.4253154
