event_sleeping:
  end: 1684022052.7035313
  start: 1684021815.9283607
