event_sleeping:
  end: 1684022015.1940005
  start: 1684021871.2854736
