event_sleeping:
  end: 1684021040.1682856
  start: 1684020896.2668715
