event_sleeping:
  end: 1684020845.199391
  start: 1684020701.3396049
