event_sleeping:
  end: 1684018700.1755826
  start: 1684018556.3006697
