event_sleeping:
  end: 1684022210.127586
  start: 1684022066.3262439
