event_sleeping:
  end: 1684020455.192076
  start: 1684020116.3015819
