event_sleeping:
  end: 1684021625.183594
  start: 1684021481.3239744
