event_sleeping:
  end: 1684023380.199517
  start: 1684023236.3026536
