event_sleeping:
  end: 1684021430.211363
  start: 1684021286.326122
