event_sleeping:
  end: 1684024550.1679773
  start: 1684024211.2088544
