event_sleeping:
  end: 1684023965.2034025
  start: 1684023821.3051693
