event_sleeping:
  end: 1684018895.168284
  start: 1684018751.2797678
