event_sleeping:
  end: 1684024160.1275613
  start: 1684024016.3059068
