event_sleeping:
  end: 1684022600.1994386
  start: 1684022261.2460682
