event_sleeping:
  end: 1684018505.2035291
  start: 1684018360.9478617
