event_sleeping:
  end: 1684020650.2036667
  start: 1684020506.2816675
