event_sleeping:
  end: 1684023770.203527
  start: 1684023431.3050604
