event_sleeping:
  end: 1684023185.1995573
  start: 1684022651.352826
