event_sleeping:
  end: 1684025135.1895514
  start: 1684024796.2807794
