event_sleeping:
  end: 1684024745.1995122
  start: 1684024601.2725763
