event_sleeping:
  end: 1684021820.1684473
  start: 1684021676.273984
