event_sleeping:
  end: 1684018310.106701
  start: 1684018310.1065037
