event_sleeping:
  end: 1684019285.1954195
  start: 1684018946.2810788
