event_sleeping:
  end: 1684021235.203524
  start: 1684021091.3226538
