event_sleeping:
  end: 1684019480.200815
  start: 1684019336.3034687
