event_sleeping:
  end: 1684020065.1995533
  start: 1684019531.292514
