event_sleeping_wait_all:
  end: 1685680410.2760816
  start: 1685680267.220926
