event_sleeping:
  end: 1685678580.2305746
  start: 1685677977.7238882
