event_sleeping_wait_all:
  end: 1685680215.277043
  start: 1685679894.67721
