event_sleeping_wait_all:
  end: 1685681505.2761958
  start: 1685681149.7145662
