event_sleeping_wait_all:
  end: 1685679435.1967742
  start: 1685679199.7244132
