event_sleeping_wait_all:
  end: 1685679630.204926
  start: 1685679487.1615403
