event_sleeping_wait_all:
  end: 1685679147.7760546
  start: 1685679022.1662142
