event_sleeping_wait_all:
  end: 1685678775.2799425
  start: 1685678632.1716752
