event_sleeping_wait_all:
  end: 1685680530.247913
  start: 1685680462.2375376
