event_sleeping_wait_all:
  end: 1685681097.7600765
  start: 1685680954.6993313
