event_sleeping_wait_all:
  end: 1685678970.2505288
  start: 1685678827.2621834
