event_sleeping_wait_all:
  end: 1685680902.775864
  start: 1685680759.7065668
