event_sleeping_wait_all:
  end: 1685679842.7798276
  start: 1685679682.1554909
