event_sleeping_wait_all:
  end: 1685680707.780224
  start: 1685680582.263462
