event_sleeping_wait_all:
  end: 1685679452.7758746
  start: 1685678809.3966656
