event_sleeping_wait_all:
  end: 1685681487.713032
  start: 1685681454.3935704
