event_sleeping_wait_all:
  end: 1685681402.7768233
  start: 1685681259.421715
