event_sleeping_wait_all:
  end: 1685679825.2801657
  start: 1685679504.4052906
