event_sleeping_wait_all:
  end: 1685680317.7357795
  start: 1685680174.4339125
