event_sleeping_wait_all:
  end: 1685678477.7200775
  start: 1685678241.9288757
