event_sleeping_wait_all:
  end: 1685680817.7759373
  start: 1685680564.350963
