event_sleeping_wait_all:
  end: 1685680512.692097
  start: 1685680369.3879414
