event_sleeping_wait_all:
  end: 1685678757.7369914
  start: 1685678631.9323955
