event_sleeping_wait_all:
  end: 1685680122.779709
  start: 1685679996.9503734
