event_sleeping_wait_all:
  end: 1685680902.712903
  start: 1685680869.4172814
