event_sleeping_wait_all:
  end: 1685681207.7702792
  start: 1685680954.359236
