event_sleeping_wait_all:
  end: 1685678580.2302754
  start: 1685678529.3979728
