event_sleeping_wait_all:
  end: 1685679945.244095
  start: 1685679876.942026
