event_sleeping:
  end: 1685678190.2168617
  start: 1685677977.6957803
