event_sleeping_wait_all:
  end: 1685681700.279683
  start: 1685681539.4388776
