event_sleeping_wait_all:
  end: 1685679452.7807913
  start: 1685679021.8712995
