event_sleeping_wait_all:
  end: 1685682360.2799468
  start: 1685682234.398335
