event_sleeping_wait_all:
  end: 1685681012.6840582
  start: 1685680759.4048247
