event_sleeping_wait_all:
  end: 1685681402.7359076
  start: 1685681259.4172142
