event_sleeping_wait_all:
  end: 1685678970.212078
  start: 1685678901.9250927
