event_sleeping_wait_all:
  end: 1685679927.7102163
  start: 1685679876.9422507
