event_sleeping_wait_all:
  end: 1685680427.7794964
  start: 1685680266.954887
