event_sleeping_wait_all:
  end: 1685678655.2320466
  start: 1685678334.3692534
