event_sleeping_wait_all:
  end: 1685680215.275844
  start: 1685679979.3726244
