event_sleeping_wait_all:
  end: 1685679825.279483
  start: 1685679606.8294756
