event_sleeping_wait_all:
  end: 1685682182.735672
  start: 1685681454.3851686
