event_sleeping_wait_all:
  end: 1685679555.2305305
  start: 1685679504.439544
