event_sleeping_wait_all:
  end: 1685680707.7400959
  start: 1685680581.8512046
