event_sleeping_wait_all:
  end: 1685678282.75194
  start: 1685678139.4585762
