event_sleeping_wait_all:
  end: 1685678850.2759683
  start: 1685678706.8471966
