event_sleeping_wait_all:
  end: 1685681207.781075
  start: 1685681064.3666186
