event_sleeping:
  end: 1685678087.7830155
  start: 1685677977.6912396
