event_sleeping_wait_all:
  end: 1685680530.2147276
  start: 1685680479.4223442
