event_sleeping_wait_all:
  end: 1685680410.1921382
  start: 1685680191.8547955
