event_sleeping_wait_all:
  end: 1685680605.27606
  start: 1685680461.8805027
