event_sleeping_wait_all:
  end: 1685680140.2201698
  start: 1685680071.9708974
