event_sleeping_wait_all:
  end: 1685679555.249374
  start: 1685679486.8843648
