event_sleeping_wait_all:
  end: 1685678867.7041786
  start: 1685678419.382262
