event_sleeping_wait_all:
  end: 1685678282.7834404
  start: 1685678121.9830887
