event_sleeping_wait_all:
  end: 1685680020.2793746
  start: 1685679606.8826516
