event_sleeping_wait_all:
  end: 1685678367.696838
  start: 1685678334.385033
