event_sleeping_wait_all:
  end: 1685679240.2201266
  start: 1685678919.3329134
