event_sleeping:
  end: 1685678070.2743106
  start: 1685677977.6885934
