event_sleeping_wait_all:
  end: 1685679435.196153
  start: 1685679291.8541622
