event_sleeping_wait_all:
  end: 1685680605.23184
  start: 1685680284.3509898
