event_sleeping_wait_all:
  end: 1685679147.7040231
  start: 1685679021.8716052
