event_sleeping_wait_all:
  end: 1685679537.7123642
  start: 1685679504.2892025
