event_sleeping_wait_all:
  end: 1685678970.249379
  start: 1685678809.3547335
