event_sleeping_wait_all:
  end: 1685678757.76841
  start: 1685678029.2842047
