event_sleeping:
  end: 1685677977.6873586
  start: 1685677977.687319
