event_sleeping_wait_all:
  end: 1685679452.735911
  start: 1685679199.3085241
