event_sleeping_wait_all:
  end: 1685680232.7796504
  start: 1685679979.3769517
