event_sleeping_wait_all:
  end: 1685679927.775925
  start: 1685679589.3116045
