event_sleeping:
  end: 1685678032.684046
  start: 1685677977.6890867
