event_sleeping:
  end: 1685678227.779121
  start: 1685678088.4415889
