event_sleeping:
  end: 1685679007.6881142
  start: 1685678864.7932312
