event_sleeping_wait_all:
  end: 1685682127.735816
  start: 1685681789.8403654
