event_sleeping:
  end: 1685679982.7760742
  start: 1685679839.8336716
