event_sleeping:
  end: 1685679397.7358587
  start: 1685679254.816666
