event_sleeping:
  end: 1685680177.7421408
  start: 1685680034.832897
