event_sleeping:
  end: 1685678812.7799394
  start: 1685678669.8021796
