event_sleeping:
  end: 1685679202.740051
  start: 1685679059.7188942
