event_sleeping:
  end: 1685679787.749607
  start: 1685679644.7834697
