event_sleeping_wait_all:
  end: 1685681737.7762144
  start: 1685681594.7838736
