event_sleeping_wait_all:
  end: 1685680957.778468
  start: 1685680619.858224
