event_sleeping:
  end: 1685680372.7799015
  start: 1685680229.793327
