event_sleeping_wait_all:
  end: 1685682322.7759943
  start: 1685682179.786059
