event_sleeping:
  end: 1685678617.7691524
  start: 1685678279.7544315
