event_sleeping:
  end: 1685679592.779871
  start: 1685679449.8152244
