event_sleeping:
  end: 1685680567.7795625
  start: 1685680424.896922
