event_sleeping_wait_all:
  end: 1685681542.7798464
  start: 1685681009.7873673
