event_sleeping:
  end: 1685750107.3640327
  start: 1685749504.8401759
