event_sleeping:
  end: 1685749717.4278584
  start: 1685749504.8398185
