event_sleeping:
  end: 1685749614.930919
  start: 1685749504.8385086
