event_sleeping:
  end: 1685750284.901606
  start: 1685749556.3947756
