event_sleeping:
  end: 1685749504.8399332
  start: 1685749504.8393917
