event_sleeping:
  end: 1685750339.929094
  start: 1685750196.9514563
