event_sleeping:
  end: 1685749559.8855329
  start: 1685749504.8342066
