event_sleeping:
  end: 1685750144.92417
  start: 1685749806.8449986
