event_sleeping:
  end: 1685749754.844158
  start: 1685749611.57117
