event_sleeping_wait_all:
  end: 1683131497.5280192
  start: 1683131244.137348
