event_sleeping_wait_all:
  end: 1683132667.5275006
  start: 1683132518.1913161
