event_sleeping_wait_all:
  end: 1683130412.4594345
  start: 1683130379.1408951
