event_sleeping_wait_all:
  end: 1683131582.4593718
  start: 1683131549.1768372
