event_sleeping_wait_all:
  end: 1683134702.4627411
  start: 1683134669.2010212
