event_sleeping_wait_all:
  end: 1683133922.4594004
  start: 1683133889.2283342
