event_sleeping_wait_all:
  end: 1683135007.5300982
  start: 1683134754.0802495
