event_sleeping_wait_all:
  end: 1683135781.4932373
  start: 1683135534.126553
