event_sleeping_wait_all:
  end: 1683132947.5301216
  start: 1683132719.1481102
