event_sleeping_wait_all:
  end: 1683135482.5116534
  start: 1683135059.1537223
