event_sleeping_wait_all:
  end: 1683132082.447563
  start: 1683131634.0992002
