event_sleeping_wait_all:
  end: 1683130327.5082216
  start: 1683130178.4739366
