event_sleeping:
  end: 1683130126.5235097
  start: 1683129794.0925136
