event_sleeping_wait_all:
  end: 1683132466.5300233
  start: 1683132134.114475
