event_sleeping_wait_all:
  end: 1683130912.5118365
  start: 1683130659.246977
