event_sleeping_wait_all:
  end: 1683130607.5278864
  start: 1683130464.1322808
