event_sleeping:
  end: 1683129742.4595807
  start: 1683129632.4342403
