event_sleeping_wait_all:
  end: 1683131192.5275307
  start: 1683130964.1291726
