event_sleeping_wait_all:
  end: 1683133142.5295496
  start: 1683132999.17444
