event_sleeping_wait_all:
  end: 1683133837.527421
  start: 1683133499.0673614
