event_sleeping_wait_all:
  end: 1683134422.530058
  start: 1683134279.2039475
