event_sleeping_wait_all:
  end: 1683134617.5273952
  start: 1683134474.20682
