event_sleeping_wait_all:
  end: 1683134227.5297701
  start: 1683133974.0810707
