event_sleeping_wait_all:
  end: 1683133447.4396186
  start: 1683133194.1597824
