event_sleeping_wait_all:
  end: 1683131588.4691584
  start: 1683131549.1864774
