event_sleeping:
  end: 1683129736.495721
  start: 1683129632.4347365
