event_sleeping_wait_all:
  end: 1683130327.5421622
  start: 1683130184.2304711
