event_sleeping_wait_all:
  end: 1683130607.527485
  start: 1683130379.3375208
