event_sleeping_wait_all:
  end: 1683132271.5406785
  start: 1683132030.2236903
