event_sleeping_wait_all:
  end: 1683132563.4539309
  start: 1683132524.148167
