event_sleeping_wait_all:
  end: 1683131978.5275438
  start: 1683131640.0819798
