event_sleeping_wait_all:
  end: 1683131497.5275855
  start: 1683131348.2778945
