event_sleeping_wait_all:
  end: 1683130132.5275624
  start: 1683129788.2105892
