event_sleeping_wait_all:
  end: 1683131296.5301743
  start: 1683130964.3291268
