event_sleeping_wait_all:
  end: 1683130912.5115438
  start: 1683130659.2436993
