event_sleeping_wait_all:
  end: 1683132472.5283933
  start: 1683132323.2723515
