event_sleeping_wait_all:
  end: 1683131497.5297441
  start: 1683131348.4779775
