event_sleeping:
  end: 1683130217.5274196
  start: 1683130074.4732754
