event_sleeping_wait_all:
  end: 1683132472.5276918
  start: 1683132323.507429
