event_sleeping_wait_all:
  end: 1683133051.5297413
  start: 1683132914.4382226
