event_sleeping_wait_all:
  end: 1683132862.5156095
  start: 1683132609.4614692
