event_sleeping:
  end: 1683130912.512113
  start: 1683130666.6723263
