event_sleeping:
  end: 1683129632.436584
  start: 1683129632.4365308
