event_sleeping_wait_all:
  end: 1683132557.4627872
  start: 1683132524.442237
