event_sleeping_wait_all:
  end: 1683132271.540053
  start: 1683132134.3982852
