event_sleeping:
  end: 1683130022.5300853
  start: 1683129879.4674652
