event_sleeping_wait_all:
  end: 1683130997.45942
  start: 1683130964.508786
