event_sleeping:
  end: 1683129827.5298142
  start: 1683129684.0519195
