event_sleeping_wait_all:
  end: 1683132082.481156
  start: 1683131549.4677076
