event_sleeping_wait_all:
  end: 1683131296.527653
  start: 1683131049.391032
