event_sleeping:
  end: 1683130522.5274882
  start: 1683130269.4293675
