event_sleeping:
  end: 1683130613.469049
  start: 1683130574.4333084
