event_sleeping_wait_all:
  end: 1683131302.5299554
  start: 1683131159.1701612
