event_sleeping:
  end: 1683129937.5314772
  start: 1683129632.4400227
