event_sleeping_wait_all:
  end: 1683131588.52737
  start: 1683131354.2014732
