event_sleeping_wait_all:
  end: 1683132557.4691966
  start: 1683132518.1892905
