event_sleeping_wait_all:
  end: 1683131107.527392
  start: 1683130854.1525838
