event_sleeping_wait_all:
  end: 1683130802.4475758
  start: 1683130574.1335328
