event_sleeping_wait_all:
  end: 1683132167.4395137
  start: 1683132134.0924034
