event_sleeping_wait_all:
  end: 1683132082.4800582
  start: 1683131640.249306
