event_sleeping_wait_all:
  end: 1683132758.4961567
  start: 1683132609.1973143
