event_sleeping_wait_all:
  end: 1683132466.530736
  start: 1683132219.0915725
