event_sleeping:
  end: 1683130126.5284092
  start: 1683129989.1443594
