event_sleeping_wait_all:
  end: 1683130522.5357509
  start: 1683130178.124231
