event_sleeping_wait_all:
  end: 1683132271.5037537
  start: 1683131939.1077926
