event_sleeping_wait_all:
  end: 1683130802.4593365
  start: 1683130769.1619756
