event_sleeping_wait_all:
  end: 1683132752.5275931
  start: 1683132609.1955378
