event_sleeping_wait_all:
  end: 1683130418.4489129
  start: 1683130269.11791
