event_sleeping_wait_all:
  end: 1683131887.439582
  start: 1683131159.1792948
