event_sleeping:
  end: 1683129736.5357165
  start: 1683129632.469921
