event_sleeping_wait_all:
  end: 1683130126.5287237
  start: 1683129788.2202365
