event_sleeping_wait_all:
  end: 1683130717.527494
  start: 1683130470.1325343
