event_sleeping_wait_all:
  end: 1683132947.530597
  start: 1683132804.2397082
