event_sleeping_wait_all:
  end: 1683130217.4675417
  start: 1683130178.29182
