event_sleeping_wait_all:
  end: 1683132362.467391
  start: 1683132323.2737205
