event_sleeping_wait_all:
  end: 1683131107.5276964
  start: 1683130854.163288
