event_sleeping_wait_all:
  end: 1683132557.5361092
  start: 1683132414.1573172
