event_sleeping_wait_all:
  end: 1683133246.4743242
  start: 1683132999.173221
