event_sleeping:
  end: 1683132222.511657
  start: 1683132079.15942
