event_sleeping_wait_all:
  end: 1683133002.5299265
  start: 1683132859.1006386
