event_sleeping:
  end: 1683132612.5297742
  start: 1683132478.902855
