event_sleeping:
  end: 1683129687.4860864
  start: 1683129632.4340475
