event_sleeping:
  end: 1683130662.4522142
  start: 1683130519.0334766
