event_sleeping_wait_all:
  end: 1683134952.5172896
  start: 1683134419.1303303
