event_sleeping_wait_all:
  end: 1683135342.4794385
  start: 1683135199.124464
