event_sleeping:
  end: 1683131637.5276089
  start: 1683131299.073303
