event_sleeping_wait_all:
  end: 1683133197.5300272
  start: 1683133054.112009
