event_sleeping:
  end: 1683130467.4733543
  start: 1683130129.110678
