event_sleeping_wait_all:
  end: 1683133392.479481
  start: 1683133249.0883403
