event_sleeping_wait_all:
  end: 1683133977.5275702
  start: 1683133444.080242
