event_sleeping_wait_all:
  end: 1683134367.5037193
  start: 1683134029.118109
