event_sleeping:
  end: 1683132027.5301518
  start: 1683131689.0908346
