event_sleeping_wait_all:
  end: 1683132807.4821296
  start: 1683132664.1195443
