event_sleeping_wait_all:
  end: 1683135537.5274007
  start: 1683135394.0868087
