event_sleeping:
  end: 1683131247.4491513
  start: 1683130714.0532227
