event_sleeping:
  end: 1683132417.4979107
  start: 1683132274.256254
