event_sleeping_wait_all:
  end: 1683135732.5299876
  start: 1683135589.0925243
