event_sleeping_wait_all:
  end: 1683135147.530206
  start: 1683135004.127083
