event_sleeping:
  end: 1683130077.5300405
  start: 1683129934.1618176
