event_sleeping:
  end: 1683129882.5275607
  start: 1683129739.0639246
