event_sleeping:
  end: 1685502153.76639
  start: 1685501958.6688328
