event_sleeping:
  end: 1685501958.6728919
  start: 1685501958.672809
