event_sleeping:
  end: 1685502153.755984
  start: 1685502010.3474214
