event_sleeping:
  end: 1685502068.7514384
  start: 1685501958.6731088
