event_sleeping:
  end: 1685502068.7650166
  start: 1685501958.6737883
