event_sleeping:
  end: 1685502068.7648535
  start: 1685501958.6741865
