event_sleeping:
  end: 1685502013.7198648
  start: 1685501958.6702921
