event_sleeping:
  end: 1685502208.7645655
  start: 1685502065.4091287
