event_sleeping_wait_all:
  end: 1685668218.7212908
  start: 1685668185.699399
