event_sleeping_wait_all:
  end: 1685669091.2041407
  start: 1685668660.695036
