event_sleeping:
  end: 1685668133.726812
  start: 1685667904.195048
