event_sleeping:
  end: 1685667846.2855437
  start: 1685667651.2013679
