event_sleeping_wait_all:
  end: 1685668608.7359028
  start: 1685668465.7300687
