event_sleeping_wait_all:
  end: 1685668413.7881513
  start: 1685668270.6599636
