event_sleeping_wait_all:
  end: 1685669286.2531698
  start: 1685669143.145586
