event_sleeping_wait_all:
  end: 1685668523.7399688
  start: 1685668270.41712
