event_sleeping:
  end: 1685667828.7789688
  start: 1685667714.2373095
