event_sleeping_wait_all:
  end: 1685668803.787962
  start: 1685668575.371923
