event_sleeping:
  end: 1685667651.198965
  start: 1685667651.1986825
