event_sleeping_wait_all:
  end: 1685669211.2880418
  start: 1685668855.407789
