event_sleeping_wait_all:
  end: 1685668218.7880294
  start: 1685667880.4836538
