event_sleeping:
  end: 1685668311.2852821
  start: 1685668075.4273822
