event_sleeping_wait_all:
  end: 1685668608.7362592
  start: 1685668557.8698902
