event_sleeping:
  end: 1685667938.7509341
  start: 1685667795.4588664
