event_sleeping:
  end: 1685667743.7833524
  start: 1685667651.1994884
