event_sleeping_wait_all:
  end: 1685668506.2360868
  start: 1685668362.9520292
