event_sleeping_wait_all:
  end: 1685669211.2241843
  start: 1685669160.3755848
