event_sleeping_wait_all:
  end: 1685669108.721305
  start: 1685668660.4624987
