event_sleeping:
  end: 1685668023.7216172
  start: 1685667990.3919637
