event_sleeping_wait_all:
  end: 1685668913.7400284
  start: 1685668770.401977
