event_sleeping:
  end: 1685667743.7836769
  start: 1685667651.1998723
