event_sleeping_wait_all:
  end: 1685668328.7881715
  start: 1685667972.9576364
