event_sleeping_wait_all:
  end: 1685668718.7359498
  start: 1685668380.4320142
