event_sleeping_wait_all:
  end: 1685669091.2881274
  start: 1685668965.373311
