event_sleeping:
  end: 1685667921.2626784
  start: 1685667795.448455
