event_sleeping_wait_all:
  end: 1685669193.7040906
  start: 1685669142.969909
