event_sleeping_wait_all:
  end: 1685669406.2459714
  start: 1685669245.380324
