event_sleeping:
  end: 1685667846.1974425
  start: 1685667795.3544168
