event_sleeping_wait_all:
  end: 1685668626.260228
  start: 1685668482.8424125
