event_sleeping_wait_all:
  end: 1685668431.2170732
  start: 1685667897.827523
