event_sleeping_wait_all:
  end: 1685669481.2880826
  start: 1685669245.3976393
