event_sleeping:
  end: 1685667743.7830718
  start: 1685667651.2007258
