event_sleeping_wait_all:
  end: 1685669193.7881556
  start: 1685668677.905561
