event_sleeping:
  end: 1685669248.7600515
  start: 1685669105.8154874
