event_sleeping_wait_all:
  end: 1685669443.7359874
  start: 1685669300.7866166
