event_sleeping:
  end: 1685668663.78811
  start: 1685668520.7301908
