event_sleeping:
  end: 1685669053.7880437
  start: 1685668910.7648647
