event_sleeping:
  end: 1685668468.7358217
  start: 1685668325.7729824
