event_sleeping:
  end: 1685668858.7159357
  start: 1685668715.820146
