event_sleeping:
  end: 1685667688.7241921
  start: 1685667651.195832
