event_sleeping:
  end: 1685668273.735677
  start: 1685667935.7659256
