event_sleeping:
  end: 1685667883.740075
  start: 1685667740.740707
