event_sleeping:
  end: 1685755875.7404315
  start: 1685755680.6555595
