event_sleeping:
  end: 1685755893.2240949
  start: 1685755732.2896178
