event_sleeping:
  end: 1685755680.6476896
  start: 1685755680.6476142
