event_sleeping:
  end: 1685755790.6915529
  start: 1685755680.653931
