event_sleeping:
  end: 1685755773.1801844
  start: 1685755680.6503117
