event_sleeping:
  end: 1685755790.744089
  start: 1685755680.6550925
