event_sleeping:
  end: 1685755930.739878
  start: 1685755787.3942223
