event_sleeping:
  end: 1685755735.6953704
  start: 1685755680.6431317
