event_sleeping:
  end: 1685739728.2591121
  start: 1685739533.1700225
