event_sleeping:
  end: 1685739745.7599363
  start: 1685739584.8410985
