event_sleeping:
  end: 1685739533.1719778
  start: 1685739533.1719353
