event_sleeping:
  end: 1685739643.263622
  start: 1685739533.1724946
