event_sleeping:
  end: 1685739625.6799614
  start: 1685739533.1732814
