event_sleeping:
  end: 1685739643.2630959
  start: 1685739533.1729147
