event_sleeping:
  end: 1685739783.250424
  start: 1685739639.8666575
