event_sleeping:
  end: 1685739588.2160459
  start: 1685739533.1682963
