event_sleeping:
  end: 1685044043.3760276
  start: 1685043629.440891
