event_sleeping:
  end: 1685044535.8110323
  start: 1685044501.8469114
