event_sleeping:
  end: 1685045510.8111627
  start: 1685045476.9531527
