event_sleeping:
  end: 1685044823.2920594
  start: 1685044586.874841
