event_sleeping:
  end: 1685043188.297408
  start: 1685043026.9433498
