event_sleeping:
  end: 1685046113.3377204
  start: 1685045561.8973083
