event_sleeping:
  end: 1685043578.3777883
  start: 1685043434.4733515
