event_sleeping:
  end: 1685042975.8760102
  start: 1685042585.8387995
