event_sleeping:
  end: 1685044238.3773499
  start: 1685044094.418351
