event_sleeping:
  end: 1685046400.8773322
  start: 1685046164.440384
