event_sleeping:
  end: 1685044450.8055282
  start: 1685044289.4682016
