event_sleeping:
  end: 1685043383.3775256
  start: 1685043239.3503253
