event_sleeping:
  end: 1685045018.2800717
  start: 1685044874.3355086
