event_sleeping:
  end: 1685045425.877328
  start: 1685045189.3909242
