event_sleeping:
  end: 1685045138.3288822
  start: 1685045069.3275945
