event_sleeping:
  end: 1685044553.3465333
  start: 1685044484.1443126
