event_sleeping:
  end: 1685043085.8775368
  start: 1685042849.2073784
