event_sleeping:
  end: 1685043188.3307319
  start: 1685043136.6618977
