event_sleeping:
  end: 1685043950.8114245
  start: 1685043916.638723
