event_sleeping:
  end: 1685046308.3417747
  start: 1685045366.6429899
