event_sleeping:
  end: 1685042585.7909176
  start: 1685042585.7908907
