event_sleeping:
  end: 1685045120.8600776
  start: 1685044976.6839924
