event_sleeping:
  end: 1685045315.8758402
  start: 1685045171.6573875
