event_sleeping:
  end: 1685043560.8759143
  start: 1685043239.1290927
