event_sleeping:
  end: 1685044433.3159683
  start: 1685044306.677996
