event_sleeping:
  end: 1685044730.7801673
  start: 1685044604.1951969
