event_sleeping:
  end: 1685046485.8520143
  start: 1685046359.1518955
