event_sleeping:
  end: 1685042798.3773842
  start: 1685042636.5437455
