event_sleeping:
  end: 1685043865.8760877
  start: 1685043611.6794388
