event_sleeping:
  end: 1685044255.876045
  start: 1685044001.6993992
