event_sleeping:
  end: 1685044925.876017
  start: 1685044781.5864758
