event_sleeping:
  end: 1685044163.3785524
  start: 1685044001.7005708
