event_sleeping:
  end: 1685045425.8760502
  start: 1685045189.1650963
