event_sleeping:
  end: 1685045138.3293371
  start: 1685045086.6261806
