event_sleeping:
  end: 1685045900.8698964
  start: 1685045561.627974
