event_sleeping:
  end: 1685046290.8697333
  start: 1685045951.6692264
