event_sleeping:
  end: 1685043458.3774054
  start: 1685043314.1539307
