event_sleeping:
  end: 1685045510.8112535
  start: 1685045476.6766453
