event_sleeping:
  end: 1685044433.3151333
  start: 1685044214.1483572
