event_sleeping:
  end: 1685045035.8680236
  start: 1685044874.084971
