event_sleeping:
  end: 1685044535.8111684
  start: 1685044484.1225064
