event_sleeping:
  end: 1685044823.2923691
  start: 1685044586.6595168
