event_sleeping:
  end: 1685043950.9001164
  start: 1685043629.1220863
