event_sleeping:
  end: 1685042585.7848797
  start: 1685042585.7840416
