event_sleeping:
  end: 1685043263.3772342
  start: 1685042636.5338173
