event_sleeping:
  end: 1685043578.3475509
  start: 1685043509.216485
