event_sleeping:
  end: 1685046790.8519864
  start: 1685046341.6590004
