event_sleeping:
  end: 1685045705.877071
  start: 1685045264.0966763
