event_sleeping:
  end: 1685044628.3164513
  start: 1685044214.1369147
