event_sleeping:
  end: 1685043365.8698764
  start: 1685043221.7173576
