event_sleeping:
  end: 1685046790.8867698
  start: 1685046341.6445332
