event_sleeping:
  end: 1685043560.8701897
  start: 1685043416.6389089
