event_sleeping:
  end: 1685045213.3080876
  start: 1685045069.1544924
