event_sleeping:
  end: 1685043170.8760798
  start: 1685043026.7227044
