event_sleeping:
  end: 1685043848.3773203
  start: 1685043611.6420135
