event_sleeping:
  end: 1685046205.8775208
  start: 1685045756.7186172
