event_sleeping:
  end: 1685044043.3204024
  start: 1685043899.1668618
