event_sleeping:
  end: 1685045018.3679976
  start: 1685044799.1341963
