event_sleeping:
  end: 1685044163.3467708
  start: 1685044094.124842
