event_sleeping:
  end: 1685042678.3322387
  start: 1685042585.7921216
