event_sleeping:
  end: 1685042975.8766575
  start: 1685042729.1193275
