event_sleeping:
  end: 1685046290.8115768
  start: 1685046256.6868684
