event_sleeping:
  end: 1685044748.2888439
  start: 1685044679.1132066
