event_sleeping:
  end: 1685042890.877592
  start: 1685042636.5102682
