event_sleeping:
  end: 1685046308.342388
  start: 1685046146.5565956
