event_sleeping:
  end: 1685046095.8119133
  start: 1685046061.612221
