event_sleeping:
  end: 1685043578.3278522
  start: 1685043526.5918784
