event_sleeping:
  end: 1685045510.8114638
  start: 1685045366.5683367
