event_sleeping:
  end: 1685045815.7799993
  start: 1685045561.595249
