event_sleeping:
  end: 1685042585.7846131
  start: 1685042585.7843158
