event_sleeping:
  end: 1685045213.3758438
  start: 1685044891.5501544
