event_sleeping:
  end: 1685044645.8777735
  start: 1685044391.5517173
