event_sleeping:
  end: 1685043865.8010247
  start: 1685043629.0363402
