event_sleeping:
  end: 1685045315.829052
  start: 1685045264.0936756
