event_sleeping:
  end: 1685046773.3771555
  start: 1685046359.0271711
