event_sleeping:
  end: 1685044060.8772333
  start: 1685043916.496427
