event_sleeping:
  end: 1685044340.7960906
  start: 1685044111.5884986
