event_sleeping:
  end: 1685046010.8775275
  start: 1685045866.5025184
