event_sleeping:
  end: 1685044840.8230846
  start: 1685044696.596388
