event_sleeping:
  end: 1685042975.8038986
  start: 1685042941.6431935
