event_sleeping:
  end: 1685043475.877257
  start: 1685043026.5248058
