event_sleeping:
  end: 1685042835.8776238
  start: 1685042691.688703
