event_sleeping:
  end: 1685042640.8346848
  start: 1685042585.7858894
