event_sleeping:
  end: 1685046345.8775625
  start: 1685046201.9574435
