event_sleeping:
  end: 1685043030.8772912
  start: 1685042887.0290704
