event_sleeping:
  end: 1685045370.8771732
  start: 1685045227.007407
