event_sleeping:
  end: 1685043810.8772311
  start: 1685043667.0030382
