event_sleeping:
  end: 1685044980.8775096
  start: 1685044837.0278656
