event_sleeping:
  end: 1685044005.8773446
  start: 1685043862.0116868
