event_sleeping:
  end: 1685043615.876133
  start: 1685043471.926396
