event_sleeping:
  end: 1685043420.8182137
  start: 1685043276.9603202
