event_sleeping:
  end: 1685044200.877506
  start: 1685044057.0286076
