event_sleeping:
  end: 1685043225.8201287
  start: 1685043082.0144928
