event_sleeping:
  end: 1685044395.8192887
  start: 1685044302.3675523
