event_sleeping:
  end: 1685046150.8345308
  start: 1685045422.0145588
