event_sleeping:
  end: 1685044785.8772137
  start: 1685044642.033182
