event_sleeping:
  end: 1685045175.8772738
  start: 1685045032.019048
