event_sleeping:
  end: 1685044590.8642006
  start: 1685044446.9618466
