event_sleeping:
  end: 1685740438.1422672
  start: 1685739835.5575671
