event_sleeping:
  end: 1685740048.1450067
  start: 1685739835.5569592
