event_sleeping:
  end: 1685739945.6439207
  start: 1685739835.553355
