event_sleeping:
  end: 1685739928.0879936
  start: 1685739835.5509725
