event_sleeping:
  end: 1685739835.5527394
  start: 1685739835.5518458
