event_sleeping:
  end: 1685740085.5453982
  start: 1685739946.9214385
