event_sleeping:
  end: 1685739890.5840814
  start: 1685739835.5501611
