event_sleeping:
  end: 1685740475.6425683
  start: 1685740138.2873878
