event_sleeping:
  end: 1685034318.3159359
  start: 1685034174.33424
