event_sleeping:
  end: 1685034123.271778
  start: 1685034071.9012852
