event_sleeping:
  end: 1685033733.289681
  start: 1685033538.233561
