event_sleeping:
  end: 1685034513.3016925
  start: 1685034369.413981
