event_sleeping:
  end: 1685034020.8199203
  start: 1685033784.3827922
