event_sleeping:
  end: 1685035173.3204834
  start: 1685035029.3819723
