event_sleeping:
  end: 1685034978.2591949
  start: 1685034564.4005878
