event_sleeping:
  end: 1685033538.232147
  start: 1685033538.230209
