event_sleeping:
  end: 1685033733.3263285
  start: 1685033589.039068
