event_sleeping:
  end: 1685034123.3206894
  start: 1685033784.1622663
