event_sleeping:
  end: 1685034708.227878
  start: 1685034461.6469278
