event_sleeping:
  end: 1685035368.3161054
  start: 1685035149.1105664
