event_sleeping:
  end: 1685035098.323223
  start: 1685034759.0645719
