event_sleeping:
  end: 1685034410.8204155
  start: 1685034174.155894
