event_sleeping:
  end: 1685033910.767996
  start: 1685033859.1173434
