event_sleeping:
  end: 1685034978.2691288
  start: 1685034564.1247308
