event_sleeping:
  end: 1685034393.320433
  start: 1685034249.1281114
