event_sleeping:
  end: 1685033613.2655866
  start: 1685033538.2325196
