event_sleeping:
  end: 1685035098.288231
  start: 1685035029.0943005
