event_sleeping:
  end: 1685034198.3056583
  start: 1685033961.5812752
