event_sleeping:
  end: 1685033808.3161535
  start: 1685033664.0832298
