event_sleeping:
  end: 1685034513.2896667
  start: 1685034444.1675117
