event_sleeping:
  end: 1685035368.315966
  start: 1685035149.069187
