event_sleeping:
  end: 1685033613.297298
  start: 1685033538.2329817
