event_sleeping:
  end: 1685034978.2688947
  start: 1685034834.0816607
