event_sleeping:
  end: 1685034783.2920978
  start: 1685034639.15865
