event_sleeping:
  end: 1685034198.335298
  start: 1685033876.652691
