event_sleeping:
  end: 1685034588.303981
  start: 1685034249.133262
