event_sleeping:
  end: 1685035098.2879102
  start: 1685035029.093107
