event_sleeping:
  end: 1685033825.8204572
  start: 1685033664.0928957
