event_sleeping:
  end: 1685035293.3204567
  start: 1685035149.0685735
