event_sleeping:
  end: 1685035080.7640803
  start: 1685034564.0568843
