event_sleeping:
  end: 1685035368.32058
  start: 1685035131.4925497
