event_sleeping:
  end: 1685033733.2895036
  start: 1685033664.013808
