event_sleeping:
  end: 1685034318.3203747
  start: 1685033784.0266204
