event_sleeping:
  end: 1685034513.3014414
  start: 1685034369.0380843
