event_sleeping:
  end: 1685033613.2653315
  start: 1685033538.2333243
