event_sleeping:
  end: 1685034160.7499976
  start: 1685033821.9386194
