event_sleeping:
  end: 1685034745.7881129
  start: 1685034601.9734275
