event_sleeping:
  end: 1685033575.7560515
  start: 1685033538.2240808
