event_sleeping:
  end: 1685033770.8207412
  start: 1685033626.6062667
