event_sleeping:
  end: 1685035135.8120298
  start: 1685034991.9758012
