event_sleeping:
  end: 1685034355.8200526
  start: 1685034211.868507
