event_sleeping:
  end: 1685034940.8203754
  start: 1685034796.949627
