event_sleeping:
  end: 1685034550.820335
  start: 1685034406.9732025
