event_sleeping:
  end: 1686218904.1665316
  start: 1686218301.577678
