event_sleeping:
  end: 1686219099.0716157
  start: 1686218955.2605758
