event_sleeping:
  end: 1686219759.1355648
  start: 1686219522.7089744
