event_sleeping:
  end: 1686219954.163548
  start: 1686219810.1733665
