event_sleeping:
  end: 1686219294.0875783
  start: 1686219150.1779473
