event_sleeping:
  end: 1686219471.6635208
  start: 1686219345.1839843
