event_sleeping:
  end: 1686218514.0875802
  start: 1686218301.5772784
