event_sleeping:
  end: 1686218801.6669555
  start: 1686218565.1780329
