event_sleeping:
  end: 1686219081.6636126
  start: 1686218955.1504004
