event_sleeping:
  end: 1686218904.0715225
  start: 1686218852.761715
