event_sleeping:
  end: 1686219776.6667185
  start: 1686219132.6963377
