event_sleeping:
  end: 1686220149.159601
  start: 1686219827.7285185
