event_sleeping:
  end: 1686218411.587557
  start: 1686218301.575737
