event_sleeping:
  end: 1686220149.1598713
  start: 1686219930.107045
