event_sleeping:
  end: 1686219174.1197245
  start: 1686219030.1961062
