event_sleeping:
  end: 1686219776.6670275
  start: 1686219345.1986194
