event_sleeping:
  end: 1686219294.0879755
  start: 1686219225.2266455
