event_sleeping:
  end: 1686218979.1026888
  start: 1686218657.7472217
