event_sleeping:
  end: 1686218606.6666687
  start: 1686218462.6919413
