event_sleeping:
  end: 1686219879.0716076
  start: 1686219827.7119176
