event_sleeping:
  end: 1686218691.6013834
  start: 1686218657.7466798
