event_sleeping:
  end: 1686218394.1239736
  start: 1686218301.5754933
