event_sleeping:
  end: 1686219879.1314626
  start: 1686219810.2471457
