event_sleeping:
  end: 1686219564.163569
  start: 1686219242.7769897
