event_sleeping:
  end: 1686219191.666841
  start: 1686218742.703654
