event_sleeping:
  end: 1686218606.6670446
  start: 1686218445.2035394
