event_sleeping:
  end: 1686220344.1633873
  start: 1686219930.2035618
