event_sleeping:
  end: 1686219759.1685696
  start: 1686219615.224507
