event_sleeping:
  end: 1686219861.5994763
  start: 1686219827.6395411
