event_sleeping:
  end: 1686219776.6664445
  start: 1686219522.6509545
