event_sleeping:
  end: 1686219294.1633916
  start: 1686219132.6353822
