event_sleeping:
  end: 1686218301.576246
  start: 1686218301.5761373
