event_sleeping:
  end: 1686219081.6676254
  start: 1686218352.5629213
