event_sleeping:
  end: 1686219471.6665647
  start: 1686219345.1462872
