event_sleeping:
  end: 1686220251.6635015
  start: 1686219912.609243
