event_sleeping:
  end: 1686218551.6316795
  start: 1686218407.4465308
