event_sleeping:
  end: 1686218356.6226737
  start: 1686218301.5699725
