event_sleeping:
  end: 1686219331.666687
  start: 1686219187.7483287
