event_sleeping:
  end: 1686219526.5995038
  start: 1686219382.7505202
