event_sleeping:
  end: 1686218941.6556745
  start: 1686218602.719935
