event_sleeping:
  end: 1686219136.66346
  start: 1686218992.752377
