event_sleeping:
  end: 1686219916.6634417
  start: 1686219772.6462786
