event_sleeping:
  end: 1686219721.567582
  start: 1686219577.678859
