event_sleeping:
  end: 1685737497.1479986
  start: 1685737302.1454756
