event_sleeping:
  end: 1685737302.144817
  start: 1685737302.1443877
