event_sleeping:
  end: 1685737412.2357376
  start: 1685737302.144998
