event_sleeping:
  end: 1685737394.6654158
  start: 1685737302.142222
