event_sleeping:
  end: 1685737412.2360635
  start: 1685737302.1434135
