event_sleeping:
  end: 1685737357.1801136
  start: 1685737302.1446307
