event_sleeping:
  end: 1685737552.1974466
  start: 1685737425.11805
