event_sleeping_wait_all:
  end: 1683046240.9274814
  start: 1683046097.6233315
