event_sleeping_wait_all:
  end: 1683047704.008257
  start: 1683047560.6567047
