event_sleeping_wait_all:
  end: 1683047800.954132
  start: 1683047755.743058
