event_sleeping_wait_all:
  end: 1683048776.0073793
  start: 1683048151.6899977
