event_sleeping_wait_all:
  end: 1683047509.009501
  start: 1683046975.6009543
