event_sleeping_wait_all:
  end: 1683046924.0074089
  start: 1683046780.6304502
