event_sleeping_wait_all:
  end: 1683046045.990236
  start: 1683045902.5802898
