event_sleeping_wait_all:
  end: 1683048100.0093105
  start: 1683047852.5510406
