event_sleeping_wait_all:
  end: 1683045850.9275057
  start: 1683045811.59088
