event_sleeping:
  end: 1683045454.9517477
  start: 1683045259.9145203
