event_sleeping_wait_all:
  end: 1683046728.9762955
  start: 1683046292.5519238
