event_sleeping_wait_all:
  end: 1683045759.983622
  start: 1683045506.826301
