event_sleeping_wait_all:
  end: 1683046150.0074942
  start: 1683045902.5889473
