event_sleeping_wait_all:
  end: 1683048685.0077262
  start: 1683048541.6038272
