event_sleeping_wait_all:
  end: 1683046430.0076172
  start: 1683046201.6093078
