event_sleeping_wait_all:
  end: 1683047990.0102534
  start: 1683047651.6245122
