event_sleeping_wait_all:
  end: 1683045851.007523
  start: 1683045512.6922727
