event_sleeping_wait_all:
  end: 1683047600.011168
  start: 1683047267.6168592
