event_sleeping:
  end: 1683045259.91439
  start: 1683045259.9140017
