event_sleeping_wait_all:
  end: 1683048880.0092325
  start: 1683048736.6171193
