event_sleeping_wait_all:
  end: 1683048185.0091434
  start: 1683048041.7392433
