event_sleeping_wait_all:
  end: 1683048490.0075238
  start: 1683048236.5940974
