event_sleeping_wait_all:
  end: 1683048970.9482985
  start: 1683048931.6660268
