event_sleeping_wait_all:
  end: 1683047215.9515822
  start: 1683047170.6523173
