event_sleeping_wait_all:
  end: 1683045461.009111
  start: 1683045311.516718
