event_sleeping_wait_all:
  end: 1683046819.9836104
  start: 1683046481.6488924
