event_sleeping_wait_all:
  end: 1683047118.9933736
  start: 1683046871.664585
