event_sleeping_wait_all:
  end: 1683045565.0074165
  start: 1683045421.915864
