event_sleeping_wait_all:
  end: 1683046144.0089881
  start: 1683046000.979814
