event_sleeping_wait_all:
  end: 1683045949.0089927
  start: 1683045701.8469965
