event_sleeping:
  end: 1683045369.935643
  start: 1683045259.9157455
