event_sleeping_wait_all:
  end: 1683047801.0075657
  start: 1683047561.0174513
