event_sleeping_wait_all:
  end: 1683049654.0099704
  start: 1683048626.9324358
