event_sleeping_wait_all:
  end: 1683046825.948134
  start: 1683046786.9725177
