event_sleeping_wait_all:
  end: 1683046735.0073495
  start: 1683046292.9282093
