event_sleeping_wait_all:
  end: 1683047509.008986
  start: 1683047372.0068007
