event_sleeping_wait_all:
  end: 1683048574.942136
  start: 1683048541.9791188
