event_sleeping_wait_all:
  end: 1683045649.9418168
  start: 1683045616.9818237
