event_sleeping_wait_all:
  end: 1683047320.0075352
  start: 1683047170.9680345
