event_sleeping_wait_all:
  end: 1683047119.0110822
  start: 1683046877.8994823
