event_sleeping_wait_all:
  end: 1683048490.0079005
  start: 1683048041.9319599
