event_sleeping_wait_all:
  end: 1683046240.9658556
  start: 1683046195.9829073
