event_sleeping_wait_all:
  end: 1683047990.007537
  start: 1683047852.9820127
