event_sleeping_wait_all:
  end: 1683047015.0075183
  start: 1683046877.6063988
