event_sleeping_wait_all:
  end: 1683047703.9684322
  start: 1683047462.5531437
