event_sleeping_wait_all:
  end: 1683046534.0093205
  start: 1683046396.6591187
