event_sleeping_wait_all:
  end: 1683045955.0073605
  start: 1683045616.526494
