event_sleeping_wait_all:
  end: 1683047410.9544704
  start: 1683047365.7731671
