event_sleeping_wait_all:
  end: 1683046728.9756844
  start: 1683046585.6840684
