event_sleeping_wait_all:
  end: 1683047899.0077744
  start: 1683047755.543023
