event_sleeping_wait_all:
  end: 1683046825.9487634
  start: 1683046780.62474
