event_sleeping_wait_all:
  end: 1683047314.0091538
  start: 1683047066.6354446
