event_sleeping_wait_all:
  end: 1683046345.010005
  start: 1683046006.5811458
