event_sleeping_wait_all:
  end: 1683045564.9275365
  start: 1683045415.6521282
