event_sleeping_wait_all:
  end: 1683047899.0074563
  start: 1683047651.623957
