event_sleeping_wait_all:
  end: 1683047124.9115663
  start: 1683046871.7225516
