event_sleeping_wait_all:
  end: 1683047599.9834251
  start: 1683047456.55414
