event_sleeping_wait_all:
  end: 1683046039.919705
  start: 1683045506.6598938
