event_sleeping:
  end: 1683045370.0076418
  start: 1683045259.9155672
