event_sleeping_wait_all:
  end: 1683045454.9420063
  start: 1683045421.7270617
