event_sleeping_wait_all:
  end: 1683047404.939332
  start: 1683047371.747963
