event_sleeping_wait_all:
  end: 1683047320.00924
  start: 1683047176.609444
