event_sleeping_wait_all:
  end: 1683046820.015429
  start: 1683046292.7669828
