event_sleeping_wait_all:
  end: 1683046241.0073771
  start: 1683046091.5635374
