event_sleeping_wait_all:
  end: 1683048240.0089378
  start: 1683047901.5557191
