event_sleeping_wait_all:
  end: 1683048825.0076084
  start: 1683048681.5833945
