event_sleeping:
  end: 1683046485.0091927
  start: 1683046341.574087
