event_sleeping:
  end: 1683045314.9594905
  start: 1683045259.9133668
