event_sleeping:
  end: 1683045510.0075223
  start: 1683045366.5360441
