event_sleeping_wait_all:
  end: 1683049020.0092645
  start: 1683048876.6088586
