event_sleeping:
  end: 1683047459.9433923
  start: 1683047316.6776462
