event_sleeping:
  end: 1683047264.9839947
  start: 1683047121.5739038
