event_sleeping:
  end: 1683047654.9111726
  start: 1683047511.5265625
