event_sleeping:
  end: 1683047070.009214
  start: 1683046926.5956411
