event_sleeping:
  end: 1683046095.0075202
  start: 1683045953.639409
