event_sleeping:
  end: 1683046289.9595442
  start: 1683046146.6092541
