event_sleeping_wait_all:
  end: 1683049605.0074847
  start: 1683049461.5186849
