event_sleeping:
  end: 1683046680.0075758
  start: 1683046559.6315234
