event_sleeping:
  end: 1683047849.912691
  start: 1683047706.5473998
