event_sleeping_wait_all:
  end: 1683049409.9354258
  start: 1683049071.625939
