event_sleeping:
  end: 1683045899.9196413
  start: 1683045561.5721638
