event_sleeping_wait_all:
  end: 1683048435.007387
  start: 1683048291.6725485
