event_sleeping_wait_all:
  end: 1683048630.007457
  start: 1683048486.597206
