event_sleeping:
  end: 1683046874.9915864
  start: 1683046731.685299
