event_sleeping:
  end: 1685102002.3959823
  start: 1685101858.4846988
