event_sleeping:
  end: 1685099857.4492245
  start: 1685099713.4926453
