event_sleeping:
  end: 1685099942.3830771
  start: 1685099908.5525496
