event_sleeping:
  end: 1685101417.4492779
  start: 1685101255.9630725
