event_sleeping:
  end: 1685091862.4493136
  start: 1685091413.4404595
