event_sleeping:
  end: 1685100247.4479184
  start: 1685099993.4754581
