event_sleeping:
  end: 1685098187.4479294
  start: 1685097958.51958
