event_sleeping:
  end: 1685099077.449394
  start: 1685098738.5283895
