event_sleeping:
  end: 1685094787.4201167
  start: 1685094643.4764028
