event_sleeping:
  end: 1685092057.4494133
  start: 1685091913.4931777
