event_sleeping:
  end: 1685095372.4497325
  start: 1685095033.5133336
