event_sleeping:
  end: 1685090582.4482698
  start: 1685090387.3667855
