event_sleeping:
  end: 1685096822.3640225
  start: 1685096788.45585
