event_sleeping:
  end: 1685099467.449655
  start: 1685099213.4278736
