event_sleeping:
  end: 1685090887.4493508
  start: 1685090633.5303736
