event_sleeping:
  end: 1685094592.3832357
  start: 1685094338.5147135
