event_sleeping:
  end: 1685095652.3829675
  start: 1685095618.5498474
