event_sleeping:
  end: 1685094982.4492168
  start: 1685094838.4961655
