event_sleeping:
  end: 1685101027.4491506
  start: 1685100773.5139244
