event_sleeping:
  end: 1685101807.4010873
  start: 1685101571.0074985
