event_sleeping:
  end: 1685092642.4281037
  start: 1685092108.5182557
