event_sleeping:
  end: 1685097712.4483504
  start: 1685097373.5180597
