event_sleeping:
  end: 1685094092.4487283
  start: 1685093966.0174735
