event_sleeping:
  end: 1685098382.4492447
  start: 1685098238.5817876
