event_sleeping:
  end: 1685091184.9496214
  start: 1685091040.9914386
