event_sleeping:
  end: 1685094287.4492295
  start: 1685094143.5337589
