event_sleeping:
  end: 1685099162.383078
  start: 1685099128.5287616
