event_sleeping:
  end: 1685093914.949134
  start: 1685093278.591182
