event_sleeping:
  end: 1685096432.447983
  start: 1685096203.5398178
