event_sleeping:
  end: 1685095847.448012
  start: 1685095703.437935
