event_sleeping:
  end: 1685091362.3960469
  start: 1685091236.03755
