event_sleeping:
  end: 1685097907.4479218
  start: 1685097763.546866
