event_sleeping:
  end: 1685101519.9000454
  start: 1685101468.55574
