event_sleeping:
  end: 1685093227.449216
  start: 1685092991.0316124
