event_sleeping:
  end: 1685097322.4484823
  start: 1685096873.507184
