event_sleeping:
  end: 1685098687.449137
  start: 1685098433.535412
