event_sleeping:
  end: 1685099662.4495053
  start: 1685099518.5636573
