event_sleeping:
  end: 1685101204.868112
  start: 1685101078.5422435
