event_sleeping:
  end: 1685096152.4492629
  start: 1685095898.521839
