event_sleeping:
  end: 1685092819.8602111
  start: 1685092693.5319867
