event_sleeping:
  end: 1685095567.4494948
  start: 1685095423.569147
