event_sleeping:
  end: 1685100722.4008002
  start: 1685100298.486232
