event_sleeping:
  end: 1685090989.8922396
  start: 1685090938.5580823
