event_sleeping:
  end: 1685092939.9183393
  start: 1685092870.9400628
