event_sleeping:
  end: 1685096152.4494865
  start: 1685095898.2527256
