event_sleeping:
  end: 1685093117.3523664
  start: 1685092778.2160866
