event_sleeping:
  end: 1685099357.449135
  start: 1685099128.2203083
