event_sleeping:
  end: 1685094677.3832896
  start: 1685094643.2555134
