event_sleeping:
  end: 1685096737.3724182
  start: 1685096575.7728617
