event_sleeping:
  end: 1685091947.4551823
  start: 1685091608.225735
