event_sleeping:
  end: 1685096524.9491336
  start: 1685096203.2694001
