event_sleeping:
  end: 1685093312.3800182
  start: 1685093168.1727407
