event_sleeping:
  end: 1685091557.4360638
  start: 1685091328.2420766
