event_sleeping:
  end: 1685098772.3798308
  start: 1685098738.258938
