event_sleeping:
  end: 1685094982.4494464
  start: 1685094728.1982067
