event_sleeping:
  end: 1685101594.9492624
  start: 1685101358.183336
