event_sleeping:
  end: 1685090387.3602264
  start: 1685090387.36013
