event_sleeping:
  end: 1685094092.383158
  start: 1685094058.2126565
