event_sleeping:
  end: 1685091277.4492426
  start: 1685091023.222977
