event_sleeping:
  end: 1685099644.9000576
  start: 1685099408.2028039
