event_sleeping:
  end: 1685098382.4495718
  start: 1685098153.2215781
