event_sleeping:
  end: 1685100917.3838174
  start: 1685100883.2724998
