event_sleeping:
  end: 1685095372.4494555
  start: 1685095033.2672882
