event_sleeping:
  end: 1685097814.8775742
  start: 1685097763.196945
