event_sleeping:
  end: 1685099077.4056485
  start: 1685098823.1912873
