event_sleeping:
  end: 1685098687.449726
  start: 1685098433.2933779
