event_sleeping:
  end: 1685101307.3560262
  start: 1685101273.186254
