event_sleeping:
  end: 1685101222.400273
  start: 1685100968.1394167
