event_sleeping:
  end: 1685100832.4492905
  start: 1685099798.2116702
