event_sleeping:
  end: 1685101892.4491808
  start: 1685101748.2060206
