event_sleeping:
  end: 1685099747.400896
  start: 1685099695.710329
