event_sleeping:
  end: 1685101697.4008794
  start: 1685101645.7454612
