event_sleeping:
  end: 1685094007.4289794
  start: 1685093863.2498286
