event_sleeping:
  end: 1685096839.90078
  start: 1685096788.2025163
