event_sleeping:
  end: 1685095567.4498117
  start: 1685095423.2738507
