event_sleeping:
  end: 1685093617.4492135
  start: 1685093363.1609497
