event_sleeping:
  end: 1685092727.4479024
  start: 1685092388.2051663
