event_sleeping:
  end: 1685094287.449433
  start: 1685094143.164743
