event_sleeping:
  end: 1685097712.3955476
  start: 1685097550.7700179
