event_sleeping:
  end: 1685090582.4478912
  start: 1685090438.1929545
