event_sleeping:
  end: 1685098102.3800285
  start: 1685097865.68559
