event_sleeping:
  end: 1685093812.449366
  start: 1685093668.2687492
