event_sleeping:
  end: 1685090972.428067
  start: 1685090633.2400243
