event_sleeping:
  end: 1685095847.3881197
  start: 1685095618.2644205
