event_sleeping:
  end: 1685097499.948059
  start: 1685097263.2360709
