event_sleeping:
  end: 1685094592.4478533
  start: 1685094338.2647061
