event_sleeping:
  end: 1685097212.4440901
  start: 1685096890.6994371
