event_sleeping:
  end: 1685092337.4009366
  start: 1685092285.775277
