event_sleeping:
  end: 1685092234.9501202
  start: 1685091998.2167482
