event_sleeping:
  end: 1685099077.4501433
  start: 1685098823.2308109
