event_sleeping:
  end: 1685097517.3535368
  start: 1685097373.1742778
