event_sleeping:
  end: 1685101307.3562002
  start: 1685100968.2519457
