event_sleeping:
  end: 1685100442.447881
  start: 1685100298.171668
