event_sleeping:
  end: 1685100247.3562896
  start: 1685100103.2037218
