event_sleeping:
  end: 1685100917.447919
  start: 1685100493.21675
