event_sleeping:
  end: 1685095457.4013968
  start: 1685095313.2811177
