event_sleeping:
  end: 1685095067.4487119
  start: 1685094923.1501203
