event_sleeping:
  end: 1685096524.9498212
  start: 1685096288.2421951
