event_sleeping:
  end: 1685092922.4119077
  start: 1685092675.718021
