event_sleeping:
  end: 1685092234.949346
  start: 1685092015.6963947
