event_sleeping:
  end: 1685097797.3833797
  start: 1685097763.2426803
