event_sleeping:
  end: 1685096737.3721583
  start: 1685096575.7727356
