event_sleeping:
  end: 1685090692.4497201
  start: 1685090548.1931586
