event_sleeping:
  end: 1685091964.8896642
  start: 1685091913.1495266
