event_sleeping:
  end: 1685092447.4599445
  start: 1685092285.747439
