event_sleeping:
  end: 1685094787.448257
  start: 1685093753.178027
