event_sleeping:
  end: 1685097322.3961148
  start: 1685096788.1935887
