event_sleeping:
  end: 1685091082.4480944
  start: 1685090828.195976
