event_sleeping:
  end: 1685095262.4494197
  start: 1685095118.303035
