event_sleeping:
  end: 1685099552.447868
  start: 1685099408.2004783
