event_sleeping:
  end: 1685096237.383189
  start: 1685096203.2703476
