event_sleeping:
  end: 1685093117.3520699
  start: 1685092973.1890683
