event_sleeping:
  end: 1685091259.949497
  start: 1685091133.2200735
