event_sleeping:
  end: 1685098772.447898
  start: 1685098628.1947553
