event_sleeping:
  end: 1685099357.4040916
  start: 1685099128.3132064
