event_sleeping:
  end: 1685095864.8625221
  start: 1685095813.1745815
