event_sleeping:
  end: 1685098297.4461296
  start: 1685098153.2398415
