event_sleeping:
  end: 1685098577.3831503
  start: 1685098543.2509725
