event_sleeping:
  end: 1685093702.384858
  start: 1685093668.2668834
