event_sleeping:
  end: 1685100052.3801758
  start: 1685099603.245153
