event_sleeping:
  end: 1685094872.3799362
  start: 1685094838.2849245
