event_sleeping:
  end: 1685093617.4495244
  start: 1685093168.163105
