event_sleeping:
  end: 1685098492.4479835
  start: 1685098348.2658505
