event_sleeping:
  end: 1685090497.4041445
  start: 1685090387.3586977
