event_sleeping:
  end: 1685091362.3999202
  start: 1685091310.7504013
