event_sleeping:
  end: 1685090777.3833587
  start: 1685090743.2950087
