event_sleeping:
  end: 1685098102.4480124
  start: 1685097848.1737812
