event_sleeping:
  end: 1685095762.3757458
  start: 1685095508.19213
