event_sleeping:
  end: 1685096152.4497354
  start: 1685095915.6402755
