event_sleeping:
  end: 1685097712.4479902
  start: 1685097568.1673756
