event_sleeping:
  end: 1685101502.4482124
  start: 1685101358.1849172
