event_sleeping:
  end: 1685091862.3512793
  start: 1685091413.2112992
