event_sleeping:
  end: 1685101789.8761127
  start: 1685101553.2867765
