event_sleeping:
  end: 1685091862.3502934
  start: 1685091700.781532
