event_sleeping:
  end: 1685092429.9491498
  start: 1685092193.2405806
