event_sleeping:
  end: 1685095372.4491796
  start: 1685095228.2382643
