event_sleeping:
  end: 1685098967.3880916
  start: 1685098823.256824
