event_sleeping:
  end: 1685097322.447983
  start: 1685096890.715245
