event_sleeping:
  end: 1685096042.447989
  start: 1685095813.2390034
