event_sleeping:
  end: 1685098187.3560722
  start: 1685098043.2381227
