event_sleeping:
  end: 1685092142.4493423
  start: 1685091998.200932
