event_sleeping:
  end: 1685097407.3832438
  start: 1685097373.2192173
