event_sleeping:
  end: 1685101697.4478614
  start: 1685101468.264382
