event_sleeping:
  end: 1685100247.3565764
  start: 1685100103.2357194
