event_sleeping:
  end: 1685098772.4484394
  start: 1685098628.2286756
