event_sleeping:
  end: 1685093014.949266
  start: 1685092870.7408552
