event_sleeping:
  end: 1685095762.4490407
  start: 1685095423.2742815
