event_sleeping:
  end: 1685098577.4479973
  start: 1685098433.2903025
