event_sleeping:
  end: 1685097797.4116719
  start: 1685097745.708953
