event_sleeping:
  end: 1685101417.4495218
  start: 1685101163.300995
