event_sleeping:
  end: 1685093507.3832986
  start: 1685093473.2836416
