event_sleeping:
  end: 1685092532.4064386
  start: 1685092480.7812202
