event_sleeping:
  end: 1685092819.9447746
  start: 1685092583.1884024
