event_sleeping:
  end: 1685099569.9493527
  start: 1685099323.2123084
