event_sleeping:
  end: 1685094092.4479477
  start: 1685093863.2172856
