event_sleeping:
  end: 1685099857.4494867
  start: 1685099620.776092
