event_sleeping:
  end: 1685091472.4039264
  start: 1685091133.1730728
