event_sleeping:
  end: 1685093422.4491165
  start: 1685093065.764686
