event_sleeping:
  end: 1685096347.356104
  start: 1685096093.2294776
