event_sleeping:
  end: 1685094397.3729331
  start: 1685094143.238039
