event_sleeping:
  end: 1685096542.4491503
  start: 1685096398.134482
