event_sleeping:
  end: 1685099272.412121
  start: 1685099018.2066126
