event_sleeping:
  end: 1685101112.4479713
  start: 1685100883.2727559
