event_sleeping:
  end: 1685095177.4493604
  start: 1685094448.1897116
