event_sleeping:
  end: 1685097694.8516214
  start: 1685097458.189358
