event_sleeping:
  end: 1685100832.4495175
  start: 1685100578.1719396
