event_sleeping:
  end: 1685100442.3766935
  start: 1685100298.1462803
