event_sleeping:
  end: 1685090497.435075
  start: 1685090387.362662
