event_sleeping:
  end: 1685090692.449371
  start: 1685090548.2164943
