event_sleeping:
  end: 1685091649.948079
  start: 1685091523.1975129
