event_sleeping:
  end: 1685097992.447867
  start: 1685097848.211848
