event_sleeping:
  end: 1685091082.3561244
  start: 1685090743.2550368
