event_sleeping:
  end: 1685100052.4154038
  start: 1685099908.2758958
