event_sleeping:
  end: 1685100527.383183
  start: 1685100493.1944873
