event_sleeping:
  end: 1685098382.4498713
  start: 1685098238.1546392
