event_sleeping:
  end: 1685091947.3833716
  start: 1685091913.1933823
