event_sleeping:
  end: 1685093812.448063
  start: 1685093558.2396536
