event_sleeping:
  end: 1685096839.9480624
  start: 1685096593.2206218
