event_sleeping:
  end: 1685099552.3843336
  start: 1685099518.212716
