event_sleeping:
  end: 1685100247.355974
  start: 1685099993.1829703
