event_sleeping:
  end: 1685101789.9481099
  start: 1685101553.1284266
