event_sleeping:
  end: 1685095957.4494324
  start: 1685095720.5967703
