event_sleeping:
  end: 1685099942.447875
  start: 1685099798.1991951
