event_sleeping:
  end: 1685097797.4124477
  start: 1685097653.1511033
