event_sleeping:
  end: 1685094574.9480832
  start: 1685094448.128682
