event_sleeping:
  end: 1685095669.8521466
  start: 1685095508.1469088
