event_sleeping:
  end: 1685090497.4339752
  start: 1685090387.3663657
