event_sleeping:
  end: 1685092252.3640037
  start: 1685091998.1977432
