event_sleeping:
  end: 1685093014.949521
  start: 1685092778.1656008
