event_sleeping:
  end: 1685097127.4501774
  start: 1685096398.1335542
