event_sleeping:
  end: 1685096347.4041455
  start: 1685096093.109323
