event_sleeping:
  end: 1685097517.4492946
  start: 1685097178.170218
