event_sleeping:
  end: 1685091167.449167
  start: 1685090633.0848143
