event_sleeping:
  end: 1685091362.396324
  start: 1685091218.1837032
