event_sleeping:
  end: 1685094092.3832774
  start: 1685093753.1730747
