event_sleeping:
  end: 1685093312.4481068
  start: 1685093065.6765518
