event_sleeping:
  end: 1685096042.383496
  start: 1685096008.197742
