event_sleeping:
  end: 1685090582.3640282
  start: 1685090548.1564243
