event_sleeping:
  end: 1685098492.3801336
  start: 1685098238.0924654
