event_sleeping:
  end: 1685100619.9315853
  start: 1685100475.6683285
