event_sleeping:
  end: 1685098687.4494321
  start: 1685098543.1076722
