event_sleeping:
  end: 1685101502.4086442
  start: 1685100968.1157322
