event_sleeping:
  end: 1685095457.4011092
  start: 1685095405.6609433
