event_sleeping:
  end: 1685099467.4493494
  start: 1685099213.1385915
