event_sleeping:
  end: 1685094982.4497519
  start: 1685094728.145548
