event_sleeping:
  end: 1685097992.4480693
  start: 1685097848.1717699
