event_sleeping:
  end: 1685095354.8866837
  start: 1685095033.2270887
