event_sleeping:
  end: 1685092727.3892202
  start: 1685092583.1337397
