event_sleeping:
  end: 1685091947.4151645
  start: 1685091413.1681635
