event_sleeping:
  end: 1685099077.4509299
  start: 1685098933.2005768
