event_sleeping:
  end: 1685093702.4479792
  start: 1685093363.1604164
