event_sleeping:
  end: 1685100917.3798459
  start: 1685100883.196364
