event_sleeping:
  end: 1685100832.4498394
  start: 1685100670.6722522
