event_sleeping:
  end: 1685094397.4072783
  start: 1685094143.0831232
