event_sleeping:
  end: 1685097602.3833656
  start: 1685097568.2199795
