event_sleeping:
  end: 1685092447.4316015
  start: 1685092303.1262202
