event_sleeping:
  end: 1685098882.4492652
  start: 1685098738.2209363
