event_sleeping:
  end: 1685094677.3836403
  start: 1685094625.6781895
