event_sleeping:
  end: 1685092532.3831854
  start: 1685092498.1453242
