event_sleeping:
  end: 1685098187.3563406
  start: 1685098043.19411
