event_sleeping:
  end: 1685100424.949644
  start: 1685100298.091861
