event_sleeping:
  end: 1685099747.43346
  start: 1685099603.1323888
