event_sleeping:
  end: 1685099162.3833375
  start: 1685099128.2035453
