event_sleeping:
  end: 1685099607.4491339
  start: 1685099268.6167843
