event_sleeping:
  end: 1685094927.3691845
  start: 1685094783.6078303
