event_sleeping:
  end: 1685099217.449207
  start: 1685098683.5546534
