event_sleeping:
  end: 1685090637.4440649
  start: 1685090493.2642562
