event_sleeping:
  end: 1685095122.3961217
  start: 1685094978.5159557
