event_sleeping:
  end: 1685091612.447988
  start: 1685091468.5713468
