event_sleeping:
  end: 1685094732.4492888
  start: 1685094588.6051276
