event_sleeping:
  end: 1685101167.3639965
  start: 1685101023.5893714
