event_sleeping:
  end: 1685100777.415628
  start: 1685100633.6061635
