event_sleeping:
  end: 1685095707.3560965
  start: 1685095368.540544
