event_sleeping:
  end: 1685092197.4495525
  start: 1685092053.520684
