event_sleeping:
  end: 1685097852.4494724
  start: 1685097708.5692098
