event_sleeping:
  end: 1685090442.3960958
  start: 1685090387.362077
