event_sleeping:
  end: 1685094537.4444005
  start: 1685094198.5030227
