event_sleeping:
  end: 1685097462.4200037
  start: 1685097318.5730681
