event_sleeping:
  end: 1685093367.4492214
  start: 1685093028.5782018
