event_sleeping:
  end: 1685100972.4360626
  start: 1685100828.5997095
