event_sleeping:
  end: 1685095902.4280717
  start: 1685095758.5084312
