event_sleeping:
  end: 1685091222.4496436
  start: 1685091078.5362384
