event_sleeping:
  end: 1685096877.405832
  start: 1685096538.5231094
