event_sleeping:
  end: 1685096487.3881018
  start: 1685095953.607546
