event_sleeping:
  end: 1685098632.4494941
  start: 1685098488.5767248
