event_sleeping:
  end: 1685095317.404068
  start: 1685095173.5538316
