event_sleeping:
  end: 1685092977.449548
  start: 1685092833.5551944
