event_sleeping:
  end: 1685091417.449538
  start: 1685091273.5700586
