event_sleeping:
  end: 1685092002.3961384
  start: 1685091858.6193793
