event_sleeping:
  end: 1685100582.4495819
  start: 1685100438.5582042
