event_sleeping:
  end: 1685101752.3679628
  start: 1685101608.5297174
