event_sleeping:
  end: 1685094147.3705792
  start: 1685094003.536166
