event_sleeping:
  end: 1685098047.449099
  start: 1685097903.56295
