event_sleeping:
  end: 1685098242.4070814
  start: 1685098098.6008375
