event_sleeping:
  end: 1685098437.4491723
  start: 1685098293.5398211
