event_sleeping:
  end: 1685092782.449489
  start: 1685092638.6141784
