event_sleeping:
  end: 1685093952.3807368
  start: 1685093808.57657
