event_sleeping:
  end: 1685093562.4494352
  start: 1685093418.550292
