event_sleeping:
  end: 1685100387.4200232
  start: 1685100243.5547986
