event_sleeping:
  end: 1685092587.4492042
  start: 1685092443.5714304
