event_sleeping:
  end: 1685091807.4491751
  start: 1685091663.5924213
