event_sleeping:
  end: 1685091027.3897674
  start: 1685090688.6056511
