event_sleeping:
  end: 1685092392.4491217
  start: 1685092248.6036057
