event_sleeping:
  end: 1685093757.4490075
  start: 1685093613.5778408
