event_sleeping:
  end: 1685101557.4145236
  start: 1685101218.5116494
