event_sleeping:
  end: 1685100192.4494007
  start: 1685099658.6044064
