event_sleeping:
  end: 1685097657.4041185
  start: 1685097513.5268521
