event_sleeping:
  end: 1685097267.4493954
  start: 1685096979.0609512
