event_sleeping:
  end: 1685337070.2572289
  start: 1685336926.3824804
