event_sleeping:
  end: 1685337282.7574685
  start: 1685337121.366805
