event_sleeping:
  end: 1685336875.2579978
  start: 1685336638.8544893
