event_sleeping:
  end: 1685336020.1879528
  start: 1685335417.6695118
