event_sleeping:
  end: 1685336215.2523062
  start: 1685336076.0780652
