event_sleeping:
  end: 1685336587.757241
  start: 1685336461.3320198
