event_sleeping:
  end: 1685336410.2559423
  start: 1685336266.3496733
