event_sleeping:
  end: 1685336197.7574224
  start: 1685336071.0105157
