event_sleeping:
  end: 1685335630.2575064
  start: 1685335417.6687317
