event_sleeping:
  end: 1685337265.228058
  start: 1685336943.5411751
