event_sleeping:
  end: 1685336020.218915
  start: 1685335968.5013602
