event_sleeping:
  end: 1685335917.6920936
  start: 1685335690.3376818
