event_sleeping:
  end: 1685336892.7562537
  start: 1685336248.5617013
