event_sleeping:
  end: 1685336995.209078
  start: 1685336943.5310667
