event_sleeping:
  end: 1685335527.7359073
  start: 1685335417.6647534
