event_sleeping:
  end: 1685336892.755989
  start: 1685336461.0151744
