event_sleeping:
  end: 1685335722.7571557
  start: 1685335578.5088243
