event_sleeping:
  end: 1685336410.1600666
  start: 1685336341.0764089
