event_sleeping:
  end: 1685337265.228287
  start: 1685337046.0491908
