event_sleeping:
  end: 1685336095.199735
  start: 1685335773.5648775
