event_sleeping:
  end: 1685336290.2575624
  start: 1685336146.0405097
