event_sleeping:
  end: 1685337460.2559857
  start: 1685337046.0220525
