event_sleeping:
  end: 1685336307.7448514
  start: 1685335858.4950738
