event_sleeping:
  end: 1685335807.69253
  start: 1685335773.5634253
