event_sleeping:
  end: 1685335510.2336671
  start: 1685335417.6672878
