event_sleeping:
  end: 1685336680.2560525
  start: 1685336358.5503545
