event_sleeping:
  end: 1685336995.2261844
  start: 1685336926.0908642
