event_sleeping:
  end: 1685335722.7574337
  start: 1685335561.0820172
