event_sleeping:
  end: 1685336875.2572923
  start: 1685336731.082239
