event_sleeping:
  end: 1685336410.2564344
  start: 1685336248.5279508
