event_sleeping:
  end: 1685335417.6675286
  start: 1685335417.6670902
