event_sleeping:
  end: 1685336197.7571259
  start: 1685335468.4022803
