event_sleeping:
  end: 1685336892.7565181
  start: 1685336638.4959753
