event_sleeping:
  end: 1685337367.7406282
  start: 1685337028.4343941
