event_sleeping:
  end: 1685336977.6913176
  start: 1685336943.5023363
