event_sleeping:
  end: 1685336587.7575176
  start: 1685336460.9668984
