event_sleeping:
  end: 1685337032.7574406
  start: 1685336888.9344602
