event_sleeping:
  end: 1685335472.713624
  start: 1685335417.6621258
