event_sleeping:
  end: 1685336057.7566502
  start: 1685335718.888889
