event_sleeping:
  end: 1685336837.7559662
  start: 1685336693.8442533
