event_sleeping:
  end: 1685336252.7571247
  start: 1685336108.9037995
