event_sleeping:
  end: 1685336447.7468116
  start: 1685336303.9177632
