event_sleeping:
  end: 1685335667.757243
  start: 1685335523.5417776
