event_sleeping:
  end: 1685336642.7357209
  start: 1685336498.9460087
