event_sleeping:
  end: 1685738750.7961783
  start: 1685738360.7164028
