event_sleeping:
  end: 1685738573.295233
  start: 1685738412.380885
