event_sleeping:
  end: 1685738360.7066581
  start: 1685738360.706566
