event_sleeping:
  end: 1685739038.240187
  start: 1685738412.3257303
