event_sleeping:
  end: 1685738360.7063308
  start: 1685738360.7053165
