event_sleeping:
  end: 1685738453.2401302
  start: 1685738360.7092416
