event_sleeping:
  end: 1685738360.7161887
  start: 1685738360.7160969
