event_sleeping:
  end: 1685738665.7919307
  start: 1685738412.2870247
