event_sleeping:
  end: 1685739195.7731504
  start: 1685739056.2966008
