event_sleeping:
  end: 1685738805.7680635
  start: 1685738662.700081
