event_sleeping:
  end: 1685739000.7569704
  start: 1685738857.7909572
