event_sleeping:
  end: 1685738610.7478967
  start: 1685738467.4249713
