event_sleeping:
  end: 1685738415.745327
  start: 1685738360.7006037
