event_sleeping:
  end: 1683996600.1864178
  start: 1683996582.6735623
