event_sleeping:
  end: 1683996600.1859562
  start: 1683996582.6742952
