event_sleeping:
  end: 1683996972.7674277
  start: 1683996652.237231
