event_sleeping:
  end: 1683996675.207542
  start: 1683996582.6730065
