event_sleeping:
  end: 1683996582.6761055
  start: 1683996582.676081
