event_sleeping:
  end: 1683996777.7683744
  start: 1683996634.2667687
