event_sleeping:
  end: 1683996887.7682297
  start: 1683996582.6756961
