event_sleeping:
  end: 1683997027.7574372
  start: 1683996884.6908007
