event_sleeping:
  end: 1683996832.7153342
  start: 1683996689.329665
