event_sleeping:
  end: 1683996637.6832342
  start: 1683996582.6714478
