event_sleeping_wait_all:
  end: 1685434179.4963632
  start: 1685434036.428934
