event_sleeping_wait_all:
  end: 1685433026.9080532
  start: 1685432791.4267564
