event_sleeping:
  end: 1685432739.4960482
  start: 1685432544.4096587
