event_sleeping_wait_all:
  end: 1685433306.9000187
  start: 1685433163.8845196
