event_sleeping_wait_all:
  end: 1685433984.496185
  start: 1685433553.918906
