event_sleeping_wait_all:
  end: 1685433111.9278948
  start: 1685433078.864714
