event_sleeping_wait_all:
  end: 1685433501.9965663
  start: 1685433358.813248
