event_sleeping_wait_all:
  end: 1685433696.9560485
  start: 1685433468.6209996
