event_sleeping_wait_all:
  end: 1685432721.9160678
  start: 1685432596.136594
