event_sleeping_wait_all:
  end: 1685434104.4481454
  start: 1685433748.6167045
