event_sleeping_wait_all:
  end: 1685433416.9963725
  start: 1685433163.6383152
