event_sleeping:
  end: 1685432544.4032543
  start: 1685432544.4024925
