event_sleeping_wait_all:
  end: 1685433111.9960694
  start: 1685432773.5634527
