event_sleeping:
  end: 1685432636.9410114
  start: 1685432544.4090204
