event_sleeping_wait_all:
  end: 1685432916.9279494
  start: 1685432883.5755672
