event_sleeping_wait_all:
  end: 1685434001.9412563
  start: 1685433553.6116467
