event_sleeping_wait_all:
  end: 1685432831.9418526
  start: 1685432688.5787327
