event_sleeping_wait_all:
  end: 1685434104.447461
  start: 1685434053.5909798
