event_sleeping_wait_all:
  end: 1685433399.4964445
  start: 1685433256.1889312
