event_sleeping_wait_all:
  end: 1685433204.4964576
  start: 1685432968.6211863
