event_sleeping_wait_all:
  end: 1685433501.9160655
  start: 1685433451.1774716
