event_sleeping:
  end: 1685432636.9878688
  start: 1685432544.4041765
