event_sleeping_wait_all:
  end: 1685433221.9480336
  start: 1685432866.1614594
