event_sleeping_wait_all:
  end: 1685434299.4841201
  start: 1685434138.5686793
