event_sleeping_wait_all:
  end: 1685433806.987735
  start: 1685433663.6361172
