event_sleeping_wait_all:
  end: 1685434086.9468393
  start: 1685434036.1447349
