event_sleeping_wait_all:
  end: 1685433611.99606
  start: 1685433273.5658388
