event_sleeping_wait_all:
  end: 1685433984.4969516
  start: 1685433858.6764715
