event_sleeping_wait_all:
  end: 1685432814.49633
  start: 1685432688.6123602
