event_sleeping_wait_all:
  end: 1685432739.4474328
  start: 1685432688.5580552
