event_sleeping_wait_all:
  end: 1685434374.4641943
  start: 1685434138.5689023
