event_sleeping_wait_all:
  end: 1685434086.9960437
  start: 1685433571.0533555
