event_sleeping:
  end: 1685432636.9882069
  start: 1685432544.4053864
