event_sleeping_wait_all:
  end: 1685433519.4641964
  start: 1685433376.1091821
