event_sleeping_wait_all:
  end: 1685433324.4640684
  start: 1685432791.0448964
