event_sleeping:
  end: 1685433751.9903495
  start: 1685433608.9904182
