event_sleeping:
  end: 1685432776.9964523
  start: 1685432633.646541
