event_sleeping:
  end: 1685433361.9724674
  start: 1685433218.9337285
