event_sleeping:
  end: 1685433556.996565
  start: 1685433413.9862142
