event_sleeping:
  end: 1685433946.9965181
  start: 1685433804.0097432
