event_sleeping:
  end: 1685434141.9879992
  start: 1685433999.0594609
