event_sleeping_wait_all:
  end: 1685434336.996473
  start: 1685434194.0147598
