event_sleeping:
  end: 1685432581.9360733
  start: 1685432544.406445
