event_sleeping:
  end: 1685433166.9401464
  start: 1685432840.178665
