event_sleeping:
  end: 1682976406.0088096
  start: 1682976271.6556828
