event_sleeping:
  end: 1682976211.0047848
  start: 1682976160.2032378
