event_sleeping:
  end: 1682976108.5536075
  start: 1682975607.4575489
