event_sleeping:
  end: 1682976498.5435953
  start: 1682976245.1051993
