event_sleeping:
  end: 1682976193.4596527
  start: 1682975607.4572089
