event_sleeping:
  end: 1682976303.5356169
  start: 1682976050.524384
