event_sleeping:
  end: 1682975998.5534809
  start: 1682975607.4582403
