event_sleeping:
  end: 1682976303.5653975
  start: 1682975607.458595
