event_sleeping:
  end: 1682976388.553781
  start: 1682975607.4594445
