event_sleeping:
  end: 1682976248.5536728
  start: 1682975607.4558597
