event_sleeping:
  end: 1682976443.553959
  start: 1682976300.1181297
