event_sleeping:
  end: 1682976638.55139
  start: 1682976495.1107407
