event_sleeping_wait_all:
  end: 1685664725.9032075
  start: 1685664565.282882
