event_sleeping_wait_all:
  end: 1685664513.328101
  start: 1685664100.3038878
