event_sleeping:
  end: 1685664048.323672
  start: 1685663911.322235
