event_sleeping:
  end: 1685663853.3722494
  start: 1685663692.7127306
