event_sleeping_wait_all:
  end: 1685665505.9080791
  start: 1685665362.7668033
