event_sleeping:
  end: 1685663555.9078834
  start: 1685663302.8461232
