event_sleeping_wait_all:
  end: 1685665608.3332005
  start: 1685665557.84304
