event_sleeping:
  end: 1685663640.8199692
  start: 1685663607.8596234
