event_sleeping:
  end: 1685663250.911958
  start: 1685663073.3226743
