event_sleeping_wait_all:
  end: 1685665310.8121195
  start: 1685664777.889422
