event_sleeping_wait_all:
  end: 1685664920.9119027
  start: 1685664685.1016705
