event_sleeping_wait_all:
  end: 1685664633.3640485
  start: 1685664295.082779
