event_sleeping_wait_all:
  end: 1685665413.3280158
  start: 1685665074.9943771
