event_sleeping_wait_all:
  end: 1685663928.4119837
  start: 1685663692.5949166
