event_sleeping_wait_all:
  end: 1685664243.4079745
  start: 1685663980.0908148
