event_sleeping_wait_all:
  end: 1685665023.3124785
  start: 1685664972.5420396
