event_sleeping:
  end: 1685663073.3244417
  start: 1685663073.3243208
