event_sleeping:
  end: 1685663250.9079244
  start: 1685663136.291574
