event_sleeping_wait_all:
  end: 1685663640.908163
  start: 1685663302.5728397
