event_sleeping_wait_all:
  end: 1685665608.4080443
  start: 1685665362.5661442
