event_sleeping_wait_all:
  end: 1685663750.8469515
  start: 1685663497.544852
