event_sleeping_wait_all:
  end: 1685664030.8438892
  start: 1685663997.5538926
