event_sleeping:
  end: 1685663343.3862207
  start: 1685663217.5917087
