event_sleeping_wait_all:
  end: 1685665310.911589
  start: 1685665150.0691106
