event_sleeping_wait_all:
  end: 1685663445.862665
  start: 1685663395.070355
