event_sleeping:
  end: 1685663165.907913
  start: 1685663073.3252094
