event_sleeping_wait_all:
  end: 1685663945.8840523
  start: 1685663802.5169895
