event_sleeping_wait_all:
  end: 1685664530.8763452
  start: 1685664082.473459
