event_sleeping_wait_all:
  end: 1685665098.4079237
  start: 1685664954.96977
