event_sleeping_wait_all:
  end: 1685664903.3161414
  start: 1685664667.4977272
