event_sleeping_wait_all:
  end: 1685664615.845133
  start: 1685664582.5375056
