event_sleeping_wait_all:
  end: 1685664335.9119694
  start: 1685664192.471002
