event_sleeping_wait_all:
  end: 1685665098.331458
  start: 1685664862.5930073
