event_sleeping_wait_all:
  end: 1685663360.9005938
  start: 1685663200.0868225
