event_sleeping:
  end: 1685663148.3871112
  start: 1685663073.3256388
