event_sleeping_wait_all:
  end: 1685665200.845255
  start: 1685665150.0002286
