event_sleeping_wait_all:
  end: 1685664140.832096
  start: 1685663802.546996
