event_sleeping_wait_all:
  end: 1685664513.4081674
  start: 1685664387.5762148
