event_sleeping_wait_all:
  end: 1685665488.3181531
  start: 1685665252.5295563
