event_sleeping_wait_all:
  end: 1685663750.9080343
  start: 1685663412.5345478
