event_sleeping_wait_all:
  end: 1685664633.3844843
  start: 1685664565.0679355
