event_sleeping_wait_all:
  end: 1685664810.9078984
  start: 1685664685.065894
