event_sleeping:
  end: 1685663835.8187704
  start: 1685663302.44682
