event_sleeping:
  end: 1685664920.911576
  start: 1685664667.4962642
