event_sleeping:
  end: 1685665115.8681352
  start: 1685664972.4887593
