event_sleeping_wait_all:
  end: 1685665413.4080787
  start: 1685665269.9905446
