event_sleeping:
  end: 1685663250.843822
  start: 1685663217.4261866
