event_sleeping:
  end: 1685664615.9081132
  start: 1685664082.4974658
