event_sleeping:
  end: 1685664030.9080706
  start: 1685663887.4490733
