event_sleeping:
  end: 1685663165.8520582
  start: 1685663073.3253756
