event_sleeping:
  end: 1685665218.3587413
  start: 1685665167.4621978
