event_sleeping:
  end: 1685663305.9116645
  start: 1685663162.800386
