event_sleeping_wait_all:
  end: 1685665645.8722165
  start: 1685665502.8173466
