event_sleeping:
  end: 1685664670.8560452
  start: 1685664527.9328313
