event_sleeping:
  end: 1685664475.9001584
  start: 1685664332.906807
