event_sleeping:
  end: 1685663695.8640535
  start: 1685663357.9678173
