event_sleeping:
  end: 1685664865.816001
  start: 1685664722.8278217
