event_sleeping:
  end: 1685664085.8280725
  start: 1685663942.914231
