event_sleeping:
  end: 1685665060.8602097
  start: 1685664917.8372273
