event_sleeping:
  end: 1685663890.9117417
  start: 1685663747.8910718
