event_sleeping:
  end: 1685665255.9064975
  start: 1685665112.9915664
