event_sleeping_wait_all:
  end: 1685665450.8166068
  start: 1685665307.9325256
