event_sleeping:
  end: 1685663110.8322482
  start: 1685663073.3186865
