event_sleeping:
  end: 1685664280.8602386
  start: 1685664137.8104699
