event_sleeping_wait_all:
  end: 1685683945.079293
  start: 1685683709.5674264
