event_sleeping_wait_all:
  end: 1685683657.5791836
  start: 1685683531.9583466
