event_sleeping:
  end: 1685683090.0758617
  start: 1685682487.4942963
