event_sleeping_wait_all:
  end: 1685683480.0764637
  start: 1685683337.0547173
