event_sleeping:
  end: 1685683285.0761502
  start: 1685683147.9362051
