event_sleeping:
  end: 1685682700.0400443
  start: 1685682487.494046
