event_sleeping_wait_all:
  end: 1685683962.5708082
  start: 1685683319.1859024
