event_sleeping_wait_all:
  end: 1685683267.5160775
  start: 1685683141.72494
