event_sleeping_wait_all:
  end: 1685683090.0278914
  start: 1685683039.1954699
