event_sleeping_wait_all:
  end: 1685684335.036234
  start: 1685684014.1981936
