event_sleeping:
  end: 1685682987.536115
  start: 1685682760.7710178
