event_sleeping:
  end: 1685683165.0128174
  start: 1685682844.1795647
