event_sleeping_wait_all:
  end: 1685683962.5791478
  start: 1685683531.6626523
