event_sleeping_wait_all:
  end: 1685683360.0680244
  start: 1685683216.6751041
