event_sleeping:
  end: 1685682597.5080206
  start: 1685682487.4908464
