event_sleeping_wait_all:
  end: 1685684065.0201175
  start: 1685684014.2776816
