event_sleeping_wait_all:
  end: 1685683480.008077
  start: 1685683411.7247868
