event_sleeping:
  end: 1685682792.5537477
  start: 1685682649.1436327
