event_sleeping_wait_all:
  end: 1685682792.5908086
  start: 1685682631.7783468
