event_sleeping_wait_all:
  end: 1685683377.4844863
  start: 1685682929.1556215
