event_sleeping_wait_all:
  end: 1685683750.0758698
  start: 1685683429.1342466
