event_sleeping:
  end: 1685682580.073878
  start: 1685682487.4889045
