event_sleeping_wait_all:
  end: 1685682877.5123332
  start: 1685682844.2265832
