event_sleeping_wait_all:
  end: 1685684437.5789843
  start: 1685684099.0956037
