event_sleeping_wait_all:
  end: 1685683657.5788474
  start: 1685683531.6283455
