event_sleeping:
  end: 1685683267.576077
  start: 1685682539.0700085
