event_sleeping:
  end: 1685682487.4926262
  start: 1685682487.4922066
