event_sleeping_wait_all:
  end: 1685684742.5795047
  start: 1685684489.1934402
