event_sleeping:
  end: 1685683480.0084543
  start: 1685683319.182965
