event_sleeping_wait_all:
  end: 1685685115.0628862
  start: 1685684794.177272
