event_sleeping_wait_all:
  end: 1685683962.571163
  start: 1685683709.2043123
