event_sleeping_wait_all:
  end: 1685684047.499943
  start: 1685684014.1604097
