event_sleeping_wait_all:
  end: 1685683907.5687456
  start: 1685683764.5580993
