event_sleeping_wait_all:
  end: 1685685077.5792747
  start: 1685684934.5823743
