event_sleeping:
  end: 1685683517.5791907
  start: 1685683374.638421
