event_sleeping_wait_all:
  end: 1685684102.5759933
  start: 1685683959.6014316
