event_sleeping_wait_all:
  end: 1685684882.5760822
  start: 1685684739.5600867
