event_sleeping_wait_all:
  end: 1685683712.5080109
  start: 1685683569.5905643
