event_sleeping:
  end: 1685682737.5534263
  start: 1685682594.5514297
