event_sleeping:
  end: 1685682542.5319467
  start: 1685682487.483014
