event_sleeping:
  end: 1685683322.5759711
  start: 1685683179.5189514
