event_sleeping_wait_all:
  end: 1685684297.5318553
  start: 1685684154.6172807
