event_sleeping_wait_all:
  end: 1685684492.5080054
  start: 1685684349.5191457
