event_sleeping_wait_all:
  end: 1685684687.5471833
  start: 1685684544.5479622
