event_sleeping:
  end: 1685683127.4791114
  start: 1685682789.6207263
