event_sleeping:
  end: 1686234185.9602528
  start: 1686234042.0184908
