event_sleeping:
  end: 1686233795.9673314
  start: 1686233744.4838145
