event_sleeping:
  end: 1686233406.0157237
  start: 1686233210.9253685
