event_sleeping:
  end: 1686234845.9274786
  start: 1686234702.0721703
