event_sleeping:
  end: 1686233990.9493692
  start: 1686233847.0167844
