event_sleeping:
  end: 1686235431.015962
  start: 1686234897.0088203
