event_sleeping:
  end: 1686233693.4196177
  start: 1686233457.0632489
