event_sleeping:
  end: 1686234651.0165584
  start: 1686234237.0064607
