event_sleeping:
  end: 1686233210.9247508
  start: 1686233210.924537
