event_sleeping:
  end: 1686235041.0118182
  start: 1686234822.0144908
