event_sleeping:
  end: 1686233796.0156088
  start: 1686233457.0590332
