event_sleeping:
  end: 1686235160.984749
  start: 1686235092.1192253
