event_sleeping:
  end: 1686235550.9450512
  start: 1686235212.0889945
