event_sleeping:
  end: 1686233406.015429
  start: 1686233261.7634645
