event_sleeping:
  end: 1686234770.9196644
  start: 1686234432.0964756
