event_sleeping:
  end: 1686234380.999634
  start: 1686234134.603151
