event_sleeping:
  end: 1686234083.4956746
  start: 1686233847.1126237
