event_sleeping:
  end: 1686234185.990467
  start: 1686234117.045074
