event_sleeping:
  end: 1686233481.0154674
  start: 1686233337.0471895
