event_sleeping:
  end: 1686235430.9223468
  start: 1686235287.0388734
