event_sleeping:
  end: 1686235235.959595
  start: 1686235092.0446594
