event_sleeping:
  end: 1686234770.9777713
  start: 1686234702.0738487
