event_sleeping:
  end: 1686235041.0115473
  start: 1686234822.0166626
