event_sleeping:
  end: 1686233870.9888783
  start: 1686233634.55321
