event_sleeping:
  end: 1686234065.9302626
  start: 1686233922.0657825
