event_sleeping:
  end: 1686234651.0156453
  start: 1686234237.0990775
