event_sleeping:
  end: 1686234261.0088491
  start: 1686233922.0644686
