event_sleeping:
  end: 1686233498.516278
  start: 1686233337.0451243
