event_sleeping:
  end: 1686234455.977109
  start: 1686234312.1074467
