event_sleeping:
  end: 1686235236.016174
  start: 1686235017.070071
