event_sleeping:
  end: 1686234651.016213
  start: 1686234507.0237055
