event_sleeping:
  end: 1686233285.9914799
  start: 1686233210.9250407
