event_sleeping:
  end: 1686234770.976767
  start: 1686234702.0961952
