event_sleeping:
  end: 1686233870.988653
  start: 1686233549.591885
