event_sleeping:
  end: 1686235355.9315073
  start: 1686235287.059476
