event_sleeping:
  end: 1686234965.9914856
  start: 1686234822.0737839
