event_sleeping:
  end: 1686235626.0160635
  start: 1686235407.0162554
