event_sleeping:
  end: 1686235236.0155652
  start: 1686235092.0141547
