event_sleeping:
  end: 1686233405.9713895
  start: 1686233337.0173552
