event_sleeping:
  end: 1686233285.9920952
  start: 1686233210.9226303
