event_sleeping:
  end: 1686234186.0291226
  start: 1686234041.978584
