event_sleeping:
  end: 1686233990.949083
  start: 1686233456.9041233
