event_sleeping:
  end: 1686235041.015725
  start: 1686234804.500905
