event_sleeping:
  end: 1686235355.9316518
  start: 1686235287.0384262
