event_sleeping:
  end: 1686234753.515997
  start: 1686234237.0324917
