event_sleeping:
  end: 1686235533.487974
  start: 1686235406.9623508
