event_sleeping:
  end: 1686234223.4980054
  start: 1686234079.6201785
