event_sleeping:
  end: 1686234418.4720292
  start: 1686234274.595283
