event_sleeping:
  end: 1686234613.417923
  start: 1686234469.5637941
