event_sleeping:
  end: 1686235198.5159018
  start: 1686235054.5670624
