event_sleeping:
  end: 1686233248.4516485
  start: 1686233210.9231384
