event_sleeping:
  end: 1686235003.4646354
  start: 1686234909.825436
