event_sleeping:
  end: 1686235393.4855745
  start: 1686235249.6475976
