event_sleeping:
  end: 1686233833.5157995
  start: 1686233494.507822
