event_sleeping:
  end: 1686233443.4380856
  start: 1686233299.3076277
