event_sleeping:
  end: 1686234028.515962
  start: 1686233884.6312459
