event_sleeping:
  end: 1686234808.4970798
  start: 1686234664.5111954
