event_sleeping_wait_all:
  end: 1685728897.3081446
  start: 1685728754.3993962
