event_sleeping:
  end: 1685728702.399925
  start: 1685728541.8369682
