event_sleeping:
  end: 1685728489.9038577
  start: 1685728099.820914
