event_sleeping_wait_all:
  end: 1685729092.3168492
  start: 1685728949.2835793
