event_sleeping_wait_all:
  end: 1685729074.8998938
  start: 1685728754.0146196
