event_sleeping:
  end: 1685728312.3160396
  start: 1685728151.4720225
