event_sleeping_wait_all:
  end: 1685728599.8680692
  start: 1685728363.9742084
