event_sleeping:
  end: 1685728099.8147128
  start: 1685728099.8145947
