event_sleeping_wait_all:
  end: 1685729379.889195
  start: 1685729126.5256813
