event_sleeping_wait_all:
  end: 1685728702.3521173
  start: 1685728651.5282943
