event_sleeping_wait_all:
  end: 1685729464.8339274
  start: 1685729431.5598953
