event_sleeping_wait_all:
  end: 1685729769.856042
  start: 1685729516.5181835
