event_sleeping_wait_all:
  end: 1685729947.351389
  start: 1685729821.4998183
