event_sleeping:
  end: 1685728099.8165133
  start: 1685728099.8162878
