event_sleeping_wait_all:
  end: 1685728972.3480384
  start: 1685728829.0867558
