event_sleeping:
  end: 1685728777.4000716
  start: 1685728151.441938
