event_sleeping_wait_all:
  end: 1685729092.3845527
  start: 1685729024.0456192
