event_sleeping_wait_all:
  end: 1685728684.8183875
  start: 1685728541.4593134
