event_sleeping_wait_all:
  end: 1685729362.4010344
  start: 1685729126.4971957
