event_sleeping:
  end: 1685728192.3521342
  start: 1685728099.8178017
