event_sleeping_wait_all:
  end: 1685729074.859091
  start: 1685728931.477468
