event_sleeping_wait_all:
  end: 1685728879.8311691
  start: 1685728736.4705873
