event_sleeping_wait_all:
  end: 1685728489.821773
  start: 1685728243.9940567
