event_sleeping:
  end: 1685728489.8321779
  start: 1685728456.3842354
