event_sleeping:
  end: 1685728989.900015
  start: 1685728541.4271204
