event_sleeping:
  end: 1685728099.8208385
  start: 1685728099.8206632
