event_sleeping:
  end: 1685728404.8080227
  start: 1685728151.4127698
