event_sleeping:
  end: 1685729092.3502858
  start: 1685729041.4632454
