event_sleeping_wait_all:
  end: 1685729909.8847175
  start: 1685729766.847716
