event_sleeping_wait_all:
  end: 1685729519.8361046
  start: 1685729376.8964994
