event_sleeping:
  end: 1685728154.8274167
  start: 1685728099.812146
