event_sleeping_wait_all:
  end: 1685729714.8359926
  start: 1685729571.8741534
