event_sleeping:
  end: 1685729129.8374286
  start: 1685728986.8549068
