event_sleeping_wait_all:
  end: 1685729324.8108733
  start: 1685729181.8504293
