event_sleeping:
  end: 1685728739.8834395
  start: 1685728596.9478016
