event_sleeping:
  end: 1685728934.8126667
  start: 1685728791.9852064
