event_sleeping:
  end: 1685728544.844669
  start: 1685728401.9646804
