event_sleeping:
  end: 1685728349.9001307
  start: 1685728206.8470569
