event_sleeping:
  end: 1686173055.827392
  start: 1686172911.826454
