event_sleeping:
  end: 1686174988.2315054
  start: 1686174954.392294
