event_sleeping:
  end: 1686173715.8003767
  start: 1686173571.8375664
