event_sleeping:
  end: 1686172665.8276298
  start: 1686172505.5340433
