event_sleeping:
  end: 1686174615.7355187
  start: 1686174546.8835382
