event_sleeping:
  end: 1686174903.3036468
  start: 1686174666.7994945
