event_sleeping:
  end: 1686174300.779392
  start: 1686174064.3179688
