event_sleeping:
  end: 1686174013.2598133
  start: 1686173979.400231
