event_sleeping:
  end: 1686173928.3118925
  start: 1686173766.9109018
