event_sleeping:
  end: 1686175878.247628
  start: 1686175641.8286462
