event_sleeping:
  end: 1686173520.751633
  start: 1686173106.8429441
