event_sleeping:
  end: 1686175590.7795894
  start: 1686175039.2955325
