event_sleeping:
  end: 1686174495.8276823
  start: 1686174351.826087
