event_sleeping:
  end: 1686172453.3274171
  start: 1686172063.2427812
