event_sleeping:
  end: 1686172860.7436085
  start: 1686172716.8905637
