event_sleeping:
  end: 1686174598.311732
  start: 1686174454.4092658
