event_sleeping:
  end: 1686173428.2315917
  start: 1686173394.3748558
