event_sleeping:
  end: 1686174403.3294528
  start: 1686174259.4325266
