event_sleeping:
  end: 1686174793.327421
  start: 1686174649.4135554
