event_sleeping:
  end: 1686175963.303595
  start: 1686175836.8401299
