event_sleeping:
  end: 1686174030.7601366
  start: 1686173961.8330553
