event_sleeping:
  end: 1686172063.23799
  start: 1686172063.2379558
