event_sleeping:
  end: 1686172563.2995865
  start: 1686172326.9233015
