event_sleeping:
  end: 1686172275.8170204
  start: 1686172114.0321581
