event_sleeping:
  end: 1686173733.3116355
  start: 1686173479.3124504
