event_sleeping:
  end: 1686173038.2796142
  start: 1686172716.7872484
