event_sleeping:
  end: 1686173343.2719588
  start: 1686173089.3154829
