event_sleeping:
  end: 1686174208.3295019
  start: 1686174081.8765683
