event_sleeping:
  end: 1686173910.73414
  start: 1686173784.4082105
