event_sleeping:
  end: 1686175785.7639496
  start: 1686174844.3748713
