event_sleeping:
  end: 1686172665.7357411
  start: 1686172614.39292
