event_sleeping:
  end: 1686176268.3276515
  start: 1686175819.3425198
