event_sleeping:
  end: 1686174615.7796469
  start: 1686174564.4081411
