event_sleeping:
  end: 1686174903.327575
  start: 1686174666.8259923
