event_sleeping:
  end: 1686172063.2352633
  start: 1686172063.234818
