event_sleeping:
  end: 1686174013.2317142
  start: 1686173961.9235468
