event_sleeping:
  end: 1686175378.3291724
  start: 1686175039.3049762
