event_sleeping:
  end: 1686173640.7436044
  start: 1686173479.3973851
