event_sleeping:
  end: 1686173910.8292546
  start: 1686173691.8339155
