event_sleeping:
  end: 1686172740.8275485
  start: 1686172114.026618
