event_sleeping:
  end: 1686174988.2315893
  start: 1686174954.3894455
