event_sleeping:
  end: 1686174300.7515647
  start: 1686174064.2804856
