event_sleeping:
  end: 1686173428.327585
  start: 1686173106.8580348
