event_sleeping:
  end: 1686174513.3199325
  start: 1686174351.7891884
