event_sleeping:
  end: 1686173055.795423
  start: 1686172986.8794873
