event_sleeping:
  end: 1686172935.82746
  start: 1686172791.9434807
