event_sleeping:
  end: 1686175768.2316256
  start: 1686175429.3855789
