event_sleeping:
  end: 1686176268.246026
  start: 1686175819.3420823
