event_sleeping:
  end: 1686174225.7983005
  start: 1686174156.8755577
