event_sleeping:
  end: 1686174495.751669
  start: 1686174276.882702
