event_sleeping:
  end: 1686172843.2396145
  start: 1686172699.3908842
