event_sleeping:
  end: 1686173038.3275182
  start: 1686172894.3423955
