event_sleeping:
  end: 1686175183.3275807
  start: 1686174741.9251423
