event_sleeping:
  end: 1686172453.3276682
  start: 1686172206.8864915
