event_sleeping:
  end: 1686173325.7356782
  start: 1686173089.3669112
