event_sleeping:
  end: 1686174105.815582
  start: 1686173691.841563
