event_sleeping:
  end: 1686172648.3275263
  start: 1686172504.4145777
