event_sleeping:
  end: 1686175768.2603066
  start: 1686175734.389475
