event_sleeping:
  end: 1686173520.7808485
  start: 1686173376.8296306
