event_sleeping:
  end: 1686172155.7938857
  start: 1686172063.242107
