event_sleeping:
  end: 1686175683.327526
  start: 1686175234.4209201
