event_sleeping:
  end: 1686174690.8236613
  start: 1686174546.845691
