event_sleeping:
  end: 1686173640.7732377
  start: 1686173571.8390794
