event_sleeping:
  end: 1686173538.3183544
  start: 1686173394.269563
