event_sleeping:
  end: 1686176250.7756438
  start: 1686175836.832171
