event_sleeping:
  end: 1686175573.2634296
  start: 1686175539.2476933
