event_sleeping:
  end: 1686173055.7372472
  start: 1686173004.3061905
