event_sleeping:
  end: 1686172368.2636697
  start: 1686172113.9878063
