event_sleeping:
  end: 1686173343.2716393
  start: 1686173106.683071
