event_sleeping:
  end: 1686172453.2632568
  start: 1686172419.2486567
