event_sleeping:
  end: 1686174793.2804997
  start: 1686174741.8173134
