event_sleeping:
  end: 1686172063.241757
  start: 1686172063.2414494
