event_sleeping:
  end: 1686174988.2659187
  start: 1686174844.240081
