event_sleeping:
  end: 1686175785.8275025
  start: 1686175624.2428195
