event_sleeping:
  end: 1686175488.231589
  start: 1686175344.3361301
