event_sleeping:
  end: 1686174318.3292708
  start: 1686174174.316611
