event_sleeping:
  end: 1686174690.8234885
  start: 1686174369.284292
