event_sleeping:
  end: 1686175293.3196547
  start: 1686175039.273419
