event_sleeping:
  end: 1686172953.287698
  start: 1686172504.2262154
