event_sleeping:
  end: 1686174123.2875907
  start: 1686173869.2351215
