event_sleeping:
  end: 1686173288.2315795
  start: 1686173144.306129
