event_sleeping:
  end: 1686175628.3274446
  start: 1686174899.402253
