event_sleeping:
  end: 1686172508.3275044
  start: 1686172364.4489267
