event_sleeping:
  end: 1686174263.3116224
  start: 1686174119.3945115
