event_sleeping:
  end: 1686172313.3293734
  start: 1686172169.154988
