event_sleeping:
  end: 1686173093.2369466
  start: 1686172949.3607996
