event_sleeping:
  end: 1686174653.3294947
  start: 1686174509.378488
