event_sleeping:
  end: 1686172703.3295784
  start: 1686172559.3987803
