event_sleeping:
  end: 1686174458.279622
  start: 1686174314.39014
