event_sleeping:
  end: 1686175823.327486
  start: 1686175679.376549
