event_sleeping:
  end: 1686172898.2475827
  start: 1686172754.4210083
