event_sleeping:
  end: 1686174068.3275342
  start: 1686173924.365298
