event_sleeping:
  end: 1686172118.2860022
  start: 1686172063.2376087
