event_sleeping:
  end: 1686173873.2756505
  start: 1686173749.2781765
