event_sleeping:
  end: 1686174848.327396
  start: 1686174704.4321854
