event_sleeping:
  end: 1686173483.275638
  start: 1686173339.3075278
