event_sleeping:
  end: 1686173678.2476804
  start: 1686173534.3647287
