event_sleeping:
  end: 1684055110.8161232
  start: 1684054881.5845149
