event_sleeping:
  end: 1684053355.7700434
  start: 1684053304.1048367
