event_sleeping:
  end: 1684059688.2395933
  start: 1684059469.0614076
