event_sleeping:
  end: 1684057840.8162775
  start: 1684057696.5919926
