event_sleeping:
  end: 1684053550.758455
  start: 1684053406.5450237
