event_sleeping:
  end: 1684052770.7221932
  start: 1684052736.5997202
