event_sleeping:
  end: 1684055593.315609
  start: 1684055161.5912402
