event_sleeping:
  end: 1684056195.796116
  start: 1684055746.515334
