event_sleeping:
  end: 1684055695.7675333
  start: 1684055644.0876732
