event_sleeping:
  end: 1684057170.818666
  start: 1684056721.5897152
