event_sleeping:
  end: 1684052685.7748175
  start: 1684052630.7245295
