event_sleeping:
  end: 1684053253.3213992
  start: 1684053016.6002896
