event_sleeping:
  end: 1684053940.746539
  start: 1684053906.5828702
