event_sleeping:
  end: 1684053855.8230848
  start: 1684053601.535184
