event_sleeping:
  end: 1684059418.2592423
  start: 1684059366.5967817
