event_sleeping:
  end: 1684058035.8157074
  start: 1684057891.6224508
