event_sleeping:
  end: 1684052965.815603
  start: 1684052821.476528
