event_sleeping:
  end: 1684056475.739464
  start: 1684056441.6447015
