event_sleeping:
  end: 1684056390.8155158
  start: 1684056246.5661712
