event_sleeping:
  end: 1684057645.735521
  start: 1684057221.6044087
