event_sleeping:
  end: 1684056670.8071215
  start: 1684056526.5206196
