event_sleeping:
  end: 1684058908.3154995
  start: 1684058476.6347067
