event_sleeping:
  end: 1684059103.284638
  start: 1684058959.1176562
