event_sleeping:
  end: 1684059315.81562
  start: 1684059154.0761802
