event_sleeping:
  end: 1684058425.8155146
  start: 1684058086.5803487
