event_sleeping:
  end: 1684054330.7674334
  start: 1684053991.5406146
