event_sleeping:
  end: 1684054830.7555118
  start: 1684054381.5876405
