event_sleeping:
  end: 1684052965.7676227
  start: 1684052914.121744
