event_sleeping:
  end: 1684056298.3156517
  start: 1684056051.618907
