event_sleeping:
  end: 1684056000.8186033
  start: 1684055764.0047166
