event_sleeping:
  end: 1684055713.2278554
  start: 1684055661.549442
