event_sleeping:
  end: 1684057543.318057
  start: 1684057111.5507805
