event_sleeping:
  end: 1684055610.7674925
  start: 1684055449.0861218
