event_sleeping:
  end: 1684058815.739623
  start: 1684058586.6101174
