event_sleeping:
  end: 1684054245.7675653
  start: 1684053906.5661619
