event_sleeping:
  end: 1684054423.315529
  start: 1684054296.5509605
