event_sleeping:
  end: 1684056975.8153527
  start: 1684056349.1132457
