event_sleeping:
  end: 1684054738.2995038
  start: 1684054474.1101823
