event_sleeping:
  end: 1684055128.3065634
  start: 1684054966.6077805
