event_sleeping:
  end: 1684053855.791564
  start: 1684053516.5953321
