event_sleeping:
  end: 1684052863.3188772
  start: 1684052736.5916584
