event_sleeping:
  end: 1684057060.7530293
  start: 1684057026.594748
