event_sleeping:
  end: 1684053160.8156662
  start: 1684053016.5406418
