event_sleeping:
  end: 1684059120.75555
  start: 1684058866.5227826
