event_sleeping:
  end: 1684058535.80101
  start: 1684058281.59025
