event_sleeping:
  end: 1684054915.8001032
  start: 1684054789.1073008
