event_sleeping:
  end: 1684058230.7555454
  start: 1684058086.5742867
