event_sleeping:
  end: 1684055398.3154166
  start: 1684055179.1227689
