event_sleeping:
  end: 1684053465.8155408
  start: 1684053211.5666523
