event_sleeping:
  end: 1684052685.775896
  start: 1684052630.7255292
