event_sleeping:
  end: 1684059493.3113592
  start: 1684059171.5929008
