event_sleeping:
  end: 1684058035.8154442
  start: 1684057891.5760357
