event_sleeping:
  end: 1684057840.7835803
  start: 1684057594.1468866
