event_sleeping:
  end: 1684059315.7435727
  start: 1684059061.560475
