event_sleeping:
  end: 1684056493.253543
  start: 1684056331.5460575
