event_sleeping:
  end: 1684057755.8155043
  start: 1684057111.5915205
