event_sleeping:
  end: 1684053763.311415
  start: 1684053516.5134547
