event_sleeping:
  end: 1684055610.8153794
  start: 1684055449.0182226
