event_sleeping:
  end: 1684059010.815419
  start: 1684058671.5555449
