event_sleeping:
  end: 1684055025.8160422
  start: 1684054771.6061096
