event_sleeping:
  end: 1684058323.2796834
  start: 1684058001.6284537
