event_sleeping:
  end: 1684053940.815615
  start: 1684053814.1017241
