event_sleeping:
  end: 1684053075.815521
  start: 1684052931.5170221
