event_sleeping:
  end: 1684056280.7673552
  start: 1684056229.03099
