event_sleeping:
  end: 1684054423.2357018
  start: 1684053991.6165595
