event_sleeping:
  end: 1684053160.7190053
  start: 1684053126.6423142
