event_sleeping:
  end: 1684059400.7521696
  start: 1684059366.5279996
