event_sleeping:
  end: 1684053465.736568
  start: 1684053211.5457492
