event_sleeping:
  end: 1684055398.2570884
  start: 1684055271.6115894
