event_sleeping:
  end: 1684057950.8202727
  start: 1684057806.588668
