event_sleeping:
  end: 1684059688.3178487
  start: 1684059451.5636237
