event_sleeping:
  end: 1684052668.2254407
  start: 1684052630.726314
