event_sleeping:
  end: 1684052880.7522562
  start: 1684052719.027711
