event_sleeping:
  end: 1684055220.8180761
  start: 1684055076.5898292
