event_sleeping:
  end: 1684057060.8155956
  start: 1684056916.6311955
