event_sleeping:
  end: 1684054720.8154416
  start: 1684054576.545451
