event_sleeping:
  end: 1684058620.7514334
  start: 1684058586.6107402
