event_sleeping:
  end: 1684054525.7699564
  start: 1684054474.0217838
