event_sleeping:
  end: 1684056865.8156507
  start: 1684056544.0803483
