event_sleeping:
  end: 1684056178.23278
  start: 1684055856.6569076
