event_sleeping:
  end: 1684058535.80259
  start: 1684058374.087827
