event_sleeping:
  end: 1684055805.8155456
  start: 1684055661.5972803
