event_sleeping:
  end: 1684057468.3035078
  start: 1684057306.5329142
