event_sleeping:
  end: 1684052685.7653213
  start: 1684052630.7303286
