event_sleeping:
  end: 1684058443.2676408
  start: 1684058391.5419862
