event_sleeping:
  end: 1684057170.8180757
  start: 1684057026.5956566
