event_sleeping:
  end: 1684059613.3155105
  start: 1684059451.5749447
