event_sleeping:
  end: 1684055305.8155625
  start: 1684055161.5345087
