event_sleeping:
  end: 1684054738.3246403
  start: 1684054491.6397316
