event_sleeping:
  end: 1684056585.8170407
  start: 1684056331.5835216
