event_sleeping:
  end: 1684053660.7929475
  start: 1684053516.6407273
