event_sleeping:
  end: 1684057255.7521102
  start: 1684057221.5936942
