event_sleeping:
  end: 1684055025.815584
  start: 1684054789.091553
