event_sleeping:
  end: 1684053253.2604153
  start: 1684052821.5010858
