event_sleeping:
  end: 1684059400.7522743
  start: 1684059366.6439471
