event_sleeping:
  end: 1684057950.8155603
  start: 1684057519.1337209
