event_sleeping:
  end: 1684056975.8155603
  start: 1684056636.5875466
