event_sleeping:
  end: 1684053465.815991
  start: 1684053304.0253727
