event_sleeping:
  end: 1684059010.7596223
  start: 1684058494.0675611
