event_sleeping:
  end: 1684052770.7545907
  start: 1684052736.5427675
