event_sleeping:
  end: 1684054440.8155785
  start: 1684054186.5479665
