event_sleeping:
  end: 1684055110.752143
  start: 1684055076.6288822
