event_sleeping:
  end: 1684053855.8219967
  start: 1684053711.6037765
