event_sleeping:
  end: 1684059315.8158336
  start: 1684059061.5490713
