event_sleeping:
  end: 1684055908.3181665
  start: 1684055643.989066
