event_sleeping:
  end: 1684054135.815458
  start: 1684053906.5738468
