event_sleeping:
  end: 1684055593.231716
  start: 1684055356.6495733
