event_sleeping:
  end: 1684058340.7896838
  start: 1684058196.625403
