event_sleeping:
  end: 1684058145.818215
  start: 1684058001.6016357
