event_sleeping:
  end: 1684056280.8153996
  start: 1684055959.1399212
