event_sleeping:
  end: 1684056568.315479
  start: 1684056424.0892901
