event_sleeping:
  end: 1684059315.8153796
  start: 1684059061.5551481
