event_sleeping:
  end: 1684055110.752088
  start: 1684055076.5409505
