event_sleeping:
  end: 1684058128.315624
  start: 1684057221.54982
