event_sleeping:
  end: 1684058518.315509
  start: 1684058374.0302608
