event_sleeping:
  end: 1684057170.8183994
  start: 1684056916.5189621
