event_sleeping:
  end: 1684056373.3182595
  start: 1684056051.5626554
