event_sleeping:
  end: 1684058730.8154957
  start: 1684058569.0653913
