event_sleeping:
  end: 1684053355.7394216
  start: 1684053303.987858
