event_sleeping:
  end: 1684054525.8160365
  start: 1684054186.4740736
