event_sleeping:
  end: 1684059010.8197227
  start: 1684058883.893316
