event_sleeping:
  end: 1684055025.8158066
  start: 1684054576.5401132
