event_sleeping:
  end: 1684052863.3181546
  start: 1684052630.7310622
