event_sleeping:
  end: 1684055398.3159478
  start: 1684055161.4479644
