event_sleeping:
  end: 1684056000.815541
  start: 1684055746.514155
