event_sleeping:
  end: 1684053253.2596667
  start: 1684052914.0397172
