event_sleeping:
  end: 1684053568.3156574
  start: 1684053406.4967265
