event_sleeping:
  end: 1684055695.815369
  start: 1684055551.4839184
