event_sleeping:
  end: 1684054050.7715583
  start: 1684053619.0260334
