event_sleeping:
  end: 1684058833.2203934
  start: 1684058781.5959632
