event_sleeping:
  end: 1684054135.7514105
  start: 1684054101.541974
