event_sleeping:
  end: 1684058323.32071
  start: 1684058179.0397499
