event_sleeping:
  end: 1684055500.7699034
  start: 1684055449.0174005
