event_sleeping:
  end: 1684056865.809903
  start: 1684056619.0324786
