event_sleeping:
  end: 1684055555.7795668
  start: 1684055411.9154468
