event_sleeping:
  end: 1684059065.7807508
  start: 1684058921.9140003
