event_sleeping:
  end: 1684053215.8181567
  start: 1684053071.856434
