event_sleeping:
  end: 1684058480.7714486
  start: 1684058336.9084501
