event_sleeping:
  end: 1684056920.8155096
  start: 1684056581.899754
