event_sleeping:
  end: 1684053800.8089042
  start: 1684053656.9097664
