event_sleeping:
  end: 1684056530.7871375
  start: 1684056386.9105883
