event_sleeping:
  end: 1684052825.7436173
  start: 1684052681.5743196
