event_sleeping:
  end: 1684059260.794801
  start: 1684059116.899831
