event_sleeping:
  end: 1684056140.8002157
  start: 1684055996.8525274
