event_sleeping:
  end: 1684053605.8155344
  start: 1684053266.921231
