event_sleeping:
  end: 1684058090.7410796
  start: 1684057556.9464133
