event_sleeping:
  end: 1684057115.7274995
  start: 1684056971.9282951
