event_sleeping:
  end: 1684055360.7515938
  start: 1684055216.938392
