event_sleeping:
  end: 1684052630.7221851
  start: 1684052630.7215278
