event_sleeping:
  end: 1684054775.8034463
  start: 1684054436.9604065
