event_sleeping:
  end: 1684058285.8154836
  start: 1684058141.8728533
