event_sleeping:
  end: 1684054385.8155212
  start: 1684053851.9340026
