event_sleeping:
  end: 1684056335.8044922
  start: 1684056191.9227026
