event_sleeping:
  end: 1684059455.8013067
  start: 1684059311.931038
