event_sleeping:
  end: 1684055945.758668
  start: 1684055801.976472
