event_sleeping:
  end: 1684055165.807922
  start: 1684054826.885386
