event_sleeping:
  end: 1684055750.815469
  start: 1684055606.8871295
