event_sleeping:
  end: 1684053020.7394788
  start: 1684052876.878575
