event_sleeping:
  end: 1684058870.8179953
  start: 1684058531.8768704
