event_sleeping:
  end: 1684057505.815615
  start: 1684057166.850263
