event_sleeping_wait_all:
  end: 1685637872.7724366
  start: 1685637729.7156534
