event_sleeping:
  end: 1685637677.7440536
  start: 1685637540.708825
