event_sleeping:
  end: 1685637482.7681012
  start: 1685636880.185233
