event_sleeping_wait_all:
  end: 1685638355.2302094
  start: 1685637711.9434617
