event_sleeping_wait_all:
  end: 1685638727.6801932
  start: 1685638406.9281006
