event_sleeping:
  end: 1685637092.7356956
  start: 1685636880.1845047
