event_sleeping:
  end: 1685637380.232103
  start: 1685637153.4154994
