event_sleeping_wait_all:
  end: 1685637482.7158725
  start: 1685637431.8849967
