event_sleeping_wait_all:
  end: 1685637660.2680645
  start: 1685637534.384883
