event_sleeping_wait_all:
  end: 1685637872.7396595
  start: 1685637804.3791525
