event_sleeping_wait_all:
  end: 1685638457.670784
  start: 1685638406.9300086
