event_sleeping:
  end: 1685636990.2426314
  start: 1685636880.1819634
