event_sleeping:
  end: 1685637185.2691176
  start: 1685637041.9124281
