event_sleeping:
  end: 1685637557.7168665
  start: 1685637236.9175386
