event_sleeping_wait_all:
  end: 1685637752.7226813
  start: 1685637609.3951807
