event_sleeping_wait_all:
  end: 1685638355.2679546
  start: 1685637924.338769
