event_sleeping_wait_all:
  end: 1685637185.2688043
  start: 1685637024.402687
