event_sleeping_wait_all:
  end: 1685638142.7680857
  start: 1685637821.9554582
