event_sleeping:
  end: 1685636972.7160394
  start: 1685636880.1825554
