event_sleeping_wait_all:
  end: 1685637270.2021039
  start: 1685637236.9816747
