event_sleeping_wait_all:
  end: 1685637770.268821
  start: 1685637321.845064
