event_sleeping:
  end: 1685637872.706711
  start: 1685637711.810677
