event_sleeping:
  end: 1685636880.1839652
  start: 1685636880.1834226
