event_sleeping:
  end: 1685637660.2041514
  start: 1685636931.7838268
