event_sleeping:
  end: 1685636935.188018
  start: 1685636880.1776233
