event_sleeping_wait_all:
  end: 1685638495.1961305
  start: 1685638352.3485992
