event_sleeping:
  end: 1685637130.1720855
  start: 1685636987.1939855
