event_sleeping_wait_all:
  end: 1685638105.2199857
  start: 1685637962.2950773
