event_sleeping_wait_all:
  end: 1685638690.2420478
  start: 1685638547.2534044
