event_sleeping_wait_all:
  end: 1685638300.2690685
  start: 1685638157.2167768
