event_sleeping:
  end: 1685637910.2681704
  start: 1685637767.2416298
