event_sleeping:
  end: 1685637715.235813
  start: 1685637572.2828212
