event_sleeping:
  end: 1685637520.2691336
  start: 1685637182.1586506
