event_sleeping_wait_all:
  end: 1685438817.0498793
  start: 1685438784.0866964
