event_sleeping:
  end: 1685438444.5691152
  start: 1685438249.5257714
