event_sleeping_wait_all:
  end: 1685439012.028041
  start: 1685438868.9405758
