event_sleeping_wait_all:
  end: 1685439884.5707688
  start: 1685439741.482632
