event_sleeping:
  end: 1685438732.1172092
  start: 1685438502.575367
