event_sleeping_wait_all:
  end: 1685439207.03608
  start: 1685439063.9311967
