event_sleeping_wait_all:
  end: 1685439689.5321653
  start: 1685439258.9541674
