event_sleeping:
  end: 1685438249.5243325
  start: 1685438249.524252
