event_sleeping:
  end: 1685438427.10009
  start: 1685438312.5495117
