event_sleeping_wait_all:
  end: 1685439122.1174076
  start: 1685438868.720281
