event_sleeping_wait_all:
  end: 1685439402.1170676
  start: 1685439173.7950518
