event_sleeping_wait_all:
  end: 1685438817.0598612
  start: 1685438478.7920117
