event_sleeping_wait_all:
  end: 1685439809.6159992
  start: 1685439453.7924902
