event_sleeping:
  end: 1685438537.1173189
  start: 1685438393.7063937
