event_sleeping_wait_all:
  end: 1685439104.6173286
  start: 1685438961.2918332
