event_sleeping:
  end: 1685438622.0504236
  start: 1685438588.8037317
