event_sleeping:
  end: 1685438342.0240688
  start: 1685438249.524626
