event_sleeping:
  end: 1685438909.6174016
  start: 1685438673.6993809
