event_sleeping_wait_all:
  end: 1685439707.088157
  start: 1685439258.7297103
