event_sleeping_wait_all:
  end: 1685439809.5639205
  start: 1685439758.719511
