event_sleeping_wait_all:
  end: 1685439207.0684469
  start: 1685439156.3072307
