event_sleeping_wait_all:
  end: 1685439512.0279438
  start: 1685439368.644692
