event_sleeping_wait_all:
  end: 1685440004.5414584
  start: 1685439843.6629863
