event_sleeping_wait_all:
  end: 1685438927.117292
  start: 1685438571.2097635
