event_sleeping:
  end: 1685438342.11678
  start: 1685438249.5253627
