event_sleeping_wait_all:
  end: 1685439689.6160576
  start: 1685439563.6347954
