event_sleeping_wait_all:
  end: 1685439792.067972
  start: 1685439741.2936096
