event_sleeping_wait_all:
  end: 1685439317.0200996
  start: 1685438978.751306
