event_sleeping:
  end: 1685438519.524122
  start: 1685438393.7927408
