event_sleeping_wait_all:
  end: 1685443784.5679529
  start: 1685443548.6306503
