event_sleeping_wait_all:
  end: 1685444192.1171865
  start: 1685443938.6867235
