event_sleeping_wait_all:
  end: 1685439224.6174016
  start: 1685439081.2806046
