event_sleeping_wait_all:
  end: 1685447787.0999973
  start: 1685447643.7170959
