event_sleeping_wait_all:
  end: 1685442242.0540667
  start: 1685441988.6541696
