event_sleeping_wait_all:
  end: 1685442419.6169753
  start: 1685442293.6821356
