event_sleeping_wait_all:
  end: 1685440292.0600305
  start: 1685440131.192747
