event_sleeping_wait_all:
  end: 1685447414.5677786
  start: 1685447363.6894333
