event_sleeping_wait_all:
  end: 1685448287.1163788
  start: 1685448126.2153797
