event_sleeping_wait_all:
  end: 1685446922.117263
  start: 1685446778.6431427
