event_sleeping_wait_all:
  end: 1685443302.0506606
  start: 1685443268.6346142
