event_sleeping_wait_all:
  end: 1685446532.1170933
  start: 1685446371.2099793
