event_sleeping_wait_all:
  end: 1685441937.0200496
  start: 1685441598.7231019
