event_sleeping_wait_all:
  end: 1685448677.019867
  start: 1685448533.6862853
