event_sleeping_wait_all:
  end: 1685445464.539957
  start: 1685445413.7548335
