event_sleeping_wait_all:
  end: 1685440377.050565
  start: 1685440343.6914759
