event_sleeping_wait_all:
  end: 1685443497.0200002
  start: 1685443353.6655376
