event_sleeping_wait_all:
  end: 1685446049.5799608
  start: 1685445888.7598414
