event_sleeping_wait_all:
  end: 1685445837.116961
  start: 1685445711.2105026
