event_sleeping_wait_all:
  end: 1685448482.1158953
  start: 1685448338.754341
