event_sleeping_wait_all:
  end: 1685439792.1159616
  start: 1685439276.2738614
