event_sleeping_wait_all:
  end: 1685446727.0359442
  start: 1685446583.739648
