event_sleeping_wait_all:
  end: 1685442539.5853653
  start: 1685442471.2322476
