event_sleeping_wait_all:
  end: 1685440572.0329876
  start: 1685440428.6480358
