event_sleeping:
  end: 1685438342.1081483
  start: 1685438249.5250359
