event_sleeping_wait_all:
  end: 1685442827.035861
  start: 1685442591.167666
