event_sleeping_wait_all:
  end: 1685440079.5480523
  start: 1685439843.6769633
