event_sleeping_wait_all:
  end: 1685449652.0559766
  start: 1685449416.1383135
