event_sleeping_wait_all:
  end: 1685447592.1172528
  start: 1685447466.1400852
