event_sleeping_wait_all:
  end: 1685444972.1169095
  start: 1685444243.688113
