event_sleeping:
  end: 1685438444.5684922
  start: 1685438393.706251
