event_sleeping_wait_all:
  end: 1685445659.6172101
  start: 1685445516.1320767
