event_sleeping_wait_all:
  end: 1685441157.1171284
  start: 1685440928.747009
