event_sleeping_wait_all:
  end: 1685448074.6159809
  start: 1685447838.7029977
