event_sleeping_wait_all:
  end: 1685445362.1170688
  start: 1685445023.6987684
