event_sleeping_wait_all:
  end: 1685447024.5680094
  start: 1685446973.7382042
