event_sleeping_wait_all:
  end: 1685443217.0199397
  start: 1685442878.6477046
