event_sleeping_wait_all:
  end: 1685448762.0505984
  start: 1685448728.6104577
