event_sleeping_wait_all:
  end: 1685446319.6171384
  start: 1685446101.2104363
