event_sleeping_wait_all:
  end: 1685449364.539982
  start: 1685448813.689065
