event_sleeping_wait_all:
  end: 1685441547.1170835
  start: 1685441208.7424135
