event_sleeping_wait_all:
  end: 1685439029.6171322
  start: 1685438496.1635618
