event_sleeping_wait_all:
  end: 1685440877.1172187
  start: 1685440623.66119
