event_sleeping_wait_all:
  end: 1685443887.0680327
  start: 1685443836.1670845
