event_sleeping_wait_all:
  end: 1685447312.117228
  start: 1685447076.1566298
