event_sleeping:
  end: 1685438872.0280137
  start: 1685438534.1322663
