event_sleeping:
  end: 1685438482.11724
  start: 1685438339.1204774
