event_sleeping:
  end: 1685439262.0280628
  start: 1685439119.139158
