event_sleeping_wait_all:
  end: 1685440042.1171799
  start: 1685439899.0701585
