event_sleeping:
  end: 1685438287.056238
  start: 1685438249.52102
