event_sleeping:
  end: 1685439847.0407248
  start: 1685439704.034197
