event_sleeping:
  end: 1685439067.1172438
  start: 1685438924.0689301
