event_sleeping:
  end: 1685439457.0280812
  start: 1685439314.0200453
