event_sleeping:
  end: 1685439652.0280898
  start: 1685439509.031112
