event_sleeping_wait_all:
  end: 1685387817.2401242
  start: 1685387656.6771653
