event_sleeping_wait_all:
  end: 1685389479.781057
  start: 1685388929.1200325
