event_sleeping_wait_all:
  end: 1685386749.781222
  start: 1685386606.7085676
