event_sleeping_wait_all:
  end: 1685386944.7008965
  start: 1685386801.744538
