event_sleeping_wait_all:
  end: 1685388877.2141697
  start: 1685388844.164802
