event_sleeping_wait_all:
  end: 1685387604.7725246
  start: 1685387461.711732
