event_sleeping_wait_all:
  end: 1685387409.781968
  start: 1685386996.704659
