event_sleeping:
  end: 1685386342.2799065
  start: 1685385952.199543
