event_sleeping_wait_all:
  end: 1685388792.2798645
  start: 1685388556.6662755
