event_sleeping_wait_all:
  end: 1685386554.7804062
  start: 1685386394.1874702
