event_sleeping_wait_all:
  end: 1685387902.2142007
  start: 1685387869.1948795
