event_sleeping_wait_all:
  end: 1685388384.7365248
  start: 1685388241.6893978
