event_sleeping_wait_all:
  end: 1685388189.7359452
  start: 1685387954.194457
