event_sleeping_wait_all:
  end: 1685388504.736134
  start: 1685388436.6457758
