event_sleeping_wait_all:
  end: 1685387232.2814384
  start: 1685386978.9404616
