event_sleeping_wait_all:
  end: 1685388682.281497
  start: 1685388538.8921769
