event_sleeping_wait_all:
  end: 1685387622.23609
  start: 1685387368.8836617
