event_sleeping_wait_all:
  end: 1685386554.732159
  start: 1685386503.8728106
