event_sleeping_wait_all:
  end: 1685386164.772888
  start: 1685386003.8262353
