event_sleeping_wait_all:
  end: 1685386452.2020838
  start: 1685386216.4824023
