event_sleeping_wait_all:
  end: 1685387919.749696
  start: 1685387851.4226363
