event_sleeping_wait_all:
  end: 1685388097.212095
  start: 1685387971.4316795
