event_sleeping_wait_all:
  end: 1685387317.2120361
  start: 1685387283.8789241
