event_sleeping_wait_all:
  end: 1685386927.2811062
  start: 1685386606.3934193
