event_sleeping_wait_all:
  end: 1685387799.7799747
  start: 1685387673.9091673
