event_sleeping_wait_all:
  end: 1685388487.2479956
  start: 1685388343.9517338
