event_sleeping_wait_all:
  end: 1685388292.2813618
  start: 1685388148.895226
