event_sleeping:
  end: 1685385952.1908667
  start: 1685385952.1907742
