event_sleeping_wait_all:
  end: 1685389674.7162051
  start: 1685388733.9341598
