event_sleeping_wait_all:
  end: 1685390157.2811263
  start: 1685389708.9506624
