event_sleeping_wait_all:
  end: 1685386824.77236
  start: 1685386681.4275038
