event_sleeping:
  end: 1685385952.189194
  start: 1685385952.1890829
