event_sleeping_wait_all:
  end: 1685387529.735889
  start: 1685387368.9370778
