event_sleeping_wait_all:
  end: 1685388877.2144587
  start: 1685388843.8619912
