event_sleeping_wait_all:
  end: 1685388792.2155406
  start: 1685388556.3490372
