event_sleeping_wait_all:
  end: 1685390334.7360067
  start: 1685390208.9510818
