event_sleeping_wait_all:
  end: 1685387799.78038
  start: 1685387581.358827
