event_sleeping_wait_all:
  end: 1685386944.7002199
  start: 1685386876.4051785
