event_sleeping_wait_all:
  end: 1685388189.7801778
  start: 1685387953.8489969
