event_sleeping_wait_all:
  end: 1685387902.2145457
  start: 1685387851.443523
