event_sleeping_wait_all:
  end: 1685388402.2813869
  start: 1685388241.4620597
