event_sleeping_wait_all:
  end: 1685387317.276119
  start: 1685386996.3955364
