event_sleeping_wait_all:
  end: 1685389267.2301424
  start: 1685388928.9271152
