event_sleeping_wait_all:
  end: 1685389657.281253
  start: 1685389318.9254658
