event_sleeping_wait_all:
  end: 1685386629.781149
  start: 1685386003.831465
