event_sleeping_wait_all:
  end: 1685388504.7002482
  start: 1685388453.9185226
