event_sleeping:
  end: 1685386044.7360198
  start: 1685385952.191052
