event_sleeping_wait_all:
  end: 1685388114.7400842
  start: 1685388046.4170294
