event_sleeping_wait_all:
  end: 1685387994.7729669
  start: 1685387581.3930902
