event_sleeping_wait_all:
  end: 1685386732.28141
  start: 1685386588.9253504
