event_sleeping_wait_all:
  end: 1685386342.2803109
  start: 1685386096.4371169
