event_sleeping_wait_all:
  end: 1685387214.7814577
  start: 1685386978.933674
