event_sleeping_wait_all:
  end: 1685388384.735905
  start: 1685388166.3580797
