event_sleeping_wait_all:
  end: 1685388579.779862
  start: 1685388436.386463
