event_sleeping_wait_all:
  end: 1685386537.230264
  start: 1685386393.9384668
