event_sleeping_wait_all:
  end: 1685387529.7660646
  start: 1685387461.4004147
