event_sleeping_wait_all:
  end: 1685386927.2815998
  start: 1685386783.9452543
