event_sleeping_wait_all:
  end: 1685387409.7724028
  start: 1685387266.4143386
