event_sleeping_wait_all:
  end: 1685388579.7809534
  start: 1685388258.8501155
