event_sleeping_wait_all:
  end: 1685386944.7350357
  start: 1685386893.878079
