event_sleeping_wait_all:
  end: 1685388207.2812037
  start: 1685388063.843257
