event_sleeping_wait_all:
  end: 1685387427.2809362
  start: 1685387283.9030662
