event_sleeping_wait_all:
  end: 1685387707.2158976
  start: 1685387478.8587394
