event_sleeping_wait_all:
  end: 1685387232.283046
  start: 1685386996.355551
