event_sleeping_wait_all:
  end: 1685386342.2145844
  start: 1685386308.8788443
