event_sleeping_wait_all:
  end: 1685386842.281193
  start: 1685386393.7896464
