event_sleeping_wait_all:
  end: 1685388012.2699559
  start: 1685387758.8492942
