event_sleeping:
  end: 1685385952.1964617
  start: 1685385952.195519
