event_sleeping_wait_all:
  end: 1685386257.28136
  start: 1685386003.853381
