event_sleeping:
  end: 1685386202.2801652
  start: 1685386062.9160109
