event_sleeping:
  end: 1685386592.2813098
  start: 1685386449.3058074
