event_sleeping:
  end: 1685387762.2813563
  start: 1685387619.3275228
