event_sleeping_wait_all:
  end: 1685388737.276137
  start: 1685388594.2593806
