event_sleeping:
  end: 1685387177.2119997
  start: 1685387034.3508394
