event_sleeping:
  end: 1685386007.235965
  start: 1685385952.1869478
