event_sleeping_wait_all:
  end: 1685389712.1871934
  start: 1685389569.3007324
