event_sleeping:
  end: 1685386787.2281656
  start: 1685386644.306801
