event_sleeping:
  end: 1685386982.2814507
  start: 1685386839.218936
