event_sleeping:
  end: 1685388152.281423
  start: 1685388009.192588
