event_sleeping_wait_all:
  end: 1685390297.2809076
  start: 1685390154.2382052
