event_sleeping:
  end: 1685387567.228181
  start: 1685387424.2195756
