event_sleeping_wait_all:
  end: 1685390102.2550974
  start: 1685389764.1459236
