event_sleeping:
  end: 1685388347.281268
  start: 1685388204.2700062
