event_sleeping:
  end: 1685388542.2813258
  start: 1685388399.3054318
