event_sleeping:
  end: 1685386397.2811139
  start: 1685386254.2782714
