event_sleeping:
  end: 1685387372.2201738
  start: 1685387229.2425418
