event_sleeping_wait_all:
  end: 1685389517.2801094
  start: 1685388789.2632773
