event_sleeping:
  end: 1685387957.2056017
  start: 1685387814.340881
