event_sleeping:
  end: 1685082367.1961186
  start: 1685082205.791013
