event_sleeping:
  end: 1685081197.1481469
  start: 1685080948.0932922
