event_sleeping:
  end: 1685081282.1642044
  start: 1685081248.2708178
