event_sleeping:
  end: 1685083249.6821315
  start: 1685083198.2466483
