event_sleeping:
  end: 1685082154.6932247
  start: 1685081740.8343618
