event_sleeping:
  end: 1685081689.730851
  start: 1685081545.7601883
