event_sleeping:
  end: 1685082952.2247074
  start: 1685082418.2873707
