event_sleeping:
  end: 1685081494.6522694
  start: 1685081333.235912
