event_sleeping:
  end: 1685083147.1523364
  start: 1685083003.2723668
