event_sleeping:
  end: 1685080892.2319782
  start: 1685080714.6447437
