event_sleeping:
  end: 1685081282.2279036
  start: 1685080943.024103
