event_sleeping:
  end: 1685081569.6920905
  start: 1685081333.0225065
