event_sleeping:
  end: 1685083054.7282648
  start: 1685082715.4801154
