event_sleeping:
  end: 1685082562.2041125
  start: 1685082325.5213418
