event_sleeping:
  end: 1685080892.2279735
  start: 1685080774.807093
