event_sleeping:
  end: 1685082664.6821153
  start: 1685082612.9867268
