event_sleeping:
  end: 1685083427.148361
  start: 1685083105.5657613
