event_sleeping:
  end: 1685080714.6396008
  start: 1685080714.6395442
