event_sleeping:
  end: 1685081884.6940005
  start: 1685081620.5058434
