event_sleeping:
  end: 1685082274.711633
  start: 1685081935.5169833
