event_sleeping:
  end: 1685082172.2305305
  start: 1685081722.9283578
