event_sleeping:
  end: 1685080807.2279665
  start: 1685080714.644446
