event_sleeping:
  end: 1685083427.148113
  start: 1685083300.5036962
