event_sleeping:
  end: 1685081672.1560123
  start: 1685081638.0151577
