event_sleeping:
  end: 1685080984.7303915
  start: 1685080858.048515
