event_sleeping:
  end: 1685081392.1480398
  start: 1685081137.9797256
