event_sleeping:
  end: 1685081587.2217631
  start: 1685081442.9753308
