event_sleeping:
  end: 1685082952.2303112
  start: 1685082790.5374458
