event_sleeping:
  end: 1685082739.7309616
  start: 1685082595.4571457
