event_sleeping:
  end: 1685083249.6822386
  start: 1685083003.0279489
