event_sleeping:
  end: 1685082257.1642122
  start: 1685082223.0830152
