event_sleeping:
  end: 1685082544.668062
  start: 1685082307.9790905
