event_sleeping:
  end: 1685081087.1482048
  start: 1685081035.5286033
