event_sleeping:
  end: 1685081977.2305725
  start: 1685081833.0433705
