event_sleeping:
  end: 1685083342.2280095
  start: 1685083180.5907629
