event_sleeping:
  end: 1685082739.73068
  start: 1685082503.0468125
