event_sleeping:
  end: 1685082274.6997223
  start: 1685082205.5243475
