event_sleeping:
  end: 1685081002.2305644
  start: 1685080840.5444405
