event_sleeping:
  end: 1685082452.2305465
  start: 1685082325.520617
