event_sleeping:
  end: 1685081392.2306392
  start: 1685081053.0204914
