event_sleeping:
  end: 1685082842.1822546
  start: 1685082790.505531
