event_sleeping:
  end: 1685083129.7289302
  start: 1685082893.0107024
