event_sleeping:
  end: 1685081782.2304924
  start: 1685081443.0006182
