event_sleeping:
  end: 1685082154.7034123
  start: 1685082028.074619
