event_sleeping:
  end: 1685080789.7085457
  start: 1685080714.6410346
