event_sleeping:
  end: 1685082257.2294188
  start: 1685081722.879686
