event_sleeping:
  end: 1685083054.684127
  start: 1685082910.3903413
