event_sleeping:
  end: 1685081672.1562269
  start: 1685081527.9732506
