event_sleeping:
  end: 1685080892.164874
  start: 1685080857.9316351
