event_sleeping:
  end: 1685081477.2306645
  start: 1685080942.9161565
