event_sleeping:
  end: 1685082757.2304387
  start: 1685082612.9401639
