event_sleeping:
  end: 1685082562.2043576
  start: 1685082307.9846363
