event_sleeping:
  end: 1685083342.1698499
  start: 1685083105.443959
