event_sleeping:
  end: 1685080807.2240143
  start: 1685080714.645071
