event_sleeping:
  end: 1685082859.6821225
  start: 1685082807.986937
