event_sleeping:
  end: 1685083092.2112317
  start: 1685082948.3671026
