event_sleeping:
  end: 1685081727.2258317
  start: 1685081583.378516
