event_sleeping:
  end: 1685080752.1393764
  start: 1685080714.6351364
