event_sleeping:
  end: 1685081337.142662
  start: 1685080998.3466136
