event_sleeping:
  end: 1685083287.2004888
  start: 1685083143.3625302
