event_sleeping:
  end: 1685082117.1960351
  start: 1685081973.2775273
