event_sleeping:
  end: 1685082507.1481934
  start: 1685082363.351995
