event_sleeping:
  end: 1685081532.2307312
  start: 1685081388.30063
