event_sleeping:
  end: 1685082312.2305508
  start: 1685082168.3321514
