event_sleeping:
  end: 1685082702.1721306
  start: 1685082558.3301964
