event_sleeping:
  end: 1685080947.2250462
  start: 1685080803.0400233
