event_sleeping:
  end: 1685081922.1401796
  start: 1685081778.3823721
