event_sleeping:
  end: 1685082897.1922975
  start: 1685082753.322275
