event_sleeping:
  end: 1683995230.7836058
  start: 1683995213.2717712
