event_sleeping:
  end: 1683995425.844158
  start: 1683995291.488753
