event_sleeping:
  end: 1683995908.3684428
  start: 1683995264.9002838
