event_sleeping:
  end: 1683995213.2734234
  start: 1683995213.2731757
