event_sleeping:
  end: 1683995305.7740247
  start: 1683995213.2789552
