event_sleeping:
  end: 1683995323.3675678
  start: 1683995213.272576
