event_sleeping:
  end: 1683995213.279657
  start: 1683995213.2795508
