event_sleeping:
  end: 1683995425.8689368
  start: 1683995264.8524604
