event_sleeping:
  end: 1683995853.367432
  start: 1683995710.276895
