event_sleeping:
  end: 1683996048.3274941
  start: 1683995905.3613315
