event_sleeping:
  end: 1683995463.330004
  start: 1683995319.976167
