event_sleeping:
  end: 1683995268.3115072
  start: 1683995213.280083
