event_sleeping:
  end: 1683995658.320078
  start: 1683995515.2251146
