event_sleeping:
  end: 1685089533.843855
  start: 1685089119.9272459
