event_sleeping:
  end: 1685088873.7705266
  start: 1685088729.8580728
