event_sleeping:
  end: 1685090313.8457375
  start: 1685089779.9009027
