event_sleeping:
  end: 1685089728.8174305
  start: 1685089584.9364488
