event_sleeping:
  end: 1685088271.3439796
  start: 1685088076.2505388
