event_sleeping:
  end: 1685088678.7479477
  start: 1685088627.4540613
