event_sleeping:
  end: 1685089068.8439515
  start: 1685088924.8704197
