event_sleeping:
  end: 1685088576.3460927
  start: 1685088327.1711962
