event_sleeping:
  end: 1685089923.8440528
  start: 1685089687.1521525
