event_sleeping:
  end: 1685089246.300039
  start: 1685089017.167883
