event_sleeping:
  end: 1685088966.34589
  start: 1685088729.5643387
