event_sleeping:
  end: 1685088678.7481508
  start: 1685088339.6431987
