event_sleeping:
  end: 1685088076.252616
  start: 1685088076.2525806
