event_sleeping:
  end: 1685089636.3461227
  start: 1685089297.1397026
