event_sleeping:
  end: 1685088288.8458803
  start: 1685088136.3728654
