event_sleeping:
  end: 1685088381.340531
  start: 1685088237.06524
