event_sleeping:
  end: 1685089653.7872553
  start: 1685089602.125296
