event_sleeping:
  end: 1685088186.272095
  start: 1685088076.254564
