event_sleeping:
  end: 1685089923.8439085
  start: 1685089704.6153736
