event_sleeping:
  end: 1685089551.2969213
  start: 1685089119.6226716
