event_sleeping:
  end: 1685088753.845741
  start: 1685088517.0928748
