event_sleeping:
  end: 1685089068.8119936
  start: 1685088999.6385324
