event_sleeping:
  end: 1685088466.279863
  start: 1685088432.161614
