event_sleeping:
  end: 1685088948.8281183
  start: 1685088804.6586642
