event_sleeping:
  end: 1685089338.8401005
  start: 1685089212.1231277
