event_sleeping:
  end: 1685088771.3076475
  start: 1685088432.1586778
