event_sleeping:
  end: 1685089831.3460498
  start: 1685089704.6125698
