event_sleeping:
  end: 1685088381.3402305
  start: 1685088219.6610038
