event_sleeping:
  end: 1685088168.841377
  start: 1685088076.256827
