event_sleeping:
  end: 1685089161.308013
  start: 1685088822.1017747
