event_sleeping:
  end: 1685089653.797298
  start: 1685089584.6299527
