event_sleeping:
  end: 1685089533.7636166
  start: 1685089389.6455643
