event_sleeping:
  end: 1685089068.8446794
  start: 1685088907.0820296
