event_sleeping:
  end: 1685088186.3463356
  start: 1685088076.2571707
