event_sleeping:
  end: 1685089636.3458443
  start: 1685089119.5666673
