event_sleeping:
  end: 1685088271.2798464
  start: 1685088237.0663953
