event_sleeping:
  end: 1685088856.3457756
  start: 1685088322.021822
