event_sleeping:
  end: 1685089941.3241887
  start: 1685089687.0933928
