event_sleeping:
  end: 1685089691.2692351
  start: 1685089547.495521
