event_sleeping:
  end: 1685089106.3374054
  start: 1685088962.4735768
