event_sleeping:
  end: 1685088326.334733
  start: 1685088182.1901927
