event_sleeping:
  end: 1685089301.2722964
  start: 1685089157.520349
