event_sleeping:
  end: 1685088911.3171313
  start: 1685088767.4064343
