event_sleeping:
  end: 1685088716.2767506
  start: 1685088377.5323365
