event_sleeping:
  end: 1685088131.2969885
  start: 1685088076.2491648
