event_sleeping:
  end: 1685089496.3160577
  start: 1685089352.3872712
