event_sleeping:
  end: 1685742157.0457351
  start: 1685741961.9764435
