event_sleeping:
  end: 1685741961.9709957
  start: 1685741961.9705522
