event_sleeping:
  end: 1685742037.0497558
  start: 1685741961.9755065
