event_sleeping:
  end: 1685742037.050913
  start: 1685741961.9719844
