event_sleeping:
  end: 1685742037.016137
  start: 1685741961.9762158
