event_sleeping:
  end: 1685742194.464009
  start: 1685742055.867532
