event_sleeping:
  end: 1685741999.4640381
  start: 1685741961.9713113
