event_sleeping:
  end: 1685739438.940017
  start: 1685739243.8595102
