event_sleeping:
  end: 1685739243.858223
  start: 1685739243.858156
