event_sleeping:
  end: 1685739353.9649713
  start: 1685739243.8576524
