event_sleeping:
  end: 1685739336.4199412
  start: 1685739243.8559043
