event_sleeping:
  end: 1685739353.9329095
  start: 1685739243.8562214
