event_sleeping:
  end: 1685739298.9053714
  start: 1685739243.8589096
