event_sleeping:
  end: 1685739493.8841183
  start: 1685739355.217526
