event_sleeping:
  end: 1685563374.0773098
  start: 1685563178.9683383
