event_sleeping_wait_all:
  end: 1685563661.4680333
  start: 1685563426.0270617
