event_sleeping_wait_all:
  end: 1685563959.05586
  start: 1685563815.9329355
