event_sleeping_wait_all:
  end: 1685563764.007947
  start: 1685563713.4244103
