event_sleeping_wait_all:
  end: 1685564349.0041275
  start: 1685564103.2034554
