event_sleeping_wait_all:
  end: 1685563763.9640799
  start: 1685563425.7159214
