event_sleeping_wait_all:
  end: 1685564051.558141
  start: 1685563815.6171854
