event_sleeping_wait_all:
  end: 1685563374.036443
  start: 1685563230.6656337
