event_sleeping:
  end: 1685563178.9681983
  start: 1685563178.9676857
