event_sleeping_wait_all:
  end: 1685563551.4920862
  start: 1685563500.6645505
