event_sleeping_wait_all:
  end: 1685563839.0459716
  start: 1685563603.1546664
