event_sleeping_wait_all:
  end: 1685564033.9991283
  start: 1685563890.7225971
