event_sleeping_wait_all:
  end: 1685563449.0200505
  start: 1685563305.6819997
