event_sleeping:
  end: 1685563254.0323198
  start: 1685563178.9684467
