event_sleeping_wait_all:
  end: 1685563839.0559168
  start: 1685563518.1313405
