event_sleeping:
  end: 1685563254.0319045
  start: 1685563178.9680595
