event_sleeping_wait_all:
  end: 1685563466.4681036
  start: 1685563305.679557
