event_sleeping_wait_all:
  end: 1685564229.057952
  start: 1685563890.7313244
