event_sleeping:
  end: 1685563253.9913173
  start: 1685563178.9661021
