event_sleeping_wait_all:
  end: 1685563959.0578682
  start: 1685563425.6627023
