event_sleeping_wait_all:
  end: 1685563374.0264747
  start: 1685563305.571887
