event_sleeping:
  end: 1685563801.5319726
  start: 1685563463.5537767
