event_sleeping_wait_all:
  end: 1685564191.5583153
  start: 1685564048.5828874
