event_sleeping:
  end: 1685563996.5532007
  start: 1685563853.5376964
