event_sleeping:
  end: 1685563411.5160768
  start: 1685563272.1792953
