event_sleeping:
  end: 1685563216.4922993
  start: 1685563178.965208
