event_sleeping_wait_all:
  end: 1685564386.5241473
  start: 1685564243.586057
