event_sleeping:
  end: 1683121676.4901485
  start: 1683121481.3933842
