event_sleeping_wait_all:
  end: 1683121963.9875011
  start: 1683121728.1759489
