event_sleeping_wait_all:
  end: 1683122921.4876971
  start: 1683122508.1036868
