event_sleeping_wait_all:
  end: 1683122456.4875374
  start: 1683122313.1079748
