event_sleeping_wait_all:
  end: 1683122066.435426
  start: 1683122015.6356425
