event_sleeping_wait_all:
  end: 1683122261.480771
  start: 1683122118.0292773
