event_sleeping_wait_all:
  end: 1683122066.4875934
  start: 1683121728.1533055
