event_sleeping_wait_all:
  end: 1683122651.451388
  start: 1683122405.7027724
