event_sleeping_wait_all:
  end: 1683121676.4906094
  start: 1683121533.0128384
