event_sleeping_wait_all:
  end: 1683123041.4954581
  start: 1683122703.0487928
