event_sleeping_wait_all:
  end: 1683122353.9874392
  start: 1683122118.2173793
