event_sleeping:
  end: 1683121481.3964818
  start: 1683121481.3964627
