event_sleeping_wait_all:
  end: 1683122456.391494
  start: 1683122388.460802
