event_sleeping_wait_all:
  end: 1683121853.9390917
  start: 1683121803.431011
