event_sleeping_wait_all:
  end: 1683121751.4716954
  start: 1683121608.474968
