event_sleeping:
  end: 1683121556.4633584
  start: 1683121481.3956902
