event_sleeping_wait_all:
  end: 1683122141.4555576
  start: 1683121905.886736
