event_sleeping_wait_all:
  end: 1683122336.487416
  start: 1683122193.4422612
