event_sleeping_wait_all:
  end: 1683121768.9196112
  start: 1683121608.2835786
