event_sleeping_wait_all:
  end: 1683122921.4874022
  start: 1683122778.0883024
