event_sleeping:
  end: 1683121556.4645405
  start: 1683121481.3968828
