event_sleeping_wait_all:
  end: 1683122141.4922357
  start: 1683121820.5665944
