event_sleeping_wait_all:
  end: 1683123041.455461
  start: 1683122973.1397662
