event_sleeping_wait_all:
  end: 1683122726.4656901
  start: 1683122583.1292284
