event_sleeping_wait_all:
  end: 1683122531.4715817
  start: 1683122193.1604414
