event_sleeping_wait_all:
  end: 1683122261.4812524
  start: 1683121728.1488934
