event_sleeping:
  end: 1683121556.4636009
  start: 1683121481.3959494
