event_sleeping_wait_all:
  end: 1683121676.4555323
  start: 1683121608.1350968
