event_sleeping:
  end: 1683122103.9515262
  start: 1683121765.6950266
