event_sleeping:
  end: 1683121713.9885278
  start: 1683121574.4729624
