event_sleeping:
  end: 1683121518.927035
  start: 1683121481.3963528
