event_sleeping_wait_all:
  end: 1683122688.9586437
  start: 1683122545.585024
