event_sleeping_wait_all:
  end: 1683122493.9875276
  start: 1683122350.6236482
