event_sleeping:
  end: 1683122298.9881036
  start: 1683122155.4816751
