event_sleeping:
  end: 1682974155.8554864
  start: 1682973942.3547683
