event_sleeping:
  end: 1682973960.863381
  start: 1682973942.3544683
