event_sleeping:
  end: 1682974053.4494803
  start: 1682973942.3539524
