event_sleeping:
  end: 1682974053.4491327
  start: 1682973942.3540883
