event_sleeping:
  end: 1682974053.4475136
  start: 1682973942.3546607
