event_sleeping:
  end: 1682974193.443464
  start: 1682974050.1005347
