event_sleeping:
  end: 1682973998.4048128
  start: 1682973942.3542013
