event_sleeping:
  end: 1682991267.8670523
  start: 1682991204.503666
