event_sleeping:
  end: 1682991152.8671203
  start: 1682990651.856544
