event_sleeping:
  end: 1682991267.9515967
  start: 1682990651.8576622
