event_sleeping:
  end: 1682991042.9515467
  start: 1682990651.8571203
