event_sleeping:
  end: 1682991317.9513316
  start: 1682991094.8916993
