event_sleeping:
  end: 1682991347.867068
  start: 1682990651.8573794
