event_sleeping:
  end: 1682991432.9521606
  start: 1682990651.860952
