event_sleeping:
  end: 1682991292.9116728
  start: 1682990651.8567882
