event_sleeping:
  end: 1682991487.9415863
  start: 1682991344.486001
