event_sleeping:
  end: 1685116432.3058772
  start: 1685116195.8661828
