event_sleeping:
  end: 1685113787.2706184
  start: 1685113609.7166119
