event_sleeping:
  end: 1685115847.208064
  start: 1685115313.3874485
