event_sleeping:
  end: 1685115262.3060963
  start: 1685115100.8984144
