event_sleeping:
  end: 1685114584.8062887
  start: 1685114440.84909
