event_sleeping:
  end: 1685114389.7732332
  start: 1685114228.329824
