event_sleeping:
  end: 1685114177.2396352
  start: 1685114143.3941028
