event_sleeping:
  end: 1685115049.8049502
  start: 1685114635.900529
