event_sleeping:
  end: 1685114092.3060389
  start: 1685113838.3609467
