event_sleeping:
  end: 1685116042.30602
  start: 1685115898.3079393
