event_sleeping:
  end: 1685116144.7573738
  start: 1685116093.405076
