event_sleeping:
  end: 1685115559.7575648
  start: 1685115508.0221765
