event_sleeping:
  end: 1685114464.7664404
  start: 1685114228.1086419
