event_sleeping:
  end: 1685114177.3040137
  start: 1685113838.0641544
