event_sleeping:
  end: 1685114779.772789
  start: 1685114515.5816228
