event_sleeping:
  end: 1685116322.2454123
  start: 1685116000.5950792
