event_sleeping:
  end: 1685115949.8062997
  start: 1685115610.5160625
