event_sleeping:
  end: 1685113609.7134724
  start: 1685113609.7128572
