event_sleeping:
  end: 1685113787.2693915
  start: 1685113660.5388453
