event_sleeping:
  end: 1685115457.2218719
  start: 1685115220.6051824
