event_sleeping:
  end: 1685114482.268156
  start: 1685114338.114769
