event_sleeping:
  end: 1685113982.234488
  start: 1685113930.6225271
