event_sleeping:
  end: 1685114567.2401626
  start: 1685114533.0508745
