event_sleeping:
  end: 1685113702.236118
  start: 1685113609.71446
