event_sleeping:
  end: 1685116322.3039591
  start: 1685116195.6397967
