event_sleeping:
  end: 1685115634.8110833
  start: 1685115490.5549338
