event_sleeping:
  end: 1685115847.2083406
  start: 1685115685.594046
