event_sleeping:
  end: 1685115067.3058932
  start: 1685114618.0534217
