event_sleeping:
  end: 1685116144.8039618
  start: 1685115898.0199144
