event_sleeping:
  end: 1685115439.749983
  start: 1685115203.0172553
