event_sleeping:
  end: 1685113879.805954
  start: 1685113753.4163208
