event_sleeping:
  end: 1685115152.226832
  start: 1685115118.1082876
