event_sleeping:
  end: 1685114287.3061566
  start: 1685114033.0556653
