event_sleeping:
  end: 1685114872.2186112
  start: 1685114728.0795095
