event_sleeping:
  end: 1685116237.3063664
  start: 1685116075.6253655
