event_sleeping:
  end: 1685113897.3059292
  start: 1685113735.651799
