event_sleeping:
  end: 1685113684.782597
  start: 1685113609.7147105
