event_sleeping:
  end: 1685115049.8041263
  start: 1685114923.0338748
