event_sleeping:
  end: 1685116024.7960963
  start: 1685115788.0346289
