event_sleeping:
  end: 1685115737.2440753
  start: 1685115685.602871
