event_sleeping:
  end: 1685115634.779952
  start: 1685115398.1121721
