event_sleeping:
  end: 1685114677.3059137
  start: 1685114338.1180341
