event_sleeping:
  end: 1685115347.3058772
  start: 1685115220.6103644
