event_sleeping:
  end: 1685115169.7728214
  start: 1685115100.6129222
