event_sleeping:
  end: 1685114287.3064604
  start: 1685113948.1240416
