event_sleeping:
  end: 1685115949.8060248
  start: 1685115805.5334756
