event_sleeping:
  end: 1685113787.2398808
  start: 1685113753.0346148
