event_sleeping:
  end: 1685114372.305879
  start: 1685113837.9700642
