event_sleeping:
  end: 1685115652.3061066
  start: 1685115507.9485176
