event_sleeping:
  end: 1685115754.7579253
  start: 1685115703.0311038
