event_sleeping:
  end: 1685115457.222236
  start: 1685115202.9563344
