event_sleeping:
  end: 1685114567.3038628
  start: 1685114423.02584
