event_sleeping:
  end: 1685116237.306113
  start: 1685116000.54921
