event_sleeping:
  end: 1685115152.2279453
  start: 1685114618.0153358
