event_sleeping:
  end: 1685113702.295846
  start: 1685113609.7149022
