event_sleeping:
  end: 1685115402.3059967
  start: 1685115258.4278843
