event_sleeping:
  end: 1685115987.2646594
  start: 1685115843.3859172
