event_sleeping:
  end: 1685115207.3062043
  start: 1685115063.4597435
