event_sleeping:
  end: 1685114232.3059955
  start: 1685113893.430934
