event_sleeping:
  end: 1685115597.3061886
  start: 1685115453.4727547
