event_sleeping:
  end: 1685116182.3062248
  start: 1685116038.3897684
