event_sleeping:
  end: 1685114427.3059223
  start: 1685114283.4660752
