event_sleeping:
  end: 1685114622.3059673
  start: 1685114478.492452
