event_sleeping:
  end: 1685115792.250449
  start: 1685115648.47495
