event_sleeping:
  end: 1685114817.276088
  start: 1685114673.4411404
