event_sleeping:
  end: 1685113647.2204044
  start: 1685113609.708645
