event_sleeping:
  end: 1685115012.3062804
  start: 1685114868.4281912
