event_sleeping:
  end: 1685113842.2680318
  start: 1685113698.0736663
