event_sleeping:
  end: 1685472674.3478966
  start: 1685472513.8055923
