event_sleeping_wait_all:
  end: 1685473064.3625329
  start: 1685472921.2620947
