event_sleeping:
  end: 1685472461.8479407
  start: 1685472071.7635374
