event_sleeping_wait_all:
  end: 1685472869.2811189
  start: 1685472726.2803197
