event_sleeping_wait_all:
  end: 1685473436.7835267
  start: 1685473403.4847674
