event_sleeping_wait_all:
  end: 1685472571.7720578
  start: 1685472335.9925492
