event_sleeping_wait_all:
  end: 1685473046.8506439
  start: 1685472725.906081
