event_sleeping_wait_all:
  end: 1685473919.3480127
  start: 1685473793.5018854
