event_sleeping_wait_all:
  end: 1685473351.8505807
  start: 1685473098.4931333
