event_sleeping_wait_all:
  end: 1685473741.8506434
  start: 1685473488.450607
