event_sleeping:
  end: 1685472284.2614694
  start: 1685472123.3856199
