event_sleeping:
  end: 1685472071.761549
  start: 1685472071.7614577
