event_sleeping_wait_all:
  end: 1685472674.2681973
  start: 1685472623.426365
