event_sleeping:
  end: 1685472071.7617707
  start: 1685472071.7617502
