event_sleeping_wait_all:
  end: 1685473064.3120391
  start: 1685472996.051634
