event_sleeping:
  end: 1685472749.2760851
  start: 1685472123.442701
