event_sleeping_wait_all:
  end: 1685472944.3480651
  start: 1685472800.9387953
