event_sleeping_wait_all:
  end: 1685472461.8482473
  start: 1685472215.9669862
