event_sleeping_wait_all:
  end: 1685472851.8508992
  start: 1685472708.4800522
