event_sleeping_wait_all:
  end: 1685473046.8510964
  start: 1685472903.4848702
