event_sleeping:
  end: 1685472164.3162444
  start: 1685472071.76219
