event_sleeping_wait_all:
  end: 1685473334.348105
  start: 1685473098.4792662
