event_sleeping_wait_all:
  end: 1685472656.850669
  start: 1685472513.507743
