event_sleeping:
  end: 1685473064.301667
  start: 1685473013.4396222
