event_sleeping:
  end: 1685472961.8505569
  start: 1685472513.4159143
