event_sleeping:
  end: 1685472461.783674
  start: 1685472428.4165652
