event_sleeping:
  end: 1685472071.7623575
  start: 1685472071.762332
