event_sleeping:
  end: 1685472376.7960906
  start: 1685472123.3858845
