event_sleeping:
  end: 1685472906.847979
  start: 1685472763.8972821
