event_sleeping_wait_all:
  end: 1685473296.8503387
  start: 1685473153.8115668
