event_sleeping:
  end: 1685473101.8508174
  start: 1685472958.8866696
