event_sleeping:
  end: 1685472516.7641697
  start: 1685472373.7491336
