event_sleeping:
  end: 1685472321.760182
  start: 1685472178.8365195
