event_sleeping_wait_all:
  end: 1685473881.8508584
  start: 1685473738.8700812
