event_sleeping_wait_all:
  end: 1685473491.7560616
  start: 1685473348.906462
