event_sleeping:
  end: 1685472711.8373823
  start: 1685472568.7594707
