event_sleeping_wait_all:
  end: 1685473686.8439322
  start: 1685473543.7509913
