event_sleeping:
  end: 1685472126.8059447
  start: 1685472071.754265
