event_sleeping:
  end: 1685509233.6113327
  start: 1685509038.5788624
