event_sleeping:
  end: 1685509038.573331
  start: 1685509038.5721974
