event_sleeping:
  end: 1685509251.1202476
  start: 1685509090.20828
