event_sleeping:
  end: 1685509148.6698062
  start: 1685509038.5759938
