event_sleeping:
  end: 1685509131.158615
  start: 1685509038.578456
