event_sleeping:
  end: 1685509148.6701868
  start: 1685509038.5785925
