event_sleeping:
  end: 1685509288.6672106
  start: 1685509145.261878
