event_sleeping:
  end: 1685509093.5918882
  start: 1685509038.5693636
