event_sleeping:
  end: 1684828744.109195
  start: 1684828549.0192893
