event_sleeping:
  end: 1684828549.0190592
  start: 1684828549.0188932
