event_sleeping:
  end: 1684828641.5318944
  start: 1684828549.0170932
