event_sleeping:
  end: 1684828641.5320783
  start: 1684828549.017631
