event_sleeping:
  end: 1684828641.600061
  start: 1684828549.0180326
