event_sleeping:
  end: 1684828781.6095634
  start: 1684828638.2735732
