event_sleeping:
  end: 1684828586.5487857
  start: 1684828549.0164316
