event_sleeping:
  end: 1685378002.4288807
  start: 1685377858.4298823
