event_sleeping:
  end: 1685379459.9278429
  start: 1685378925.9928794
