event_sleeping:
  end: 1685377434.880606
  start: 1685377239.8431425
