event_sleeping:
  end: 1685378679.8929093
  start: 1685378248.4429774
