event_sleeping:
  end: 1685377807.362819
  start: 1685377773.5197313
