event_sleeping:
  end: 1685378874.891361
  start: 1685378730.9558063
