event_sleeping:
  end: 1685378197.372166
  start: 1685378053.5047445
