event_sleeping:
  end: 1685377722.3961823
  start: 1685377490.8227932
