event_sleeping:
  end: 1685378112.4290423
  start: 1685377858.2554455
