event_sleeping:
  end: 1685379087.4279852
  start: 1685378850.7197368
