event_sleeping:
  end: 1685377807.4280581
  start: 1685377468.2110026
