event_sleeping:
  end: 1685378392.3881083
  start: 1685378163.2242937
