event_sleeping:
  end: 1685377239.8325753
  start: 1685377239.8325312
