event_sleeping:
  end: 1685378799.9281378
  start: 1685378443.224839
