event_sleeping:
  end: 1685377417.428702
  start: 1685377299.8885822
