event_sleeping:
  end: 1685378197.3829534
  start: 1685378145.7778606
