event_sleeping:
  end: 1685377527.4289923
  start: 1685377383.2539754
