event_sleeping:
  end: 1685377332.4231987
  start: 1685377239.8391883
