event_sleeping:
  end: 1685379087.3559122
  start: 1685378850.7175088
