event_sleeping:
  end: 1685378697.3898537
  start: 1685378248.208908
