event_sleeping:
  end: 1685378094.9291103
  start: 1685377950.699346
