event_sleeping:
  end: 1685377899.8960497
  start: 1685377663.165717
