event_sleeping:
  end: 1685377612.3628309
  start: 1685377578.2312405
