event_sleeping:
  end: 1685378799.8799882
  start: 1685378748.1655915
