event_sleeping:
  end: 1685378679.884047
  start: 1685378553.1833444
