event_sleeping:
  end: 1685378307.332136
  start: 1685377968.2044206
