event_sleeping:
  end: 1685377332.4235692
  start: 1685377239.8401399
