event_sleeping:
  end: 1685378502.3640938
  start: 1685378358.1284213
