event_sleeping:
  end: 1685377509.8519697
  start: 1685377383.26064
