event_sleeping:
  end: 1685378994.9081125
  start: 1685378833.1240146
