event_sleeping:
  end: 1685379264.8920805
  start: 1685379045.7172594
