event_sleeping:
  end: 1685378782.3521292
  start: 1685378730.7213736
