event_sleeping:
  end: 1685377917.4289417
  start: 1685377560.646376
