event_sleeping:
  end: 1685377434.8802118
  start: 1685377383.1334612
