event_sleeping:
  end: 1685378782.3524568
  start: 1685378265.644821
