event_sleeping:
  end: 1685377332.422879
  start: 1685377239.841272
