event_sleeping:
  end: 1685379282.428872
  start: 1685379120.674057
