event_sleeping:
  end: 1685378214.9287624
  start: 1685378070.6683784
