event_sleeping:
  end: 1685378019.9280748
  start: 1685377485.6047454
