event_sleeping:
  end: 1685379069.928694
  start: 1685378833.0908253
