event_sleeping:
  end: 1685378057.3423753
  start: 1685377913.5890377
