event_sleeping:
  end: 1685378447.4288352
  start: 1685378303.5473387
