event_sleeping:
  end: 1685377862.4280179
  start: 1685377523.550764
