event_sleeping:
  end: 1685379032.3801656
  start: 1685378888.5919683
