event_sleeping:
  end: 1685378837.4287722
  start: 1685378693.6034617
