event_sleeping:
  end: 1685378252.4120932
  start: 1685378108.4931839
