event_sleeping:
  end: 1685377277.3713884
  start: 1685377239.8380475
