event_sleeping:
  end: 1685377472.4087267
  start: 1685377328.2433834
