event_sleeping:
  end: 1685378642.428974
  start: 1685378498.6076612
