event_sleeping:
  end: 1682979816.523485
  start: 1682979620.4327784
