event_sleeping:
  end: 1682979621.4279168
  start: 1682979620.4314837
