event_sleeping:
  end: 1682979731.5236626
  start: 1682979620.4310825
