event_sleeping:
  end: 1682979725.523526
  start: 1682979620.431972
