event_sleeping:
  end: 1682979731.435516
  start: 1682979620.4321055
