event_sleeping:
  end: 1682979871.5022192
  start: 1682979728.0780861
