event_sleeping:
  end: 1682979676.4830542
  start: 1682979620.4324489
