event_sleeping_wait_all:
  end: 1684062721.072486
  start: 1684062652.689458
