event_sleeping_wait_all:
  end: 1684063093.4955356
  start: 1684062950.185052
