event_sleeping_wait_all:
  end: 1684062406.0713093
  start: 1684062085.2407906
