event_sleeping:
  end: 1684060771.0873725
  start: 1684060168.499074
