event_sleeping_wait_all:
  end: 1684061161.033757
  start: 1684061017.729176
