event_sleeping_wait_all:
  end: 1684061338.5873873
  start: 1684061212.63022
