event_sleeping_wait_all:
  end: 1684062033.5894856
  start: 1684061872.7405353
