event_sleeping_wait_all:
  end: 1684061626.0763233
  start: 1684061390.254158
