event_sleeping_wait_all:
  end: 1684060966.059638
  start: 1684060822.7540343
