event_sleeping_wait_all:
  end: 1684063288.5875995
  start: 1684063145.1280968
