event_sleeping_wait_all:
  end: 1684061821.0674014
  start: 1684061677.6971755
