event_sleeping_wait_all:
  end: 1684062601.0492144
  start: 1684062457.7220092
