event_sleeping_wait_all:
  end: 1684062898.5435958
  start: 1684062772.7725418
