event_sleeping_wait_all:
  end: 1684063696.087642
  start: 1684063340.283438
