event_sleeping_wait_all:
  end: 1684062016.0447872
  start: 1684061695.2437046
