event_sleeping_wait_all:
  end: 1684062703.5894277
  start: 1684062560.1612177
