event_sleeping_wait_all:
  end: 1684063398.5875506
  start: 1684063145.1593206
