event_sleeping_wait_all:
  end: 1684060948.54921
  start: 1684060822.6597946
