event_sleeping_wait_all:
  end: 1684063678.5115063
  start: 1684063645.2601492
