event_sleeping_wait_all:
  end: 1684063593.5874515
  start: 1684063450.2001214
