event_sleeping_wait_all:
  end: 1684062136.0555985
  start: 1684062067.7185585
