event_sleeping_wait_all:
  end: 1684062508.5194712
  start: 1684062365.2013848
