event_sleeping_wait_all:
  end: 1684063093.5326834
  start: 1684063060.1358893
