event_sleeping_wait_all:
  end: 1684060771.0393336
  start: 1684060720.2025397
