event_sleeping_wait_all:
  end: 1684060668.5656235
  start: 1684060432.734842
