event_sleeping:
  end: 1684060381.0874238
  start: 1684060168.4953053
