event_sleeping_wait_all:
  end: 1684063891.0875735
  start: 1684063730.1903882
