event_sleeping_wait_all:
  end: 1684063008.5075605
  start: 1684062755.2479458
