event_sleeping_wait_all:
  end: 1684062313.5194533
  start: 1684062187.6955652
