event_sleeping_wait_all:
  end: 1684061643.58772
  start: 1684061000.1666086
