event_sleeping_wait_all:
  end: 1684062406.1048765
  start: 1684062170.1350267
