event_sleeping_wait_all:
  end: 1684062721.0401356
  start: 1684062670.1820288
