event_sleeping_wait_all:
  end: 1684060473.5874445
  start: 1684060330.17622
