event_sleeping_wait_all:
  end: 1684063398.511585
  start: 1684063255.1819613
