event_sleeping_wait_all:
  end: 1684060846.0892227
  start: 1684060525.2002053
