event_sleeping_wait_all:
  end: 1684061161.034185
  start: 1684061092.7160547
