event_sleeping_wait_all:
  end: 1684062016.0531843
  start: 1684061797.66066
