event_sleeping_wait_all:
  end: 1684061041.0893915
  start: 1684060897.7363365
