event_sleeping_wait_all:
  end: 1684062118.5080683
  start: 1684062067.7183425
