event_sleeping_wait_all:
  end: 1684062898.5885053
  start: 1684062772.6596415
