event_sleeping_wait_all:
  end: 1684061746.0154483
  start: 1684061695.3039424
