event_sleeping_wait_all:
  end: 1684062618.5873752
  start: 1684062457.7214162
