event_sleeping:
  end: 1684060278.5436425
  start: 1684060168.4981425
