event_sleeping_wait_all:
  end: 1684064551.0498054
  start: 1684064425.207135
