event_sleeping_wait_all:
  end: 1684061643.5879934
  start: 1684061212.7093751
