event_sleeping_wait_all:
  end: 1684064373.5314977
  start: 1684063645.2632248
