event_sleeping_wait_all:
  end: 1684063593.5877523
  start: 1684063450.1595354
