event_sleeping_wait_all:
  end: 1684063203.5874789
  start: 1684062950.2380726
