event_sleeping_wait_all:
  end: 1684061626.0756059
  start: 1684061482.679606
