event_sleeping:
  end: 1684060261.079483
  start: 1684060168.4969933
