event_sleeping_wait_all:
  end: 1684062330.9916189
  start: 1684062262.7633703
