event_sleeping_wait_all:
  end: 1684061431.0036845
  start: 1684061110.176841
