event_sleeping_wait_all:
  end: 1684062796.0011063
  start: 1684062652.706656
