event_sleeping_wait_all:
  end: 1684060473.5877934
  start: 1684060312.7623339
