event_sleeping_wait_all:
  end: 1684061058.559599
  start: 1684060610.1516857
