event_sleeping_wait_all:
  end: 1684060558.5223787
  start: 1684060525.2423599
