event_sleeping_wait_all:
  end: 1684062211.08755
  start: 1684061797.6618836
