event_sleeping_wait_all:
  end: 1684061746.0147362
  start: 1684061677.6943626
