event_sleeping_wait_all:
  end: 1684062601.0397236
  start: 1684062382.6684105
