event_sleeping_wait_all:
  end: 1684060948.5873892
  start: 1684060220.1240249
