event_sleeping_wait_all:
  end: 1684062423.5835593
  start: 1684062170.1416197
