event_sleeping_wait_all:
  end: 1684062118.5876482
  start: 1684061780.1372473
