event_sleeping_wait_all:
  end: 1684061161.0344532
  start: 1684061000.1565742
