event_sleeping_wait_all:
  end: 1684061338.5435822
  start: 1684061212.6223276
