event_sleeping_wait_all:
  end: 1684061643.5874147
  start: 1684061390.142296
