event_sleeping_wait_all:
  end: 1684061728.522793
  start: 1684061695.2287397
