event_sleeping_wait_all:
  end: 1684062796.0875869
  start: 1684062475.131174
