event_sleeping:
  end: 1684060168.4977076
  start: 1684060168.4966185
