event_sleeping:
  end: 1684060418.5437455
  start: 1684060279.240074
