event_sleeping_wait_all:
  end: 1684064513.5875921
  start: 1684064370.5472372
