event_sleeping:
  end: 1684062368.5654614
  start: 1684062225.4793916
