event_sleeping:
  end: 1684062173.495602
  start: 1684062030.4887812
