event_sleeping_wait_all:
  end: 1684063928.587597
  start: 1684063785.5154614
