event_sleeping:
  end: 1684061978.5435326
  start: 1684061835.5325043
