event_sleeping:
  end: 1684061783.5065055
  start: 1684061640.550242
