event_sleeping_wait_all:
  end: 1684063733.5485847
  start: 1684063200.4152377
