event_sleeping_wait_all:
  end: 1684063148.4955735
  start: 1684062810.5779634
