event_sleeping:
  end: 1684061198.5893226
  start: 1684061055.5323868
