event_sleeping_wait_all:
  end: 1684064318.5890481
  start: 1684063980.4993117
