event_sleeping:
  end: 1684062758.5874887
  start: 1684062615.5268874
