event_sleeping:
  end: 1684061588.5276434
  start: 1684061445.688496
