event_sleeping:
  end: 1684060223.5436194
  start: 1684060168.4977775
