event_sleeping:
  end: 1684062563.574004
  start: 1684062420.625997
