event_sleeping:
  end: 1684061393.58752
  start: 1684061250.6477478
