event_sleeping:
  end: 1684060808.589222
  start: 1684060470.532525
