event_sleeping:
  end: 1684061003.589414
  start: 1684060860.5863893
