event_sleeping_wait_all:
  end: 1685698493.2642124
  start: 1685698257.7545154
