event_sleeping:
  end: 1685697638.2032604
  start: 1685697035.701961
