event_sleeping_wait_all:
  end: 1685699273.1891146
  start: 1685698952.6971989
