event_sleeping_wait_all:
  end: 1685698028.2569683
  start: 1685697885.1807592
