event_sleeping_wait_all:
  end: 1685698900.7796836
  start: 1685698740.1457613
