event_sleeping_wait_all:
  end: 1685698688.193246
  start: 1685698545.210887
