event_sleeping_wait_all:
  end: 1685698205.7839892
  start: 1685698080.1928158
