event_sleeping_wait_all:
  end: 1685697833.2285454
  start: 1685697690.1648452
