event_sleeping_wait_all:
  end: 1685697638.2181902
  start: 1685697587.389027
