event_sleeping_wait_all:
  end: 1685697815.7640378
  start: 1685697689.9278638
