event_sleeping:
  end: 1685697248.2201033
  start: 1685697035.699735
