event_sleeping_wait_all:
  end: 1685698510.7840605
  start: 1685697867.3948011
