event_sleeping_wait_all:
  end: 1685697535.7080688
  start: 1685697299.8887348
