event_sleeping_wait_all:
  end: 1685698883.2493842
  start: 1685698562.429049
