event_sleeping_wait_all:
  end: 1685697908.2826822
  start: 1685697764.9295533
