event_sleeping_wait_all:
  end: 1685697340.7202368
  start: 1685697197.472766
