event_sleeping:
  end: 1685697145.7880208
  start: 1685697035.6989899
