event_sleeping_wait_all:
  end: 1685698883.2843225
  start: 1685698664.9156678
