event_sleeping_wait_all:
  end: 1685697713.2573283
  start: 1685697392.3580017
