event_sleeping_wait_all:
  end: 1685698613.235956
  start: 1685698562.3353155
