event_sleeping_wait_all:
  end: 1685698510.7400389
  start: 1685698079.9424717
