event_sleeping_wait_all:
  end: 1685698028.2564542
  start: 1685697959.9494884
