event_sleeping_wait_all:
  end: 1685698298.236229
  start: 1685697977.4669144
