event_sleeping_wait_all:
  end: 1685697925.7839336
  start: 1685697477.3971412
