event_sleeping_wait_all:
  end: 1685698493.3018103
  start: 1685698349.9296534
