event_sleeping_wait_all:
  end: 1685697425.7211266
  start: 1685697392.403505
