event_sleeping_wait_all:
  end: 1685699078.2880669
  start: 1685698664.8426726
