event_sleeping:
  end: 1685697128.2800744
  start: 1685697035.697894
