event_sleeping_wait_all:
  end: 1685698613.192173
  start: 1685698544.9436216
