event_sleeping_wait_all:
  end: 1685697340.7881176
  start: 1685697179.948361
