event_sleeping_wait_all:
  end: 1685698985.7441437
  start: 1685698647.315153
