event_sleeping_wait_all:
  end: 1685698595.6914065
  start: 1685698562.3745608
