event_sleeping_wait_all:
  end: 1685698510.793234
  start: 1685698257.3695881
