event_sleeping_wait_all:
  end: 1685697815.801943
  start: 1685697087.2869887
