event_sleeping_wait_all:
  end: 1685698028.2953153
  start: 1685697867.4031088
