event_sleeping:
  end: 1685697035.6984174
  start: 1685697035.6982532
