event_sleeping_wait_all:
  end: 1685699290.7521393
  start: 1685699037.3505166
