event_sleeping_wait_all:
  end: 1685698205.7843666
  start: 1685698079.911469
