event_sleeping_wait_all:
  end: 1685699663.2281432
  start: 1685699342.379259
