event_sleeping_wait_all:
  end: 1685699625.6919985
  start: 1685699482.7626143
