event_sleeping:
  end: 1685697870.7760353
  start: 1685697727.781771
