event_sleeping:
  end: 1685698845.7095568
  start: 1685698702.8457763
