event_sleeping_wait_all:
  end: 1685699235.771946
  start: 1685699092.785097
