event_sleeping:
  end: 1685697090.7319806
  start: 1685697035.6949828
