event_sleeping_wait_all:
  end: 1685699040.7840555
  start: 1685698897.7588842
