event_sleeping:
  end: 1685698455.7440252
  start: 1685698312.8146493
