event_sleeping:
  end: 1685697285.7882364
  start: 1685697158.1460376
