event_sleeping:
  end: 1685698260.77596
  start: 1685698117.7988453
