event_sleeping:
  end: 1685698650.768554
  start: 1685698507.7524261
