event_sleeping_wait_all:
  end: 1685699430.7199576
  start: 1685699287.811892
