event_sleeping:
  end: 1685697675.7878473
  start: 1685697337.782187
