event_sleeping:
  end: 1685698065.7802103
  start: 1685697922.830317
