event_sleeping:
  end: 1684834060.668026
  start: 1684833865.6403584
