event_sleeping:
  end: 1684833865.639915
  start: 1684833865.639787
