event_sleeping:
  end: 1684834060.7320638
  start: 1684833928.9163194
