event_sleeping:
  end: 1684833940.710905
  start: 1684833865.6390264
