event_sleeping:
  end: 1684833940.7112439
  start: 1684833865.6401007
