event_sleeping:
  end: 1684833940.701826
  start: 1684833865.6399786
