event_sleeping:
  end: 1684833903.1522305
  start: 1684833865.638681
