event_sleeping:
  end: 1684834098.1680312
  start: 1684833954.8533862
