event_sleeping:
  end: 1686223948.7340443
  start: 1686223312.3166955
