event_sleeping:
  end: 1686221878.663494
  start: 1686221464.7681649
