event_sleeping:
  end: 1686222073.7036872
  start: 1686221929.7318292
