event_sleeping:
  end: 1686220921.223666
  start: 1686220667.2682998
