event_sleeping:
  end: 1686221413.7344892
  start: 1686221269.7198153
