event_sleeping:
  end: 1686221218.6914744
  start: 1686221074.8017235
