event_sleeping:
  end: 1686222853.7034736
  start: 1686222709.8083577
