event_sleeping:
  end: 1686223261.223593
  start: 1686223024.8005595
