event_sleeping:
  end: 1686224126.2339199
  start: 1686223999.806313
