event_sleeping:
  end: 1686224321.2314398
  start: 1686224177.3547103
