event_sleeping:
  end: 1686221023.68514
  start: 1686220972.3159447
