event_sleeping:
  end: 1686222973.702853
  start: 1686222904.7487483
