event_sleeping:
  end: 1686220616.167979
  start: 1686220421.1423082
