event_sleeping:
  end: 1686222658.735096
  start: 1686222124.7576158
