event_sleeping:
  end: 1686221023.685275
  start: 1686220684.690597
