event_sleeping:
  end: 1686221981.234601
  start: 1686221642.3080904
