event_sleeping:
  end: 1686222761.2340422
  start: 1686222439.8071477
