event_sleeping:
  end: 1686222388.6994746
  start: 1686222319.7647376
