event_sleeping:
  end: 1686223346.183702
  start: 1686223202.3122497
