event_sleeping:
  end: 1686224041.2339213
  start: 1686223897.2614787
