event_sleeping:
  end: 1686223846.1596258
  start: 1686223702.3143728
