event_sleeping:
  end: 1686224321.2315936
  start: 1686224194.749027
