event_sleeping:
  end: 1686221311.2190917
  start: 1686221074.8001044
