event_sleeping:
  end: 1686223151.2185419
  start: 1686222812.2959952
