event_sleeping:
  end: 1686223651.2183807
  start: 1686223397.2699413
