event_sleeping:
  end: 1686221591.2183256
  start: 1686221362.2743857
