event_sleeping:
  end: 1686224143.6850402
  start: 1686224092.2952564
