event_sleeping:
  end: 1686222268.685878
  start: 1686222032.3715003
