event_sleeping:
  end: 1686220421.1406882
  start: 1686220421.140599
