event_sleeping:
  end: 1686220633.6487093
  start: 1686220471.9779425
