event_sleeping:
  end: 1686222268.7314727
  start: 1686222049.7590537
