event_sleeping:
  end: 1686222973.655647
  start: 1686222709.8043082
