event_sleeping:
  end: 1686224803.7335522
  start: 1686223787.230218
