event_sleeping:
  end: 1686222481.2314205
  start: 1686222319.762236
