event_sleeping:
  end: 1686223651.2186604
  start: 1686223202.34207
