event_sleeping:
  end: 1686221413.699793
  start: 1686221344.7588701
