event_sleeping:
  end: 1686223736.167614
  start: 1686223702.29581
