event_sleeping:
  end: 1686221293.6428628
  start: 1686221149.817851
