event_sleeping:
  end: 1686220531.2484736
  start: 1686220421.1409554
