event_sleeping:
  end: 1686223151.2316358
  start: 1686223024.7289174
