event_sleeping:
  end: 1686222658.7316022
  start: 1686222532.30748
