event_sleeping:
  end: 1686221896.231665
  start: 1686221464.8148148
