event_sleeping:
  end: 1686221098.7337885
  start: 1686220862.2269444
