event_sleeping:
  end: 1686221998.6834261
  start: 1686221947.3087666
