event_sleeping:
  end: 1686220726.151539
  start: 1686220582.2852492
