event_sleeping:
  end: 1686220811.1436028
  start: 1686220777.2815723
