event_sleeping:
  end: 1686223456.2316227
  start: 1686223099.872538
