event_sleeping:
  end: 1686222176.2336886
  start: 1686222049.7601814
