event_sleeping:
  end: 1686224431.1996589
  start: 1686224177.3513558
