event_sleeping:
  end: 1686220513.7263212
  start: 1686220421.1386845
