event_sleeping:
  end: 1686224126.2336776
  start: 1686223897.2910848
