event_sleeping:
  end: 1686222583.682865
  start: 1686222514.7679229
