event_sleeping:
  end: 1686222463.663932
  start: 1686222227.2974288
