event_sleeping:
  end: 1686223048.731567
  start: 1686222904.7557604
