event_sleeping:
  end: 1686221506.2337246
  start: 1686221167.3316972
