event_sleeping:
  end: 1686221116.2317035
  start: 1686220777.3149424
