event_sleeping:
  end: 1686221683.7341413
  start: 1686221557.3249474
