event_sleeping:
  end: 1686221878.731526
  start: 1686221734.808186
