event_sleeping:
  end: 1686222853.7369027
  start: 1686222634.8004303
