event_sleeping:
  end: 1686223846.231556
  start: 1686223592.285652
