event_sleeping:
  end: 1686223541.167597
  start: 1686223507.3531587
