event_sleeping:
  end: 1686220726.2316375
  start: 1686220564.7991152
