event_sleeping:
  end: 1686221998.7105029
  start: 1686221929.8289824
