event_sleeping:
  end: 1686223048.7318044
  start: 1686222812.2526755
