event_sleeping:
  end: 1686221981.2236469
  start: 1686221464.6231596
