event_sleeping:
  end: 1686221413.6609926
  start: 1686221252.1414704
