event_sleeping:
  end: 1686224431.2380202
  start: 1686224194.7467635
