event_sleeping:
  end: 1686222566.1595633
  start: 1686222532.1809506
