event_sleeping:
  end: 1686224143.7316053
  start: 1686223787.2119362
