event_sleeping:
  end: 1686222286.1755202
  start: 1686222032.2111154
