event_sleeping:
  end: 1686221201.1597095
  start: 1686220667.178139
