event_sleeping:
  end: 1686223346.2316437
  start: 1686223099.7577643
