event_sleeping:
  end: 1686223736.2315898
  start: 1686223397.251203
