event_sleeping:
  end: 1686222481.2003608
  start: 1686222337.1500182
