event_sleeping:
  end: 1686222761.233815
  start: 1686222617.146914
