event_sleeping:
  end: 1686220531.2181504
  start: 1686220421.1416085
