event_sleeping:
  end: 1686220616.1678479
  start: 1686220582.2109416
