event_sleeping:
  end: 1686220671.1436436
  start: 1686220527.0152912
