event_sleeping:
  end: 1686224181.2337074
  start: 1686224037.3534849
