event_sleeping:
  end: 1686223986.2340107
  start: 1686223842.3280032
