event_sleeping:
  end: 1686222816.2337916
  start: 1686222672.3252506
