event_sleeping:
  end: 1686223401.2315955
  start: 1686223062.3476348
