event_sleeping:
  end: 1686222231.1757162
  start: 1686222137.5708158
