event_sleeping:
  end: 1686223596.2314959
  start: 1686223452.3503487
