event_sleeping:
  end: 1686220476.1676226
  start: 1686220421.141792
