event_sleeping:
  end: 1686223791.233978
  start: 1686223647.3559859
