event_sleeping:
  end: 1686221451.2214139
  start: 1686221307.3146505
