event_sleeping:
  end: 1686221256.211625
  start: 1686221112.326787
