event_sleeping:
  end: 1686221061.2337847
  start: 1686220722.2510843
