event_sleeping:
  end: 1686222621.2235851
  start: 1686222477.2731361
