event_sleeping:
  end: 1686221646.2156894
  start: 1686221502.3158615
