event_sleeping:
  end: 1686223011.2183836
  start: 1686222867.3374093
