event_sleeping:
  end: 1686221841.2236676
  start: 1686221697.3231366
