event_sleeping:
  end: 1686222426.1517053
  start: 1686222282.290437
