event_sleeping:
  end: 1686222036.231499
  start: 1686221892.3595283
