event_sleeping:
  end: 1684926635.1520665
  start: 1684926382.1195273
