event_sleeping_wait_all:
  end: 1684927592.699111
  start: 1684927179.611462
