event_sleeping:
  end: 1684926737.649854
  start: 1684926687.0677223
