event_sleeping:
  end: 1684926330.1961784
  start: 1684926135.1075015
