event_sleeping_wait_all:
  end: 1684927127.7040403
  start: 1684926984.510917
