event_sleeping:
  end: 1684926932.604193
  start: 1684926795.5870173
