event_sleeping:
  end: 1684926347.6990983
  start: 1684926186.743612
