event_sleeping_wait_all:
  end: 1684927025.1432037
  start: 1684926789.3317044
