event_sleeping:
  end: 1684926737.6501443
  start: 1684926408.3272371
