event_sleeping_wait_all:
  end: 1684927982.698929
  start: 1684927746.8447337
