event_sleeping:
  end: 1684926135.1093607
  start: 1684926135.1093144
