event_sleeping_wait_all:
  end: 1684927305.0994148
  start: 1684927076.8196175
