event_sleeping_wait_all:
  end: 1684927695.203265
  start: 1684927356.7549098
