event_sleeping_wait_all:
  end: 1684927712.649822
  start: 1684927661.8104243
