event_sleeping:
  end: 1684926440.1991863
  start: 1684926296.8531892
