event_sleeping_wait_all:
  end: 1684927610.1267786
  start: 1684927179.305555
