event_sleeping:
  end: 1684926525.1057086
  start: 1684926491.8719046
