event_sleeping_wait_all:
  end: 1684927127.6361303
  start: 1684927059.3878472
