event_sleeping:
  end: 1684926812.640037
  start: 1684926576.7836802
