event_sleeping:
  end: 1684926245.2000988
  start: 1684926135.1101532
