event_sleeping_wait_all:
  end: 1684927007.6989477
  start: 1684926864.2591832
