event_sleeping_wait_all:
  end: 1684926830.1400948
  start: 1684926491.9048984
