event_sleeping:
  end: 1684926227.692796
  start: 1684926135.1111138
