event_sleeping_wait_all:
  end: 1684927397.6927192
  start: 1684927271.842282
