event_sleeping_wait_all:
  end: 1684927220.1724489
  start: 1684926881.8051858
