event_sleeping_wait_all:
  end: 1684926440.1996062
  start: 1684926279.3653655
