event_sleeping:
  end: 1684926245.1039512
  start: 1684926135.1128109
