event_sleeping_wait_all:
  end: 1684928762.6993105
  start: 1684928526.7562308
