event_sleeping:
  end: 1684926915.1925488
  start: 1684926381.7260416
