event_sleeping_wait_all:
  end: 1684928195.1960108
  start: 1684928051.7326403
