event_sleeping_wait_all:
  end: 1684928280.1322272
  start: 1684928246.7968779
