event_sleeping_wait_all:
  end: 1684928000.1207263
  start: 1684927746.7622602
