event_sleeping:
  end: 1684927127.670637
  start: 1684926966.7791798
