event_sleeping_wait_all:
  end: 1684928475.148075
  start: 1684928331.7117145
