event_sleeping_wait_all:
  end: 1684927695.168188
  start: 1684927179.2805405
