event_sleeping:
  end: 1684926330.1030498
  start: 1684926296.6789992
