event_sleeping_wait_all:
  end: 1684928725.1991045
  start: 1684928582.2355227
