event_sleeping:
  end: 1684926190.151895
  start: 1684926135.1063077
