event_sleeping_wait_all:
  end: 1684928530.1993902
  start: 1684928387.1824222
