event_sleeping_wait_all:
  end: 1684927750.1991498
  start: 1684927607.1661692
