event_sleeping_wait_all:
  end: 1684927945.1755588
  start: 1684927802.232174
