event_sleeping:
  end: 1684926970.1721895
  start: 1684926827.1413484
