event_sleeping_wait_all:
  end: 1684928335.1959114
  start: 1684928192.1555023
