event_sleeping:
  end: 1684927165.1000633
  start: 1684927022.1703405
