event_sleeping_wait_all:
  end: 1684928140.199417
  start: 1684927997.1360998
