event_sleeping:
  end: 1684926385.1735854
  start: 1684926242.1639075
