event_sleeping_wait_all:
  end: 1684927360.1990676
  start: 1684927217.0869875
