event_sleeping_wait_all:
  end: 1684927555.1958358
  start: 1684927412.2289422
