event_sleeping:
  end: 1684926775.195982
  start: 1684926437.1218195
