event_sleeping:
  end: 1683338656.250342
  start: 1683338532.5892186
