event_sleeping:
  end: 1683336603.8152192
  start: 1683336462.5356474
