event_sleeping:
  end: 1683335731.3355196
  start: 1683335590.0088735
