event_sleeping:
  end: 1683337401.2635777
  start: 1683337242.5816526
