event_sleeping:
  end: 1683336408.8355832
  start: 1683335980.0263772
