event_sleeping:
  end: 1683337486.267606
  start: 1683337454.9761815
