event_sleeping:
  end: 1683338478.836406
  start: 1683337845.14853
