event_sleeping:
  end: 1683337791.3355737
  start: 1683337540.010389
