event_sleeping:
  end: 1683335451.3355434
  start: 1683335217.527089
