event_sleeping:
  end: 1683335163.8313746
  start: 1683334968.7412636
