event_sleeping:
  end: 1683335926.2834473
  start: 1683335785.1382358
