event_sleeping:
  end: 1683337188.8355098
  start: 1683336657.5873098
