event_sleeping:
  end: 1683335536.2667449
  start: 1683335505.114771
