event_sleeping:
  end: 1683338376.3356686
  start: 1683338217.598206
