event_sleeping:
  end: 1683337876.3232133
  start: 1683337735.0999742
