event_sleeping:
  end: 1683336816.3371267
  start: 1683336582.5973709
