event_sleeping:
  end: 1683338163.8353744
  start: 1683337930.0283258
