event_sleeping:
  end: 1683338571.3035388
  start: 1683338430.084686
