event_sleeping:
  end: 1683335841.3355737
  start: 1683335590.1895971
