event_sleeping:
  end: 1683337308.8298838
  start: 1683336954.976065
