event_sleeping:
  end: 1683335536.3355143
  start: 1683335200.0658312
