event_sleeping:
  end: 1683336528.8354154
  start: 1683336175.0287426
