event_sleeping:
  end: 1683337681.2958593
  start: 1683337362.578988
