event_sleeping:
  end: 1683335146.3315275
  start: 1683335022.4752386
