event_sleeping:
  end: 1683336901.2634678
  start: 1683336870.068831
