event_sleeping:
  end: 1683336121.295609
  start: 1683335895.0735924
