event_sleeping:
  end: 1683334968.7408998
  start: 1683334968.7408755
