event_sleeping:
  end: 1683336528.7833378
  start: 1683336480.4301531
