event_sleeping:
  end: 1683337011.279643
  start: 1683336870.3669355
