event_sleeping:
  end: 1683335926.255448
  start: 1683335877.8129492
