event_sleeping:
  end: 1683337188.8262923
  start: 1683337065.2921362
