event_sleeping:
  end: 1683335341.2633533
  start: 1683335310.5249617
