event_sleeping:
  end: 1683339351.3353913
  start: 1683338320.2718353
