event_sleeping:
  end: 1683335256.3355157
  start: 1683335115.3734634
