event_sleeping:
  end: 1683336426.3355107
  start: 1683335980.3308873
