event_sleeping:
  end: 1683338266.2651458
  start: 1683338235.3467653
