event_sleeping:
  end: 1683335061.3275278
  start: 1683334968.7414577
