event_sleeping:
  end: 1683335628.8353195
  start: 1683335395.3109384
