event_sleeping:
  end: 1683338181.3276212
  start: 1683337735.3151715
