event_sleeping:
  end: 1683337681.2955484
  start: 1683337558.0693889
