event_sleeping:
  end: 1683337503.8356643
  start: 1683337242.873597
