event_sleeping:
  end: 1683336816.3268285
  start: 1683336582.7898207
