event_sleeping:
  end: 1683335823.7515602
  start: 1683335682.9403217
