event_sleeping:
  end: 1683335646.3203387
  start: 1683335292.5940824
