event_sleeping:
  end: 1683338376.33593
  start: 1683338142.5299945
