event_sleeping:
  end: 1683336036.3300204
  start: 1683335700.0598266
