event_sleeping:
  end: 1683338656.3314037
  start: 1683338430.0788772
