event_sleeping:
  end: 1683336408.836342
  start: 1683336285.069389
