event_sleeping:
  end: 1683337578.8315969
  start: 1683337454.976911
