event_sleeping:
  end: 1683337401.267492
  start: 1683337149.998099
