event_sleeping:
  end: 1683336511.2796416
  start: 1683336462.5784829
