event_sleeping:
  end: 1683338088.7833288
  start: 1683338040.0784016
