event_sleeping:
  end: 1683336993.7520223
  start: 1683336777.5131238
