event_sleeping:
  end: 1683335061.327811
  start: 1683334968.7470682
