event_sleeping:
  end: 1683336231.3355448
  start: 1683336090.0406742
