event_sleeping:
  end: 1683336723.8354955
  start: 1683336564.9888587
