event_sleeping:
  end: 1683335238.83552
  start: 1683335115.0670424
