event_sleeping:
  end: 1683337096.2833388
  start: 1683337047.4872046
