event_sleeping:
  end: 1683337986.3359995
  start: 1683337632.6985445
