event_sleeping:
  end: 1683337291.305018
  start: 1683337149.995408
