event_sleeping:
  end: 1683336798.7676115
  start: 1683336565.0666902
