event_sleeping:
  end: 1683338266.255542
  start: 1683337930.0699813
