event_sleeping:
  end: 1683335943.8315668
  start: 1683335802.5597157
