event_sleeping:
  end: 1683337011.3353808
  start: 1683336852.5852544
