event_sleeping:
  end: 1683335748.835589
  start: 1683335217.5285375
