event_sleeping:
  end: 1683335163.7834215
  start: 1683335115.0748088
