event_sleeping:
  end: 1683335061.3306792
  start: 1683334968.7472007
