event_sleeping:
  end: 1683337596.331536
  start: 1683337345.073135
