event_sleeping:
  end: 1683337096.235977
  start: 1683337065.0960855
