event_sleeping:
  end: 1683338656.2506115
  start: 1683338319.9625168
