event_sleeping:
  end: 1683336511.3354294
  start: 1683335997.6044452
