event_sleeping:
  end: 1683337876.3338625
  start: 1683337650.0757933
