event_sleeping:
  end: 1683337931.3315141
  start: 1683337595.0095434
