event_sleeping:
  end: 1683336176.3315353
  start: 1683336034.942956
