event_sleeping:
  end: 1683335006.2396302
  start: 1683334968.746918
