event_sleeping:
  end: 1683337346.303545
  start: 1683337204.9457235
