event_sleeping:
  end: 1683335981.2817838
  start: 1683335839.981871
