event_sleeping:
  end: 1683335201.335507
  start: 1683335059.9100423
