event_sleeping:
  end: 1683337151.311623
  start: 1683337010.0059147
