event_sleeping:
  end: 1683336956.3275108
  start: 1683336862.222294
