event_sleeping:
  end: 1683336371.335736
  start: 1683336229.9897423
