event_sleeping:
  end: 1683338321.263477
  start: 1683338180.0356193
