event_sleeping:
  end: 1683335786.331508
  start: 1683335644.9781647
