event_sleeping:
  end: 1683338516.243553
  start: 1683338374.9358418
