event_sleeping:
  end: 1683338126.3355062
  start: 1683337985.0282438
