event_sleeping:
  end: 1683335591.3355176
  start: 1683335254.999902
