event_sleeping:
  end: 1683336761.2768974
  start: 1683336619.9779177
