event_sleeping:
  end: 1683336566.3021612
  start: 1683336425.018483
