event_sleeping:
  end: 1683337541.3314028
  start: 1683337399.9688773
