event_sleeping:
  end: 1685751912.3798997
  start: 1685751522.336321
