event_sleeping:
  end: 1685751522.3255048
  start: 1685751522.3253834
