event_sleeping:
  end: 1685751522.327698
  start: 1685751522.3276083
