event_sleeping:
  end: 1685751614.9081428
  start: 1685751522.3282378
