event_sleeping:
  end: 1685751522.326289
  start: 1685751522.326197
