event_sleeping:
  end: 1685751577.3685012
  start: 1685751522.3271518
