event_sleeping:
  end: 1685751967.416422
  start: 1685751825.122252
