event_sleeping:
  end: 1685751772.3800352
  start: 1685751645.3914483
