event_sleeping_wait_all:
  end: 1685703488.891977
  start: 1685703438.3510864
