event_sleeping:
  end: 1685703098.9153066
  start: 1685702903.8820176
