event_sleeping_wait_all:
  end: 1685703386.3960788
  start: 1685703150.8671427
