event_sleeping:
  end: 1685703098.982063
  start: 1685702955.6100848
