event_sleeping:
  end: 1685702903.8771238
  start: 1685702903.8768554
