event_sleeping_wait_all:
  end: 1685703488.9718828
  start: 1685703150.6339977
