event_sleeping:
  end: 1685702978.948076
  start: 1685702903.8792398
