event_sleeping_wait_all:
  end: 1685703173.9732356
  start: 1685703030.643366
