event_sleeping_wait_all:
  end: 1685703191.4731646
  start: 1685703030.646353
