event_sleeping_wait_all:
  end: 1685703563.9320066
  start: 1685703243.1505232
