event_sleeping:
  end: 1685702978.948524
  start: 1685702903.8835208
