event_sleeping_wait_all:
  end: 1685703683.9160962
  start: 1685703150.5055723
