event_sleeping_wait_all:
  end: 1685703098.9541926
  start: 1685703030.5382953
