event_sleeping:
  end: 1685702978.9494343
  start: 1685702903.8840957
