event_sleeping_wait_all:
  end: 1685703526.396131
  start: 1685703188.5364625
