event_sleeping_wait_all:
  end: 1685703721.468217
  start: 1685703578.4676373
