event_sleeping:
  end: 1685702941.3974645
  start: 1685702903.8757775
