event_sleeping:
  end: 1685703136.4684873
  start: 1685702993.486835
