event_sleeping:
  end: 1683993940.031188
  start: 1683993549.950603
