event_sleeping:
  end: 1683993549.9461582
  start: 1683993549.9450965
