event_sleeping:
  end: 1683993549.9411633
  start: 1683993549.9410706
