event_sleeping:
  end: 1683993642.4610498
  start: 1683993549.9443939
