event_sleeping:
  end: 1683993549.9446733
  start: 1683993549.9440653
