event_sleeping:
  end: 1683993604.9833593
  start: 1683993549.9390173
