event_sleeping:
  end: 1683993800.0274498
  start: 1683993661.257337
