event_sleeping:
  end: 1683993994.9915044
  start: 1683993852.7139037
