event_sleeping:
  end: 1685316281.735712
  start: 1685316230.4203978
