event_sleeping:
  end: 1685315891.7321446
  start: 1685315696.7187116
