event_sleeping:
  end: 1685317136.8040304
  start: 1685316722.8395252
