event_sleeping:
  end: 1685316179.3079443
  start: 1685315947.6504352
