event_sleeping:
  end: 1685317916.808085
  start: 1685317382.8913317
