event_sleeping:
  end: 1685317331.793078
  start: 1685317187.9244514
