event_sleeping:
  end: 1685316476.8081386
  start: 1685316332.8139524
