event_sleeping:
  end: 1685316671.7766907
  start: 1685316527.8688278
