event_sleeping:
  end: 1685315696.717414
  start: 1685315696.7165084
