event_sleeping:
  end: 1685317256.7365417
  start: 1685316917.6031978
