event_sleeping:
  end: 1685316281.807888
  start: 1685315942.5847502
