event_sleeping:
  end: 1685316569.2761545
  start: 1685316332.6209962
