event_sleeping:
  end: 1685316866.7653074
  start: 1685316620.082677
