event_sleeping:
  end: 1685317526.8078766
  start: 1685317307.5252013
