event_sleeping:
  end: 1685315891.8150659
  start: 1685315756.916302
