event_sleeping:
  end: 1685315771.7854044
  start: 1685315696.718233
