event_sleeping:
  end: 1685317256.7806225
  start: 1685317187.6200664
