event_sleeping:
  end: 1685316551.7928874
  start: 1685316407.513558
