event_sleeping:
  end: 1685316069.2600038
  start: 1685316017.5942807
