event_sleeping:
  end: 1685315966.8084621
  start: 1685315822.5963624
