event_sleeping:
  end: 1685317136.8198347
  start: 1685316722.5702271
