event_sleeping:
  end: 1685316356.7356873
  start: 1685316120.0595212
