event_sleeping:
  end: 1685317526.7355993
  start: 1685317307.5939252
