event_sleeping:
  end: 1685316671.776527
  start: 1685316602.6336792
