event_sleeping:
  end: 1685315771.7866595
  start: 1685315696.7225873
