event_sleeping:
  end: 1685316356.8079429
  start: 1685316035.1062658
