event_sleeping:
  end: 1685316941.8082883
  start: 1685316797.623461
