event_sleeping:
  end: 1685315984.3082752
  start: 1685315822.5669942
