event_sleeping:
  end: 1685317256.7358694
  start: 1685317187.6186311
