event_sleeping:
  end: 1685317451.742224
  start: 1685317307.5658238
