event_sleeping:
  end: 1685316746.8080878
  start: 1685316407.5949461
