event_sleeping:
  end: 1685317136.7882302
  start: 1685316992.6182847
