event_sleeping:
  end: 1685316671.819747
  start: 1685316527.5830379
