event_sleeping:
  end: 1685317239.3081932
  start: 1685316722.554435
