event_sleeping:
  end: 1685316476.8084342
  start: 1685315942.5185874
