event_sleeping:
  end: 1685315771.7851126
  start: 1685315696.7184446
