event_sleeping:
  end: 1685315891.7760565
  start: 1685315822.5476696
