event_sleeping:
  end: 1685317526.8083026
  start: 1685317290.0551515
