event_sleeping:
  end: 1685317099.3082638
  start: 1685316955.4686608
