event_sleeping:
  end: 1685316709.300006
  start: 1685316565.4498377
