event_sleeping:
  end: 1685315929.2441723
  start: 1685315785.099491
