event_sleeping:
  end: 1685316904.3079138
  start: 1685316760.4538455
