event_sleeping:
  end: 1685315734.2360291
  start: 1685315696.7108717
