event_sleeping:
  end: 1685316319.2883074
  start: 1685315980.409493
