event_sleeping:
  end: 1685316514.3080382
  start: 1685316370.4142985
