event_sleeping:
  end: 1685317294.3085601
  start: 1685317150.4430282
