event_sleeping:
  end: 1685504005.404078
  start: 1685503810.3480818
