event_sleeping:
  end: 1685503810.347683
  start: 1685503810.3476214
