event_sleeping:
  end: 1685503902.9322915
  start: 1685503810.3465848
