event_sleeping:
  end: 1685503902.8828905
  start: 1685503810.3468146
