event_sleeping:
  end: 1685503902.9319205
  start: 1685503810.3470426
