event_sleeping:
  end: 1685504042.9393046
  start: 1685503899.6009986
