event_sleeping:
  end: 1685503847.87777
  start: 1685503810.3451843
