event_sleeping:
  end: 1686193569.1515806
  start: 1686192932.7479873
