event_sleeping:
  end: 1686192881.6528296
  start: 1686192645.1455646
