event_sleeping:
  end: 1686193746.605485
  start: 1686193620.2317877
