event_sleeping:
  end: 1686192279.1525073
  start: 1686191745.1664414
