event_sleeping:
  end: 1686192474.146715
  start: 1686192330.2009218
