event_sleeping:
  end: 1686190839.1527748
  start: 1686190695.212492
