event_sleeping:
  end: 1686191034.151636
  start: 1686190890.2465787
