event_sleeping:
  end: 1686193941.5543706
  start: 1686193797.6876795
