event_sleeping:
  end: 1686190541.5757525
  start: 1686190287.7217708
