event_sleeping:
  end: 1686191499.152717
  start: 1686191085.2570288
