event_sleeping:
  end: 1686190236.6514435
  start: 1686190041.565919
