event_sleeping:
  end: 1686191694.095507
  start: 1686191550.1549876
