event_sleeping:
  end: 1686192594.0556283
  start: 1686192525.2412093
