event_sleeping:
  end: 1686190644.1042595
  start: 1686190592.6716158
