event_sleeping:
  end: 1686191601.6498227
  start: 1686191262.7601182
