event_sleeping:
  end: 1686193764.0869675
  start: 1686193712.7375593
