event_sleeping:
  end: 1686193661.6434402
  start: 1686193517.6349263
