event_sleeping:
  end: 1686193271.5917814
  start: 1686193017.7505608
