event_sleeping:
  end: 1686192009.0850878
  start: 1686191940.194291
