event_sleeping:
  end: 1686193466.5609615
  start: 1686193322.7076707
