event_sleeping:
  end: 1686193941.554102
  start: 1686193815.170342
