event_sleeping:
  end: 1686190644.1036978
  start: 1686190305.2734005
