event_sleeping:
  end: 1686192381.6514702
  start: 1686192060.1369681
