event_sleeping:
  end: 1686190931.6311634
  start: 1686190695.1960084
