event_sleeping:
  end: 1686190254.149989
  start: 1686190092.3989277
