event_sleeping:
  end: 1686191211.652648
  start: 1686190982.7329538
