event_sleeping:
  end: 1686192966.651543
  start: 1686192822.626818
