event_sleeping:
  end: 1686190041.5653746
  start: 1686190041.5652843
