event_sleeping:
  end: 1686192771.6267617
  start: 1686192432.759871
