event_sleeping:
  end: 1686191889.095653
  start: 1686191652.7458394
