event_sleeping:
  end: 1686192594.1515377
  start: 1686192330.2224138
