event_sleeping:
  end: 1686191619.1132636
  start: 1686191567.7290184
