event_sleeping:
  end: 1686191516.6525607
  start: 1686191085.1563969
