event_sleeping:
  end: 1686190914.0843556
  start: 1686190770.2533937
