event_sleeping:
  end: 1686191034.0556257
  start: 1686190965.1724007
