event_sleeping:
  end: 1686191889.1514082
  start: 1686191670.1495912
