event_sleeping:
  end: 1686193271.6514642
  start: 1686192822.662475
