event_sleeping:
  end: 1686190346.6196377
  start: 1686190202.6531947
