event_sleeping:
  end: 1686192101.6528637
  start: 1686191940.2019665
