event_sleeping:
  end: 1686190151.6047397
  start: 1686190041.5600233
