event_sleeping:
  end: 1686190431.559549
  start: 1686190397.729134
