event_sleeping:
  end: 1686190719.1515007
  start: 1686190482.6711447
