event_sleeping:
  end: 1686192771.6567497
  start: 1686192645.2220793
