event_sleeping:
  end: 1686193356.5863986
  start: 1686193322.7091138
