event_sleeping:
  end: 1686194424.1524816
  start: 1686193407.6661932
