event_sleeping:
  end: 1686192279.1529007
  start: 1686192152.6914847
