event_sleeping:
  end: 1686192084.0960088
  start: 1686191847.647679
