event_sleeping:
  end: 1686190736.6539333
  start: 1686190397.7289348
