event_sleeping:
  end: 1686191619.076521
  start: 1686191550.1507466
