event_sleeping:
  end: 1686194051.6515813
  start: 1686193797.688226
