event_sleeping:
  end: 1686192474.1460748
  start: 1686192255.227663
