event_sleeping:
  end: 1686193076.65264
  start: 1686192720.1616387
