event_sleeping:
  end: 1686191796.5836048
  start: 1686191670.1293807
