event_sleeping:
  end: 1686192669.1417656
  start: 1686192525.2415106
