event_sleeping:
  end: 1686193466.5606818
  start: 1686193212.6861763
