event_sleeping:
  end: 1686193161.5755482
  start: 1686193127.7655306
