event_sleeping:
  end: 1686190134.083463
  start: 1686190041.561978
