event_sleeping:
  end: 1686191304.1162703
  start: 1686191177.6426876
