event_sleeping:
  end: 1686192204.1218395
  start: 1686192135.1804085
