event_sleeping:
  end: 1686190346.630352
  start: 1686190185.174248
