event_sleeping:
  end: 1686193746.605196
  start: 1686193517.6341548
