event_sleeping:
  end: 1686191126.559558
  start: 1686190787.7481208
