event_sleeping:
  end: 1686191499.0593643
  start: 1686191355.198467
