event_sleeping:
  end: 1686193764.0876298
  start: 1686193407.665248
