event_sleeping:
  end: 1686192381.607632
  start: 1686192237.6046584
