event_sleeping:
  end: 1686192966.5676985
  start: 1686192720.1094737
