event_sleeping:
  end: 1686193356.6515827
  start: 1686193017.5478632
