event_sleeping:
  end: 1686191906.6316829
  start: 1686191652.632819
