event_sleeping:
  end: 1686191601.649538
  start: 1686191085.1887991
