event_sleeping:
  end: 1686192669.1641378
  start: 1686192432.5845299
