event_sleeping:
  end: 1686190151.6515143
  start: 1686190041.5641718
