event_sleeping:
  end: 1686191034.1522462
  start: 1686190872.639091
