event_sleeping:
  end: 1686192186.5865657
  start: 1686192152.6274657
