event_sleeping:
  end: 1686192101.6531847
  start: 1686191957.6206439
