event_sleeping:
  end: 1686194051.5989883
  start: 1686193815.0772924
