event_sleeping:
  end: 1686190236.5864813
  start: 1686190202.6559901
