event_sleeping:
  end: 1686190821.6513972
  start: 1686190287.609705
