event_sleeping:
  end: 1686192631.6502595
  start: 1686192487.6707144
