event_sleeping:
  end: 1686192046.6527567
  start: 1686191902.7447953
