event_sleeping:
  end: 1686191851.6465988
  start: 1686191757.8956459
