event_sleeping:
  end: 1686190291.6047316
  start: 1686190147.442605
