event_sleeping:
  end: 1686191461.5627363
  start: 1686191317.7420728
