event_sleeping:
  end: 1686191656.5539103
  start: 1686191512.6614048
