event_sleeping:
  end: 1686193216.651473
  start: 1686193072.666403
