event_sleeping:
  end: 1686192241.6526687
  start: 1686192097.7657385
