event_sleeping:
  end: 1686191266.6529593
  start: 1686191122.7299964
