event_sleeping:
  end: 1686191071.6200671
  start: 1686190927.7394896
