event_sleeping:
  end: 1686192436.5878472
  start: 1686192292.7288566
