event_sleeping:
  end: 1686190876.6515007
  start: 1686190732.7418644
