event_sleeping:
  end: 1686190096.590608
  start: 1686190041.5630207
