event_sleeping:
  end: 1686190681.6514895
  start: 1686190342.7119324
