event_sleeping:
  end: 1686193801.6525493
  start: 1686193657.711163
