event_sleeping:
  end: 1686193606.6075537
  start: 1686193462.6711924
