event_sleeping:
  end: 1686193021.5756807
  start: 1686192682.7351146
