event_sleeping:
  end: 1686193411.5555315
  start: 1686193267.7550428
