event_sleeping:
  end: 1685286307.806263
  start: 1685286146.4799063
