event_sleeping:
  end: 1685276075.3369584
  start: 1685275931.4640427
