event_sleeping:
  end: 1685285137.9012878
  start: 1685284883.8650274
