event_sleeping:
  end: 1685284552.9016201
  start: 1685284408.9558394
