event_sleeping:
  end: 1685278805.399861
  start: 1685278168.9830933
