event_sleeping:
  end: 1685277830.3641226
  start: 1685277761.4959242
