event_sleeping:
  end: 1685281042.8760648
  start: 1685280788.8820224
