event_sleeping:
  end: 1685275472.9002008
  start: 1685275277.8160427
