event_sleeping:
  end: 1685283577.9116058
  start: 1685283323.999011
