event_sleeping:
  end: 1685283967.9002383
  start: 1685283628.9992228
