event_sleeping:
  end: 1685275880.3519099
  start: 1685275828.9782996
