event_sleeping:
  end: 1685282212.8680353
  start: 1685281763.9106236
