event_sleeping:
  end: 1685276252.9002585
  start: 1685276126.413779
