event_sleeping:
  end: 1685284357.8360868
  start: 1685284103.8840787
