event_sleeping:
  end: 1685278982.835903
  start: 1685278856.4742544
