event_sleeping:
  end: 1685280737.8201184
  start: 1685280593.9127827
