event_sleeping:
  end: 1685278117.8841593
  start: 1685277881.4577768
