event_sleeping:
  end: 1685279872.9019384
  start: 1685279728.9740179
