event_sleeping:
  end: 1685285917.9005258
  start: 1685285663.8945324
