event_sleeping:
  end: 1685286095.375978
  start: 1685285968.9795692
