event_sleeping:
  end: 1685286892.9012575
  start: 1685286748.970165
