event_sleeping:
  end: 1685286697.8600996
  start: 1685286461.43629
