event_sleeping:
  end: 1685284052.8352575
  start: 1685284019.0036263
