event_sleeping:
  end: 1685281712.8352108
  start: 1685281678.9581685
