event_sleeping:
  end: 1685276752.892684
  start: 1685276304.0145729
