event_sleeping:
  end: 1685280542.8352156
  start: 1685280508.9766133
