event_sleeping:
  end: 1685284832.8352766
  start: 1685284798.978043
