event_sleeping:
  end: 1685282602.812156
  start: 1685282263.9087975
