event_sleeping:
  end: 1685277532.813713
  start: 1685276999.0055277
