event_sleeping:
  end: 1685286410.3528862
  start: 1685286358.8976896
