event_sleeping:
  end: 1685281627.9001982
  start: 1685281374.0013561
