event_sleeping:
  end: 1685275777.9011931
  start: 1685275525.1593764
