event_sleeping:
  end: 1685284747.90151
  start: 1685284604.0182846
