event_sleeping:
  end: 1685283272.9015625
  start: 1685283128.9947147
