event_sleeping:
  end: 1685277710.4000154
  start: 1685277583.8934734
