event_sleeping:
  end: 1685283077.9002023
  start: 1685282848.9001052
