event_sleeping:
  end: 1685281322.9019415
  start: 1685281093.9434595
