event_sleeping:
  end: 1685285612.8320928
  start: 1685285188.9808426
