event_sleeping:
  end: 1685279677.9000084
  start: 1685279533.9591541
