event_sleeping:
  end: 1685276947.901404
  start: 1685276804.0043972
