event_sleeping:
  end: 1685279177.8308594
  start: 1685279033.9205296
