event_sleeping:
  end: 1685280262.9006968
  start: 1685279923.9843616
