event_sleeping:
  end: 1685282797.8371174
  start: 1685282653.8427749
