event_sleeping:
  end: 1685280457.9000893
  start: 1685280313.9464543
