event_sleeping:
  end: 1685279482.8720343
  start: 1685279228.9341922
