event_sleeping:
  end: 1685279567.8551881
  start: 1685279533.6636348
