event_sleeping:
  end: 1685284637.8529358
  start: 1685284586.128926
