event_sleeping:
  end: 1685283272.9011424
  start: 1685283043.6490479
