event_sleeping:
  end: 1685284535.32388
  start: 1685284298.7486522
