event_sleeping:
  end: 1685277617.8200622
  start: 1685277278.6985357
