event_sleeping:
  end: 1685276837.822519
  start: 1685276498.747046
