event_sleeping:
  end: 1685286112.8200693
  start: 1685285858.6360753
