event_sleeping:
  end: 1685278702.9015224
  start: 1685278558.7254655
