event_sleeping:
  end: 1685286485.3401313
  start: 1685286248.6498153
