event_sleeping:
  end: 1685279177.9012926
  start: 1685279033.665143
