event_sleeping:
  end: 1685279482.8439898
  start: 1685279228.703567
