event_sleeping:
  end: 1685279872.9013622
  start: 1685279618.6296034
