event_sleeping:
  end: 1685282602.8124566
  start: 1685282441.140816
