event_sleeping:
  end: 1685283967.9004152
  start: 1685283713.6727273
