event_sleeping:
  end: 1685282705.3531735
  start: 1685282653.6194553
