event_sleeping:
  end: 1685278507.9017682
  start: 1685278253.6755877
