event_sleeping:
  end: 1685282992.8603816
  start: 1685282756.134297
