event_sleeping:
  end: 1685276167.9013114
  start: 1685275913.719743
