event_sleeping:
  end: 1685280262.8216248
  start: 1685279923.7162235
