event_sleeping:
  end: 1685278982.835629
  start: 1685278948.6938615
