event_sleeping:
  end: 1685275862.9014943
  start: 1685275523.6413088
