event_sleeping:
  end: 1685286197.8356876
  start: 1685286163.618211
