event_sleeping:
  end: 1685280457.8998618
  start: 1685280313.5791464
