event_sleeping:
  end: 1685280737.9013395
  start: 1685280508.6819427
