event_sleeping:
  end: 1685281627.9020844
  start: 1685281466.1671958
