event_sleeping:
  end: 1685278202.8847415
  start: 1685278058.708288
