event_sleeping:
  end: 1685275472.8998857
  start: 1685275328.60328
