event_sleeping:
  end: 1685281042.876361
  start: 1685280788.7381701
