event_sleeping:
  end: 1685277227.852984
  start: 1685277176.1890914
