event_sleeping:
  end: 1685282390.3545644
  start: 1685282153.6964436
