event_sleeping:
  end: 1685278897.901401
  start: 1685278753.681733
