event_sleeping:
  end: 1685275277.8084795
  start: 1685275277.8083525
