event_sleeping:
  end: 1685284247.9001627
  start: 1685284018.7296476
