event_sleeping:
  end: 1685286782.901519
  start: 1685286638.6545424
