event_sleeping:
  end: 1685277125.3998618
  start: 1685276888.6070702
