event_sleeping:
  end: 1685278007.8998694
  start: 1685277668.642213
