event_sleeping:
  end: 1685276447.90146
  start: 1685276218.706886
