event_sleeping:
  end: 1685283662.8354595
  start: 1685283628.691968
