event_sleeping:
  end: 1685283577.8776894
  start: 1685283323.7036555
