event_sleeping:
  end: 1685281730.3520854
  start: 1685281678.7395725
