event_sleeping:
  end: 1685281415.3593988
  start: 1685281093.6868942
