event_sleeping:
  end: 1685285807.8319807
  start: 1685285773.6449256
