event_sleeping:
  end: 1685282102.8999944
  start: 1685281781.1533003
