event_sleeping:
  end: 1685285722.8406155
  start: 1685284688.6541321
