event_sleeping:
  end: 1685286587.8531375
  start: 1685286536.1608808
