event_sleeping:
  end: 1685276752.8601465
  start: 1685276303.6025093
