event_sleeping:
  end: 1685281042.9141781
  start: 1685280806.125273
