event_sleeping:
  end: 1685280652.9042308
  start: 1685280398.6890006
