event_sleeping:
  end: 1685282602.8998497
  start: 1685282458.69844
