event_sleeping:
  end: 1685276855.3519914
  start: 1685276803.6876936
