event_sleeping:
  end: 1685275582.8121374
  start: 1685275438.660814
