event_sleeping:
  end: 1685280755.3270178
  start: 1685280703.6700003
