event_sleeping:
  end: 1685278592.8319294
  start: 1685278558.7120821
