event_sleeping:
  end: 1685277515.3880265
  start: 1685277388.6147058
