event_sleeping:
  end: 1685281415.399876
  start: 1685281178.6528625
