event_sleeping:
  end: 1685282992.860092
  start: 1685282738.6766603
