event_sleeping:
  end: 1685277337.8521225
  start: 1685277176.188464
