event_sleeping:
  end: 1685278507.901499
  start: 1685278058.6323829
