event_sleeping:
  end: 1685283467.8318787
  start: 1685283433.6912177
