event_sleeping:
  end: 1685280347.899893
  start: 1685280203.6593277
