event_sleeping:
  end: 1685283382.9001217
  start: 1685283238.6891358
