event_sleeping:
  end: 1685284942.8120973
  start: 1685284493.658405
