event_sleeping:
  end: 1685279677.8521376
  start: 1685278643.6381872
