event_sleeping:
  end: 1685285807.836093
  start: 1685285383.6627257
