event_sleeping:
  end: 1685280152.86017
  start: 1685280008.693714
