event_sleeping:
  end: 1685286197.8722854
  start: 1685285858.623303
