event_sleeping:
  end: 1685284247.8999147
  start: 1685284018.6082687
