event_sleeping:
  end: 1685285137.9000669
  start: 1685284993.5906353
