event_sleeping:
  end: 1685275387.904004
  start: 1685275277.8143559
