event_sleeping:
  end: 1685276252.8412483
  start: 1685276201.1610973
