event_sleeping:
  end: 1685275667.8354485
  start: 1685275633.6148398
