event_sleeping:
  end: 1685279957.9015498
  start: 1685279813.6509504
