event_sleeping:
  end: 1685286392.8601751
  start: 1685286248.6769462
