event_sleeping:
  end: 1685286680.3999507
  start: 1685286443.6859026
