event_sleeping:
  end: 1685283187.836023
  start: 1685283043.6478152
