event_sleeping:
  end: 1685282687.8334324
  start: 1685282653.6808305
