event_sleeping:
  end: 1685284442.9027364
  start: 1685284298.7467062
