event_sleeping:
  end: 1685275972.8999503
  start: 1685275718.6235092
