event_sleeping:
  end: 1685279762.8358757
  start: 1685279728.66903
