event_sleeping:
  end: 1685281627.9005072
  start: 1685281466.1680903
