event_sleeping:
  end: 1685283662.900275
  start: 1685283518.628022
