event_sleeping:
  end: 1685282212.9079087
  start: 1685281678.7392395
