event_sleeping:
  end: 1685281127.8259816
  start: 1685281093.7109704
