event_sleeping:
  end: 1685277125.3680632
  start: 1685276906.105355
