event_sleeping:
  end: 1685277812.901445
  start: 1685277566.1923811
