event_sleeping:
  end: 1685282407.902215
  start: 1685282263.6744363
