event_sleeping:
  end: 1685276150.3752637
  start: 1685276023.6714396
