event_sleeping:
  end: 1685285332.9060163
  start: 1685285188.6730688
