event_sleeping:
  end: 1685278007.83609
  start: 1685277863.6922987
