event_sleeping:
  end: 1685283967.8233416
  start: 1685283713.6652994
