event_sleeping:
  end: 1685283467.9000463
  start: 1685283323.7046423
