event_sleeping:
  end: 1685276752.9050875
  start: 1685276591.1538694
