event_sleeping:
  end: 1685278312.9013894
  start: 1685277956.1629412
