event_sleeping:
  end: 1685281237.828068
  start: 1685280983.683402
