event_sleeping:
  end: 1685280262.9000504
  start: 1685280118.7104177
