event_sleeping:
  end: 1685285417.8200161
  start: 1685285383.684391
