event_sleeping:
  end: 1685277710.3486896
  start: 1685277473.5749087
