event_sleeping:
  end: 1685280652.876059
  start: 1685280313.7283297
