event_sleeping:
  end: 1685275972.8281438
  start: 1685275633.6794658
