event_sleeping:
  end: 1685281432.8504028
  start: 1685281288.6184359
