event_sleeping:
  end: 1685286587.89983
  start: 1685286358.73822
