event_sleeping:
  end: 1685275582.9001136
  start: 1685275438.6190133
