event_sleeping:
  end: 1685277905.3722441
  start: 1685277761.1728692
