event_sleeping:
  end: 1685278397.8356001
  start: 1685278363.7100086
