event_sleeping:
  end: 1685285722.8999832
  start: 1685285468.6351783
