event_sleeping:
  end: 1685277320.3125696
  start: 1685277083.7435338
