event_sleeping:
  end: 1685277422.8121464
  start: 1685277371.153862
