event_sleeping:
  end: 1685283077.8459237
  start: 1685282933.7017715
