event_sleeping:
  end: 1685283857.899861
  start: 1685283713.6603835
