event_sleeping:
  end: 1685276837.8520474
  start: 1685276803.69343
