event_sleeping:
  end: 1685278702.8121524
  start: 1685278448.6305535
