event_sleeping:
  end: 1685279287.8515496
  start: 1685279033.6621525
