event_sleeping:
  end: 1685284460.3108683
  start: 1685284213.70785
