event_sleeping:
  end: 1685277032.9025059
  start: 1685276888.606774
