event_sleeping:
  end: 1685276362.901197
  start: 1685276023.6206815
