event_sleeping:
  end: 1685282687.8120773
  start: 1685282636.1769218
