event_sleeping:
  end: 1685281730.4012306
  start: 1685281483.6401079
