event_sleeping:
  end: 1685280932.899855
  start: 1685280703.6890016
