event_sleeping:
  end: 1685284162.8793206
  start: 1685283908.6404397
