event_sleeping:
  end: 1685286002.9012716
  start: 1685285773.6834497
