event_sleeping:
  end: 1685284747.9012623
  start: 1685284511.1528976
