event_sleeping:
  end: 1685282212.8974364
  start: 1685281781.182086
