event_sleeping:
  end: 1685283662.8999002
  start: 1685283518.6781156
