event_sleeping:
  end: 1685282297.8360286
  start: 1685282263.6742902
