event_sleeping:
  end: 1685286307.8999784
  start: 1685286053.732131
