event_sleeping:
  end: 1685275387.8304203
  start: 1685275277.8101418
