event_sleeping:
  end: 1685284942.841529
  start: 1685284798.748249
