event_sleeping:
  end: 1685280067.9013581
  start: 1685279338.6684055
