event_sleeping:
  end: 1685285137.8114338
  start: 1685284993.6471899
