event_sleeping:
  end: 1685276540.3415961
  start: 1685276413.7221866
