event_sleeping:
  end: 1685283272.9018366
  start: 1685283128.626962
