event_sleeping:
  end: 1685282585.375356
  start: 1685282348.6226444
