event_sleeping:
  end: 1685278982.8961422
  start: 1685278753.6140015
