event_sleeping:
  end: 1685282882.9016309
  start: 1685282738.606946
