event_sleeping:
  end: 1685285332.8798459
  start: 1685285188.6690273
