event_sleeping:
  end: 1685278592.9000053
  start: 1685278253.618099
