event_sleeping:
  end: 1685277905.3720434
  start: 1685277668.6383746
