event_sleeping:
  end: 1685285807.8356295
  start: 1685285773.6441605
