event_sleeping:
  end: 1685279287.9008045
  start: 1685279033.6710224
