event_sleeping:
  end: 1685282882.9013069
  start: 1685282738.509669
