event_sleeping:
  end: 1685282407.8999465
  start: 1685282068.6786566
