event_sleeping:
  end: 1685284637.8999965
  start: 1685284493.5517054
