event_sleeping:
  end: 1685284052.835396
  start: 1685284018.603557
