event_sleeping:
  end: 1685283577.9108834
  start: 1685283433.5521107
