event_sleeping:
  end: 1685285137.900742
  start: 1685284883.493875
