event_sleeping:
  end: 1685277337.8999763
  start: 1685277193.5336993
