event_sleeping:
  end: 1685275472.8353238
  start: 1685275438.6242418
