event_sleeping:
  end: 1685276837.8998377
  start: 1685276303.605669
