event_sleeping:
  end: 1685279872.9016194
  start: 1685279618.554635
