event_sleeping:
  end: 1685280245.3599842
  start: 1685279923.6854327
