event_sleeping:
  end: 1685285722.9005785
  start: 1685285561.1868064
