event_sleeping:
  end: 1685277142.8074157
  start: 1685276888.612545
