event_sleeping:
  end: 1685281237.8564763
  start: 1685280983.615979
