event_sleeping:
  end: 1685280560.380167
  start: 1685280398.5282443
