event_sleeping:
  end: 1685286680.3087132
  start: 1685286443.5748613
