event_sleeping:
  end: 1685282687.8119032
  start: 1685282543.5603437
