event_sleeping:
  end: 1685284832.803947
  start: 1685284688.6481843
