event_sleeping:
  end: 1685279465.340138
  start: 1685279338.642903
