event_sleeping:
  end: 1685277617.8999736
  start: 1685277473.564079
