event_sleeping:
  end: 1685282017.900688
  start: 1685281288.6186469
