event_sleeping:
  end: 1685278982.8958642
  start: 1685278643.6377678
