event_sleeping:
  end: 1685280847.8520856
  start: 1685280611.0907326
