event_sleeping:
  end: 1685285510.401529
  start: 1685285366.1182008
