event_sleeping:
  end: 1685276057.8200448
  start: 1685275523.52945
