event_sleeping:
  end: 1685280932.8354268
  start: 1685280898.5858545
