event_sleeping:
  end: 1685279567.81996
  start: 1685279516.099676
