event_sleeping:
  end: 1685282492.8336692
  start: 1685282458.65283
