event_sleeping:
  end: 1685275387.9048128
  start: 1685275277.8147576
