event_sleeping:
  end: 1685277422.8120124
  start: 1685277388.6121104
