event_sleeping:
  end: 1685278202.9150505
  start: 1685277956.134195
