event_sleeping:
  end: 1685280347.8361301
  start: 1685280296.0890334
