event_sleeping:
  end: 1685276252.8999116
  start: 1685276108.540116
