event_sleeping:
  end: 1685284442.8055494
  start: 1685284408.5975227
