event_sleeping:
  end: 1685283967.8880663
  start: 1685283823.6296628
