event_sleeping:
  end: 1685283382.8120463
  start: 1685283128.6180503
