event_sleeping:
  end: 1685286392.8603668
  start: 1685285858.578503
