event_sleeping:
  end: 1685285315.4016745
  start: 1685285188.6726882
