event_sleeping:
  end: 1685283077.8999019
  start: 1685282933.6431262
