event_sleeping:
  end: 1685283772.8920665
  start: 1685283628.6387913
