event_sleeping:
  end: 1685284357.8429046
  start: 1685284103.561293
