event_sleeping:
  end: 1685275917.8201585
  start: 1685275578.9727445
