event_sleeping:
  end: 1685285472.8880072
  start: 1685285329.052668
