event_sleeping:
  end: 1685280597.8999918
  start: 1685280258.9822762
