event_sleeping:
  end: 1685285277.901388
  start: 1685285133.996139
