event_sleeping:
  end: 1685282157.8481278
  start: 1685281839.3563623
