event_sleeping:
  end: 1685277672.844078
  start: 1685277529.0275214
