event_sleeping:
  end: 1685277477.868038
  start: 1685277334.0221298
