event_sleeping:
  end: 1685282742.899969
  start: 1685282599.0614786
