event_sleeping:
  end: 1685276307.8868196
  start: 1685276164.0158103
