event_sleeping:
  end: 1685279037.9012938
  start: 1685278894.0743904
