event_sleeping:
  end: 1685279622.8447266
  start: 1685279479.0341213
