event_sleeping:
  end: 1685285862.8822873
  start: 1685285719.019275
