event_sleeping:
  end: 1685277867.8361232
  start: 1685277723.948842
