event_sleeping:
  end: 1685285082.8824992
  start: 1685284548.9673247
