event_sleeping:
  end: 1685281767.8681204
  start: 1685281428.9709837
