event_sleeping:
  end: 1685279817.8841636
  start: 1685279673.9667828
