event_sleeping:
  end: 1685286642.8081117
  start: 1685286499.052546
