event_sleeping:
  end: 1685282547.9000003
  start: 1685282403.9896636
