event_sleeping:
  end: 1685284107.9011164
  start: 1685283573.9770792
