event_sleeping:
  end: 1685276892.899883
  start: 1685276749.0447862
