event_sleeping:
  end: 1685280012.9000034
  start: 1685279869.0135543
