event_sleeping:
  end: 1685279427.8561401
  start: 1685279089.0643768
