event_sleeping:
  end: 1685276697.9016433
  start: 1685276554.048244
