event_sleeping:
  end: 1685275332.8599155
  start: 1685275277.8156872
