event_sleeping:
  end: 1685276502.899971
  start: 1685276359.0390787
