event_sleeping:
  end: 1685283522.8835466
  start: 1685283378.9949183
