event_sleeping:
  end: 1685280207.8921156
  start: 1685280064.0069191
