event_sleeping:
  end: 1685277282.8822966
  start: 1685277138.9677064
