event_sleeping:
  end: 1685282352.8999074
  start: 1685282208.9997087
