event_sleeping:
  end: 1685286447.8998964
  start: 1685286108.978656
