event_sleeping:
  end: 1685286057.8201103
  start: 1685285914.0394301
