event_sleeping:
  end: 1685278452.8998868
  start: 1685278308.9950821
