event_sleeping:
  end: 1685283327.8362021
  start: 1685283184.0097103
