event_sleeping:
  end: 1685278842.9000585
  start: 1685278699.0812383
