event_sleeping:
  end: 1685283132.899917
  start: 1685282989.0273263
