event_sleeping:
  end: 1685275527.8040996
  start: 1685275383.7069035
