event_sleeping:
  end: 1685278257.8227968
  start: 1685277918.9574347
