event_sleeping:
  end: 1685277087.8373315
  start: 1685276944.0606692
