event_sleeping:
  end: 1685278647.901648
  start: 1685278504.0176492
