event_sleeping:
  end: 1685282937.8645082
  start: 1685282794.090569
