event_sleeping:
  end: 1685284497.8360727
  start: 1685284159.044022
