event_sleeping:
  end: 1685281377.8105037
  start: 1685280843.9542058
