event_sleeping:
  end: 1685280792.8601782
  start: 1685280649.020873
