event_sleeping:
  end: 1685285667.898756
  start: 1685285524.034518
