event_sleeping:
  end: 1685276112.899982
  start: 1685275968.9827812
