event_sleeping:
  end: 1685052849.1827881
  start: 1685052705.3575149
