event_sleeping:
  end: 1685053314.2201521
  start: 1685052900.2603672
