event_sleeping:
  end: 1685052654.2470338
  start: 1685052510.1901495
