event_sleeping:
  end: 1685052356.7470748
  start: 1685052126.1399717
