event_sleeping:
  end: 1685053509.246738
  start: 1685053365.2821326
