event_sleeping:
  end: 1685052069.253984
  start: 1685051874.160356
