event_sleeping:
  end: 1685054094.2432847
  start: 1685053560.342396
