event_sleeping:
  end: 1685052459.1520953
  start: 1685052407.8467565
