event_sleeping:
  end: 1685052746.7358794
  start: 1685052509.981127
