event_sleeping:
  end: 1685052459.1523428
  start: 1685052120.0342371
