event_sleeping:
  end: 1685053704.2024877
  start: 1685053484.9860106
