event_sleeping:
  end: 1685052069.21273
  start: 1685051934.1985683
