event_sleeping:
  end: 1685053434.1841564
  start: 1685053094.9381208
