event_sleeping:
  end: 1685053044.1492124
  start: 1685052797.553783
