event_sleeping:
  end: 1685051874.1547139
  start: 1685051874.1538472
