event_sleeping:
  end: 1685053704.2449346
  start: 1685053485.038188
