event_sleeping:
  end: 1685052246.6841538
  start: 1685052194.9873924
