event_sleeping:
  end: 1685052849.2239573
  start: 1685052780.0385256
