event_sleeping:
  end: 1685052534.2470994
  start: 1685052297.4921103
