event_sleeping:
  end: 1685052144.1634836
  start: 1685051999.9274101
