event_sleeping:
  end: 1685053314.2534316
  start: 1685052900.0380826
