event_sleeping:
  end: 1685051949.1567974
  start: 1685051874.1559417
