event_sleeping:
  end: 1685053434.2131622
  start: 1685053365.0300276
