event_sleeping:
  end: 1685052729.246809
  start: 1685052585.0528429
