event_sleeping:
  end: 1685052161.691968
  start: 1685052000.0005531
