event_sleeping:
  end: 1685053314.2208421
  start: 1685053170.0448606
