event_sleeping:
  end: 1685052924.2465103
  start: 1685052585.0554388
