event_sleeping:
  end: 1685053434.172061
  start: 1685053365.0194137
