event_sleeping:
  end: 1685053119.2473013
  start: 1685052975.076327
