event_sleeping:
  end: 1685052534.246798
  start: 1685052212.5269206
