event_sleeping:
  end: 1685051949.2273867
  start: 1685051874.1600108
