event_sleeping:
  end: 1685053629.1528254
  start: 1685053484.9816895
