event_sleeping:
  end: 1685052849.1825206
  start: 1685052704.9780667
