event_sleeping:
  end: 1685053416.662966
  start: 1685052899.8604095
