event_sleeping:
  end: 1685052654.246746
  start: 1685052119.9372575
