event_sleeping:
  end: 1685051949.220066
  start: 1685051874.1565342
