event_sleeping:
  end: 1685053704.2441475
  start: 1685053467.4013934
