event_sleeping:
  end: 1685052069.2159114
  start: 1685051999.9557328
