event_sleeping:
  end: 1685052691.7311869
  start: 1685052547.8431008
