event_sleeping:
  end: 1685052106.7001977
  start: 1685051962.5651476
