event_sleeping:
  end: 1685053471.7358162
  start: 1685053327.8166046
