event_sleeping:
  end: 1685052496.6741776
  start: 1685052157.873794
