event_sleeping:
  end: 1685053276.652403
  start: 1685053132.9106424
