event_sleeping:
  end: 1685052886.7092254
  start: 1685052742.920623
