event_sleeping:
  end: 1685053081.735989
  start: 1685052937.8830612
