event_sleeping:
  end: 1685051911.6857178
  start: 1685051874.1507738
