event_sleeping:
  end: 1683992598.8636217
  start: 1683991996.3580818
