event_sleeping:
  end: 1683992208.9435368
  start: 1683991996.3557508
