event_sleeping:
  end: 1683992106.4274726
  start: 1683991996.3541856
