event_sleeping:
  end: 1683992088.9272227
  start: 1683991996.3510497
