event_sleeping:
  end: 1683991996.354415
  start: 1683991996.3535285
