event_sleeping:
  end: 1683992246.4434028
  start: 1683992119.8684838
