event_sleeping:
  end: 1683992636.4434025
  start: 1683992299.1445696
