event_sleeping:
  end: 1683992051.4004238
  start: 1683991996.3498812
