event_sleeping:
  end: 1683061673.7123928
  start: 1683061420.3617094
