event_sleeping_wait_all:
  end: 1683065463.7035263
  start: 1683065040.4388313
