event_sleeping_wait_all:
  end: 1683064208.706639
  start: 1683064065.2828724
