event_sleeping:
  end: 1683063411.159487
  start: 1683062980.2950103
