event_sleeping:
  end: 1683061173.6175447
  start: 1683061173.6175182
