event_sleeping_wait_all:
  end: 1683064013.6156027
  start: 1683063565.3118398
