event_sleeping_wait_all:
  end: 1683066243.7033968
  start: 1683065905.40683
