event_sleeping_wait_all:
  end: 1683066651.1596804
  start: 1683066295.2539198
