event_sleeping:
  end: 1683062148.6938758
  start: 1683061810.2407312
