event_sleeping:
  end: 1683062928.7033458
  start: 1683062700.3556385
