event_sleeping_wait_all:
  end: 1683063513.655602
  start: 1683063462.787025
