event_sleeping_wait_all:
  end: 1683065658.7033694
  start: 1683065515.3661127
