event_sleeping:
  end: 1683062063.7070725
  start: 1683061725.3111877
