event_sleeping:
  end: 1683061283.7097938
  start: 1683061173.615805
