event_sleeping_wait_all:
  end: 1683062733.6571894
  start: 1683062682.8087118
