event_sleeping_wait_all:
  end: 1683066353.6377702
  start: 1683066100.3405898
