event_sleeping_wait_all:
  end: 1683065853.703998
  start: 1683065710.3356965
