event_sleeping_wait_all:
  end: 1683064793.7039673
  start: 1683064167.859093
