event_sleeping_wait_all:
  end: 1683063818.7069304
  start: 1683063582.7864838
