event_sleeping:
  end: 1683062241.203546
  start: 1683062115.3462393
