event_sleeping_wait_all:
  end: 1683063531.1557267
  start: 1683063480.4369166
