event_sleeping_wait_all:
  end: 1683066353.637368
  start: 1683066118.217428
