event_sleeping_wait_all:
  end: 1683063038.7035744
  start: 1683062895.6923463
