event_sleeping_wait_all:
  end: 1683063216.2034352
  start: 1683063090.6597857
