event_sleeping_wait_all:
  end: 1683066066.2036316
  start: 1683065820.6627126
