event_sleeping_wait_all:
  end: 1683067133.662088
  start: 1683066880.5794735
