event_sleeping_wait_all:
  end: 1683064683.7034805
  start: 1683064363.0882297
