event_sleeping:
  end: 1683061283.7094085
  start: 1683061173.6165104
