event_sleeping_wait_all:
  end: 1683062166.1597214
  start: 1683061810.527155
