event_sleeping_wait_all:
  end: 1683064311.159729
  start: 1683064150.6998255
