event_sleeping_wait_all:
  end: 1683065573.7072217
  start: 1683064930.6137009
