event_sleeping_wait_all:
  end: 1683063996.206809
  start: 1683063675.6585722
