event_sleeping_wait_all:
  end: 1683062343.7065263
  start: 1683062218.1421523
