event_sleeping_wait_all:
  end: 1683064988.703902
  start: 1683064845.4042108
