event_sleeping:
  end: 1683061478.7066689
  start: 1683061335.3613863
