event_sleeping_wait_all:
  end: 1683066158.7035644
  start: 1683066015.3551838
