event_sleeping_wait_all:
  end: 1683067218.639585
  start: 1683067185.3323996
