event_sleeping_wait_all:
  end: 1683066336.1516037
  start: 1683066210.3722355
