event_sleeping_wait_all:
  end: 1683064403.7066185
  start: 1683064150.255079
