event_sleeping_wait_all:
  end: 1683063801.1677175
  start: 1683063387.8151045
