event_sleeping:
  end: 1683061283.707547
  start: 1683061173.6172442
