event_sleeping_wait_all:
  end: 1683064793.7035275
  start: 1683064455.2975368
