event_sleeping_wait_all:
  end: 1683062928.6400523
  start: 1683062895.4466765
