event_sleeping_wait_all:
  end: 1683061953.6394017
  start: 1683061920.3310857
