event_sleeping_wait_all:
  end: 1683064683.7038496
  start: 1683064437.8475614
