event_sleeping_wait_all:
  end: 1683061868.703463
  start: 1683061437.9330494
