event_sleeping_wait_all:
  end: 1683066141.191619
  start: 1683065922.8126833
