event_sleeping_wait_all:
  end: 1683066548.7034402
  start: 1683066312.7637255
