event_sleeping_wait_all:
  end: 1683062343.7069967
  start: 1683062005.2607918
