event_sleeping:
  end: 1683061173.6179051
  start: 1683061173.6178446
