event_sleeping_wait_all:
  end: 1683063818.7064679
  start: 1683063565.3183506
