event_sleeping_wait_all:
  end: 1683064386.2034109
  start: 1683064242.9121666
