event_sleeping_wait_all:
  end: 1683063318.703395
  start: 1683063192.83499
