event_sleeping_wait_all:
  end: 1683066726.1156516
  start: 1683066600.3623405
