event_sleeping_wait_all:
  end: 1683064988.7042894
  start: 1683064735.3946536
