event_sleeping_wait_all:
  end: 1683062928.623476
  start: 1683062895.4464011
