event_sleeping:
  end: 1683062203.703562
  start: 1683061670.2419915
