event_sleeping_wait_all:
  end: 1683067273.7035105
  start: 1683067130.2987802
