event_sleeping:
  end: 1683065908.623556
  start: 1683065375.338434
