event_sleeping:
  end: 1683064153.64757
  start: 1683064010.3179555
