event_sleeping:
  end: 1683066688.7069786
  start: 1683066350.2920995
