event_sleeping:
  end: 1683066298.6716344
  start: 1683066155.3076851
