event_sleeping:
  end: 1683061618.6076567
  start: 1683061475.2011335
