event_sleeping_wait_all:
  end: 1683067078.6909776
  start: 1683066935.310237
