event_sleeping_wait_all:
  end: 1683067468.7064548
  start: 1683067325.252081
