event_sleeping:
  end: 1683063958.7065551
  start: 1683063815.1970713
