event_sleeping_wait_all:
  end: 1683066883.7035437
  start: 1683066740.301403
