event_sleeping:
  end: 1685741117.690984
  start: 1685740515.145675
