event_sleeping:
  end: 1685740727.733585
  start: 1685740515.1434433
