event_sleeping:
  end: 1685740625.1881247
  start: 1685740515.1419082
