event_sleeping:
  end: 1685740607.7278793
  start: 1685740515.141245
