event_sleeping:
  end: 1685741295.2301145
  start: 1685740566.7375193
