event_sleeping:
  end: 1685740515.1421373
  start: 1685740515.1421125
