event_sleeping:
  end: 1685741350.231973
  start: 1685741207.2043183
