event_sleeping:
  end: 1685740765.1480708
  start: 1685740621.8830163
