event_sleeping:
  end: 1685741155.1960917
  start: 1685740817.1358495
