event_sleeping:
  end: 1685740570.1880555
  start: 1685740515.1392307
