event_sleeping:
  end: 1685741582.5559993
  start: 1685741404.9727519
