event_sleeping:
  end: 1685741404.9672432
  start: 1685741404.96717
