event_sleeping:
  end: 1685741497.5359876
  start: 1685741404.9684691
