event_sleeping:
  end: 1685741479.9927049
  start: 1685741404.9643447
