event_sleeping:
  end: 1685741497.5432324
  start: 1685741404.9667237
