event_sleeping:
  end: 1685741442.4713166
  start: 1685741404.9692833
