event_sleeping:
  end: 1685741637.5549214
  start: 1685741498.7656684
