event_sleeping_wait_all:
  end: 1685582271.3159637
  start: 1685582238.2400355
