event_sleeping:
  end: 1685577506.402327
  start: 1685577253.2712355
