event_sleeping_wait_all:
  end: 1685583051.4022522
  start: 1685582823.3067427
