event_sleeping_wait_all:
  end: 1685582186.3402946
  start: 1685582043.3329942
