event_sleeping_wait_all:
  end: 1685579846.3840694
  start: 1685579610.8605769
