event_sleeping_wait_all:
  end: 1685581211.30806
  start: 1685580958.3397188
