event_sleeping_wait_all:
  end: 1685586561.338196
  start: 1685586528.3320706
