event_sleeping_wait_all:
  end: 1685578676.402333
  start: 1685578533.322494
