event_sleeping_wait_all:
  end: 1685586281.396041
  start: 1685586138.273076
