event_sleeping_wait_all:
  end: 1685580533.8080912
  start: 1685579898.331928
