event_sleeping_wait_all:
  end: 1685583441.3352497
  start: 1685583408.3746774
