event_sleeping:
  end: 1685577201.3483171
  start: 1685577006.3134296
