event_sleeping_wait_all:
  end: 1685579261.4007788
  start: 1685578728.39029
