event_sleeping_wait_all:
  end: 1685581601.340464
  start: 1685581458.317555
