event_sleeping_wait_all:
  end: 1685578481.3998623
  start: 1685578033.3589485
