event_sleeping_wait_all:
  end: 1685585001.4024432
  start: 1685584858.300041
