event_sleeping_wait_all:
  end: 1685582466.4005766
  start: 1685582323.2961068
