event_sleeping_wait_all:
  end: 1685587823.8852623
  start: 1685587698.3770716
