event_sleeping:
  end: 1685577608.8528652
  start: 1685577558.3443499
