event_sleeping_wait_all:
  end: 1685587646.3961287
  start: 1685587393.3264143
