event_sleeping_wait_all:
  end: 1685582771.3857644
  start: 1685582518.3968213
