event_sleeping_wait_all:
  end: 1685581991.3960867
  start: 1685581653.3144786
