event_sleeping_wait_all:
  end: 1685581406.3985202
  start: 1685581263.2116902
