event_sleeping_wait_all:
  end: 1685585306.3735814
  start: 1685585053.3516052
