event_sleeping_wait_all:
  end: 1685587341.332032
  start: 1685586918.281974
