event_sleeping_wait_all:
  end: 1685586476.3841212
  start: 1685586333.3149009
