event_sleeping_wait_all:
  end: 1685585781.3352764
  start: 1685585748.3842833
