event_sleeping_wait_all:
  end: 1685579558.8700724
  start: 1685579490.8359818
