event_sleeping_wait_all:
  end: 1685584526.3440773
  start: 1685584383.3342123
