event_sleeping_wait_all:
  end: 1685583356.402538
  start: 1685583103.360704
