event_sleeping_wait_all:
  end: 1685580906.4020417
  start: 1685580763.3636103
