event_sleeping_wait_all:
  end: 1685585696.4025462
  start: 1685585358.3178694
