event_sleeping_wait_all:
  end: 1685577981.353321
  start: 1685577855.7646613
