event_sleeping_wait_all:
  end: 1685584806.3560376
  start: 1685584578.3021703
