event_sleeping_wait_all:
  end: 1685580711.403312
  start: 1685580585.7737448
