event_sleeping_wait_all:
  end: 1685584331.388132
  start: 1685583993.3941069
