event_sleeping_wait_all:
  end: 1685586866.4000664
  start: 1685586613.2898889
