event_sleeping_wait_all:
  end: 1685583941.4024231
  start: 1685583493.299512
