event_sleeping_wait_all:
  end: 1685579438.8641515
  start: 1685579313.3419712
