event_sleeping_wait_all:
  end: 1685586086.311303
  start: 1685585833.2821505
