event_sleeping:
  end: 1685577803.8241808
  start: 1685577666.7226994
