event_sleeping_wait_all:
  end: 1685581211.4022102
  start: 1685580958.1077204
