event_sleeping_wait_all:
  end: 1685582466.3904686
  start: 1685582237.970665
