event_sleeping:
  end: 1685577006.308544
  start: 1685577006.3084989
