event_sleeping_wait_all:
  end: 1685581296.339878
  start: 1685581263.0174594
