event_sleeping_wait_all:
  end: 1685582186.3080444
  start: 1685582043.0656357
