event_sleeping_wait_all:
  end: 1685583143.852469
  start: 1685582823.0580573
