event_sleeping_wait_all:
  end: 1685578956.351883
  start: 1685578905.5409327
