event_sleeping_wait_all:
  end: 1685580711.335405
  start: 1685580678.0021114
