event_sleeping_wait_all:
  end: 1685579736.3400657
  start: 1685579398.0179865
