event_sleeping_wait_all:
  end: 1685580236.4009914
  start: 1685579982.9645197
