event_sleeping:
  end: 1685577896.4026496
  start: 1685577643.0497406
