event_sleeping_wait_all:
  end: 1685579346.3965824
  start: 1685579008.0435357
