event_sleeping_wait_all:
  end: 1685580906.3998764
  start: 1685580762.949717
