event_sleeping_wait_all:
  end: 1685581991.404852
  start: 1685581653.0089643
