event_sleeping:
  end: 1685577201.402324
  start: 1685577058.0228493
