event_sleeping_wait_all:
  end: 1685579931.324009
  start: 1685579788.0267608
