event_sleeping:
  end: 1685578566.4000318
  start: 1685578228.0422711
