event_sleeping:
  end: 1685578853.899916
  start: 1685578618.0318127
