event_sleeping_wait_all:
  end: 1685580431.3998466
  start: 1685580288.05326
