event_sleeping_wait_all:
  end: 1685582771.4020588
  start: 1685582518.03674
