event_sleeping:
  end: 1685578176.359816
  start: 1685577948.0805063
