event_sleeping:
  end: 1685577591.4022396
  start: 1685577253.043777
