event_sleeping_wait_all:
  end: 1685581601.3408895
  start: 1685581347.9563854
