event_sleeping_wait_all:
  end: 1685580626.3319829
  start: 1685580483.0309463
