event_sleeping_wait_all:
  end: 1685582771.3861818
  start: 1685582535.5841343
