event_sleeping_wait_all:
  end: 1685580321.3357227
  start: 1685580288.0341227
