event_sleeping:
  end: 1685577701.3999245
  start: 1685577448.0097945
