event_sleeping_wait_all:
  end: 1685581406.3981264
  start: 1685580372.9895394
