event_sleeping_wait_all:
  end: 1685578853.8520803
  start: 1685578635.5535276
