event_sleeping_wait_all:
  end: 1685579243.899987
  start: 1685579117.9595125
