event_sleeping_wait_all:
  end: 1685582381.4025629
  start: 1685582128.0518172
