event_sleeping_wait_all:
  end: 1685579541.3081398
  start: 1685579295.5972905
