event_sleeping:
  end: 1685577311.4022312
  start: 1685577168.0484333
