event_sleeping_wait_all:
  end: 1685582483.8532317
  start: 1685582433.0720098
