event_sleeping_wait_all:
  end: 1685578481.4033804
  start: 1685578033.0485702
