event_sleeping_wait_all:
  end: 1685581491.335262
  start: 1685581458.0691676
