event_sleeping_wait_all:
  end: 1685583143.9000392
  start: 1685582908.018913
