event_sleeping_wait_all:
  end: 1685582856.3354971
  start: 1685582823.0195484
