event_sleeping:
  end: 1685577878.8511336
  start: 1685577753.0504773
