event_sleeping_wait_all:
  end: 1685581686.3960583
  start: 1685581543.0212986
