event_sleeping_wait_all:
  end: 1685577981.353759
  start: 1685577930.540676
