event_sleeping_wait_all:
  end: 1685580236.3640454
  start: 1685579788.0631244
