event_sleeping_wait_all:
  end: 1685579066.3321688
  start: 1685578905.492894
