event_sleeping_wait_all:
  end: 1685581881.4025245
  start: 1685581738.0775118
