event_sleeping_wait_all:
  end: 1685578583.8530998
  start: 1685578533.087524
