event_sleeping_wait_all:
  end: 1685579736.3999085
  start: 1685579592.9855177
