event_sleeping:
  end: 1685577116.4038374
  start: 1685577006.3131087
