event_sleeping_wait_all:
  end: 1685582076.4000025
  start: 1685581933.0515804
