event_sleeping:
  end: 1685577396.3357575
  start: 1685577363.0563872
