event_sleeping:
  end: 1685577116.3998363
  start: 1685577006.309997
