event_sleeping_wait_all:
  end: 1685583161.3800848
  start: 1685583017.9696343
