event_sleeping_wait_all:
  end: 1685579151.3683274
  start: 1685579100.4945245
