event_sleeping_wait_all:
  end: 1685582966.3639402
  start: 1685582713.035292
