event_sleeping_wait_all:
  end: 1685579633.8521118
  start: 1685579490.586706
