event_sleeping_wait_all:
  end: 1685578481.400028
  start: 1685578320.5279577
