event_sleeping_wait_all:
  end: 1685581991.4050834
  start: 1685581848.0790715
