event_sleeping_wait_all:
  end: 1685580041.3439474
  start: 1685579685.533295
