event_sleeping:
  end: 1685578268.836158
  start: 1685578143.1072226
