event_sleeping_wait_all:
  end: 1685578566.3167624
  start: 1685578533.0914664
