event_sleeping_wait_all:
  end: 1685582661.3999026
  start: 1685582433.0616136
