event_sleeping_wait_all:
  end: 1685583458.9024174
  start: 1685583213.0683067
