event_sleeping_wait_all:
  end: 1685578761.324111
  start: 1685578617.935929
