event_sleeping:
  end: 1685578091.4021003
  start: 1685577752.9661899
