event_sleeping_wait_all:
  end: 1685580126.3356767
  start: 1685580093.0224278
