event_sleeping_wait_all:
  end: 1685581016.4024522
  start: 1685580762.990049
