event_sleeping_wait_all:
  end: 1685582381.4021924
  start: 1685582043.1087852
