event_sleeping_wait_all:
  end: 1685579048.844019
  start: 1685578813.0188742
