event_sleeping_wait_all:
  end: 1685579438.903077
  start: 1685579203.0042598
