event_sleeping:
  end: 1685577701.3239849
  start: 1685577363.0567687
