event_sleeping_wait_all:
  end: 1685580431.3320477
  start: 1685580178.0543811
