event_sleeping_wait_all:
  end: 1685580711.3627505
  start: 1685580482.9949176
