event_sleeping:
  end: 1685577311.402433
  start: 1685577168.035452
