event_sleeping_wait_all:
  end: 1685581796.4020033
  start: 1685581068.0989285
