event_sleeping_wait_all:
  end: 1685579931.400036
  start: 1685579685.4958527
