event_sleeping:
  end: 1685579066.332466
  start: 1685578922.9967206
