event_sleeping:
  end: 1685579151.3356214
  start: 1685579117.9475605
