event_sleeping_wait_all:
  end: 1685585696.4022253
  start: 1685585552.9301186
