event_sleeping_wait_all:
  end: 1685581601.3400784
  start: 1685581347.903411
