event_sleeping:
  end: 1685578566.4005826
  start: 1685578033.0482433
