event_sleeping_wait_all:
  end: 1685582076.3533254
  start: 1685582025.554893
