event_sleeping_wait_all:
  end: 1685582576.3559735
  start: 1685582340.5012124
