event_sleeping_wait_all:
  end: 1685585781.3354595
  start: 1685585748.058186
