event_sleeping_wait_all:
  end: 1685581193.8560226
  start: 1685581068.005598
