event_sleeping:
  end: 1685579633.8858824
  start: 1685579397.9962535
