event_sleeping_wait_all:
  end: 1685581016.4009628
  start: 1685580762.925407
