event_sleeping_wait_all:
  end: 1685581973.9033175
  start: 1685581652.9707787
