event_sleeping_wait_all:
  end: 1685580321.4000218
  start: 1685579982.9652576
