event_sleeping:
  end: 1685578871.3894475
  start: 1685578617.9857564
