event_sleeping_wait_all:
  end: 1685584136.4022229
  start: 1685583798.0485826
