event_sleeping_wait_all:
  end: 1685585306.4057233
  start: 1685585163.002407
