event_sleeping_wait_all:
  end: 1685582288.8922212
  start: 1685582127.9663305
