event_sleeping_wait_all:
  end: 1685585501.3040042
  start: 1685585358.0252812
