event_sleeping_wait_all:
  end: 1685587043.9000115
  start: 1685586918.0347571
