event_sleeping:
  end: 1685577116.4039402
  start: 1685577006.3137116
