event_sleeping_wait_all:
  end: 1685584416.360121
  start: 1685584272.924431
