event_sleeping_wait_all:
  end: 1685584221.3352215
  start: 1685584188.0313468
