event_sleeping:
  end: 1685577786.3641589
  start: 1685577252.9226167
