event_sleeping_wait_all:
  end: 1685582661.3319573
  start: 1685582627.943799
