event_sleeping_wait_all:
  end: 1685580711.3619473
  start: 1685580372.9707515
