event_sleeping:
  end: 1685577981.3540711
  start: 1685577838.002172
