event_sleeping_wait_all:
  end: 1685584806.3999548
  start: 1685584662.969436
