event_sleeping:
  end: 1685577201.335992
  start: 1685577168.017385
