event_sleeping_wait_all:
  end: 1685586866.4003692
  start: 1685586612.9237125
