event_sleeping_wait_all:
  end: 1685586171.33564
  start: 1685586138.023624
