event_sleeping_wait_all:
  end: 1685586086.4001632
  start: 1685585832.9701924
