event_sleeping_wait_all:
  end: 1685585111.400056
  start: 1685584857.9797027
