event_sleeping_wait_all:
  end: 1685581296.3159106
  start: 1685581245.4771717
