event_sleeping_wait_all:
  end: 1685582966.4002686
  start: 1685582712.884319
