event_sleeping_wait_all:
  end: 1685586561.3279774
  start: 1685586418.0294554
