event_sleeping:
  end: 1685579346.396253
  start: 1685579202.9270167
