event_sleeping_wait_all:
  end: 1685583746.4019272
  start: 1685583017.9610364
