event_sleeping_wait_all:
  end: 1685584611.3474464
  start: 1685584467.9591928
