event_sleeping_wait_all:
  end: 1685586366.4025335
  start: 1685586222.956294
