event_sleeping:
  end: 1685581741.3998694
  start: 1685581598.3674405
