event_sleeping_wait_all:
  end: 1685584276.402231
  start: 1685584133.3524358
