event_sleeping_wait_all:
  end: 1685585251.3999984
  start: 1685585108.447002
