event_sleeping:
  end: 1685578231.3868413
  start: 1685578088.4023542
