event_sleeping_wait_all:
  end: 1685585836.38005
  start: 1685585303.4100182
