event_sleeping:
  end: 1685578036.3480852
  start: 1685577893.3954566
