event_sleeping:
  end: 1685577841.3079739
  start: 1685577698.261873
