event_sleeping:
  end: 1685579986.4020875
  start: 1685579648.3558264
