event_sleeping:
  end: 1685577646.3080964
  start: 1685577308.3303013
