event_sleeping_wait_all:
  end: 1685587201.40251
  start: 1685587058.4015524
