event_sleeping:
  end: 1685579011.388081
  start: 1685578868.4005535
