event_sleeping_wait_all:
  end: 1685583886.4024446
  start: 1685583548.4241092
