event_sleeping_wait_all:
  end: 1685585056.4022434
  start: 1685584913.4234152
