event_sleeping_wait_all:
  end: 1685587006.4025862
  start: 1685586863.3569763
