event_sleeping_wait_all:
  end: 1685584081.3459046
  start: 1685583938.4409168
