event_sleeping:
  end: 1685579206.3641257
  start: 1685579063.384783
