event_sleeping:
  end: 1685581351.3895442
  start: 1685581208.333508
