event_sleeping:
  end: 1685580376.3949995
  start: 1685580233.4660516
