event_sleeping:
  end: 1685581156.3583908
  start: 1685580818.4013448
