event_sleeping:
  end: 1685578426.4025712
  start: 1685578283.465937
