event_sleeping:
  end: 1685580181.4022634
  start: 1685580038.3813808
