event_sleeping:
  end: 1685577256.3200874
  start: 1685577113.359537
