event_sleeping_wait_all:
  end: 1685587786.3628166
  start: 1685587643.3783813
