event_sleeping:
  end: 1685582326.369493
  start: 1685581988.4787989
