event_sleeping:
  end: 1685581936.4025314
  start: 1685581793.3666198
