event_sleeping:
  end: 1685580571.324178
  start: 1685580428.3644257
