event_sleeping:
  end: 1685580766.3040984
  start: 1685580623.326459
