event_sleeping_wait_all:
  end: 1685584861.3799436
  start: 1685584718.4723158
