event_sleeping:
  end: 1685581546.3760774
  start: 1685581403.4428415
