event_sleeping:
  end: 1685578621.336069
  start: 1685578478.3734243
