event_sleeping:
  end: 1685583106.324091
  start: 1685582573.4511318
