event_sleeping:
  end: 1685578816.4022083
  start: 1685578673.3754542
