event_sleeping_wait_all:
  end: 1685586811.3132775
  start: 1685586278.4154649
