event_sleeping_wait_all:
  end: 1685584471.4025352
  start: 1685584328.452548
