event_sleeping_wait_all:
  end: 1685587396.4026144
  start: 1685587253.4604862
