event_sleeping_wait_all:
  end: 1685583496.4024477
  start: 1685583158.30398
