event_sleeping:
  end: 1685579401.30409
  start: 1685579258.4363165
