event_sleeping_wait_all:
  end: 1685586226.4024215
  start: 1685585888.374897
