event_sleeping_wait_all:
  end: 1685584666.3873396
  start: 1685584523.4141977
