event_sleeping:
  end: 1685582521.397943
  start: 1685582378.366779
