event_sleeping:
  end: 1685579596.3561425
  start: 1685579453.4376748
