event_sleeping:
  end: 1685577061.3573883
  start: 1685577006.3060365
