event_sleeping_wait_all:
  end: 1685587591.3060534
  start: 1685587448.4664946
