event_sleeping_wait_all:
  end: 1685726373.709274
  start: 1685726230.6848748
