event_sleeping_wait_all:
  end: 1685726838.732761
  start: 1685726425.729456
