event_sleeping_wait_all:
  end: 1685727033.7520115
  start: 1685726890.6963384
