event_sleeping_wait_all:
  end: 1685727246.2692184
  start: 1685727085.685722
