event_sleeping_wait_all:
  end: 1685725983.7110713
  start: 1685725823.2261074
