event_sleeping_wait_all:
  end: 1685727331.1774766
  start: 1685727298.2379198
