event_sleeping_wait_all:
  end: 1685726178.7363524
  start: 1685726035.7392502
