event_sleeping:
  end: 1685725771.304124
  start: 1685725381.2565835
