event_sleeping_wait_all:
  end: 1685727618.76081
  start: 1685727383.123993
