event_sleeping_wait_all:
  end: 1685727228.7770228
  start: 1685727102.850736
