event_sleeping_wait_all:
  end: 1685725593.7673125
  start: 1685725432.8053012
