event_sleeping_wait_all:
  end: 1685725881.2019818
  start: 1685725645.4612126
