event_sleeping:
  end: 1685725381.1765513
  start: 1685725381.1765044
