event_sleeping_wait_all:
  end: 1685726356.2680664
  start: 1685726035.4369097
