event_sleeping_wait_all:
  end: 1685726746.2039127
  start: 1685726712.913567
