event_sleeping_wait_all:
  end: 1685727051.1880503
  start: 1685726797.8682826
