event_sleeping_wait_all:
  end: 1685725983.7208226
  start: 1685725932.8578157
