event_sleeping_wait_all:
  end: 1685726661.2770708
  start: 1685726407.8959243
