event_sleeping_wait_all:
  end: 1685726253.7235522
  start: 1685726110.4188054
