event_sleeping_wait_all:
  end: 1685727228.7322319
  start: 1685727010.4395847
