event_sleeping_wait_all:
  end: 1685726746.2679439
  start: 1685726425.374471
