event_sleeping:
  end: 1685725381.1856678
  start: 1685725381.185384
