event_sleeping_wait_all:
  end: 1685726958.7682667
  start: 1685726797.8956275
