event_sleeping_wait_all:
  end: 1685726058.7680078
  start: 1685725432.8720179
