event_sleeping_wait_all:
  end: 1685726373.7087686
  start: 1685726305.4015412
