event_sleeping_wait_all:
  end: 1685727423.7666109
  start: 1685727010.3326726
