event_sleeping_wait_all:
  end: 1685726643.7680633
  start: 1685726407.8506184
