event_sleeping_wait_all:
  end: 1685726838.7321217
  start: 1685726695.3945134
