event_sleeping_wait_all:
  end: 1685726958.7360017
  start: 1685726890.3792334
