event_sleeping_wait_all:
  end: 1685725771.2680736
  start: 1685725525.3915753
