event_sleeping_wait_all:
  end: 1685725966.249371
  start: 1685725822.9277706
