event_sleeping:
  end: 1685725473.7232902
  start: 1685725381.1851282
