event_sleeping_wait_all:
  end: 1685726161.2675173
  start: 1685726017.9210224
