event_sleeping_wait_all:
  end: 1685726356.2121027
  start: 1685726212.9252872
