event_sleeping_wait_all:
  end: 1685726373.7081892
  start: 1685726322.869191
