event_sleeping_wait_all:
  end: 1685726271.2712445
  start: 1685725822.8321154
