event_sleeping_wait_all:
  end: 1685726661.2691736
  start: 1685726425.4105384
