event_sleeping:
  end: 1685725381.1847174
  start: 1685725381.1846323
