event_sleeping_wait_all:
  end: 1685725686.2120812
  start: 1685725432.7916238
