event_sleeping_wait_all:
  end: 1685727636.222996
  start: 1685727492.882102
