event_sleeping_wait_all:
  end: 1685727441.2472162
  start: 1685727187.8108828
