event_sleeping_wait_all:
  end: 1685728008.7713282
  start: 1685727687.8167806
