event_sleeping_wait_all:
  end: 1685726856.268056
  start: 1685726712.8715334
