event_sleeping_wait_all:
  end: 1685727136.2394998
  start: 1685726907.8601696
