event_sleeping_wait_all:
  end: 1685725771.2038627
  start: 1685725737.8013093
