event_sleeping:
  end: 1685726216.2039957
  start: 1685726073.2315187
