event_sleeping:
  end: 1685726021.1933668
  start: 1685725878.3107867
