event_sleeping:
  end: 1685725826.2714236
  start: 1685725683.2091053
