event_sleeping:
  end: 1685725631.1841643
  start: 1685725503.5471008
