event_sleeping_wait_all:
  end: 1685727971.2279847
  start: 1685727828.271741
