event_sleeping:
  end: 1685725436.2321775
  start: 1685725381.1835158
