event_sleeping:
  end: 1685726606.2711127
  start: 1685726463.237083
