event_sleeping:
  end: 1685727191.268103
  start: 1685727048.2438445
