event_sleeping_wait_all:
  end: 1685727581.1797326
  start: 1685727438.3226418
