event_sleeping_wait_all:
  end: 1685727386.2680476
  start: 1685727243.2329254
