event_sleeping:
  end: 1685726801.2589252
  start: 1685726658.324438
