event_sleeping:
  end: 1685726411.2614372
  start: 1685726268.2629118
