event_sleeping_wait_all:
  end: 1685727776.2303603
  start: 1685727633.2371006
