event_sleeping:
  end: 1685726996.2713923
  start: 1685726853.2783062
