event_sleeping:
  end: 1682980696.9449372
  start: 1682980554.2362785
