event_sleeping:
  end: 1682980501.8669662
  start: 1682980462.5198133
