event_sleeping:
  end: 1682980410.9076047
  start: 1682979909.849672
