event_sleeping:
  end: 1682980501.9475715
  start: 1682979909.8519747
