event_sleeping:
  end: 1682980800.9450717
  start: 1682980553.58822
