event_sleeping:
  end: 1682980599.9435823
  start: 1682980352.873839
