event_sleeping:
  end: 1682980300.946438
  start: 1682979909.850713
