event_sleeping:
  end: 1682980605.9435422
  start: 1682979909.8520586
