event_sleeping:
  end: 1682980690.9433818
  start: 1682979909.852226
