event_sleeping:
  end: 1682980940.8555827
  start: 1682980797.480424
