event_sleeping:
  end: 1682980745.867165
  start: 1682980602.5301094
