event_sleeping:
  end: 1682980550.945566
  start: 1682979909.8480816
