event_sleeping:
  end: 1682977774.9046142
  start: 1682977171.3077726
