event_sleeping:
  end: 1682978062.3515406
  start: 1682977171.3109562
