event_sleeping:
  end: 1682978202.3274956
  start: 1682978058.9608777
