event_sleeping:
  end: 1682977812.367599
  start: 1682977171.3106427
