event_sleeping:
  end: 1682978007.4023771
  start: 1682977863.936835
