event_sleeping:
  end: 1685505788.4294348
  start: 1685505398.3528137
