event_sleeping:
  end: 1685505610.941341
  start: 1685505450.0025227
