event_sleeping:
  end: 1685505398.3551757
  start: 1685505398.3549035
