event_sleeping:
  end: 1685505398.3517396
  start: 1685505398.3513958
