event_sleeping:
  end: 1685506075.9321756
  start: 1685505449.978715
