event_sleeping:
  end: 1685505490.9382896
  start: 1685505398.3523035
