event_sleeping:
  end: 1685505398.355423
  start: 1685505398.3553295
