event_sleeping:
  end: 1685505703.3561337
  start: 1685505449.9677436
