event_sleeping:
  end: 1685505453.3967876
  start: 1685505398.346594
