event_sleeping:
  end: 1685506038.4239988
  start: 1685505895.4140496
