event_sleeping:
  end: 1685505843.4398332
  start: 1685505700.4317863
