event_sleeping:
  end: 1685505648.4400635
  start: 1685505505.110022
