event_sleeping:
  end: 1685506233.4399562
  start: 1685506090.38623
