event_sleeping:
  end: 1683050272.9278724
  start: 1683049940.5324652
