event_sleeping_wait_all:
  end: 1683052612.9300296
  start: 1683052280.5781972
