event_sleeping_wait_all:
  end: 1683052228.911537
  start: 1683051780.4745908
