event_sleeping_wait_all:
  end: 1683053288.847725
  start: 1683053145.571086
