event_sleeping_wait_all:
  end: 1683052813.9235806
  start: 1683052664.5811713
