event_sleeping:
  end: 1683049888.867069
  start: 1683049778.8384204
