event_sleeping_wait_all:
  end: 1683050558.863065
  start: 1683050525.5477064
