event_sleeping_wait_all:
  end: 1683055628.9299002
  start: 1683055205.506238
