event_sleeping_wait_all:
  end: 1683053093.8670805
  start: 1683052865.5698638
