event_sleeping_wait_all:
  end: 1683054763.9296212
  start: 1683054620.4576967
