event_sleeping_wait_all:
  end: 1683053983.8875568
  start: 1683053645.5206277
