event_sleeping_wait_all:
  end: 1683053593.8671684
  start: 1683053340.5214226
