event_sleeping_wait_all:
  end: 1683054568.8476117
  start: 1683054425.5663428
