event_sleeping_wait_all:
  end: 1683051643.8673139
  start: 1683051390.5194638
