event_sleeping_wait_all:
  end: 1683054068.8593955
  start: 1683054035.4997056
