event_sleeping_wait_all:
  end: 1683050473.8715732
  start: 1683050324.7844672
