event_sleeping_wait_all:
  end: 1683054373.9035618
  start: 1683054120.4758766
