event_sleeping_wait_all:
  end: 1683051728.862732
  start: 1683051695.5415661
