event_sleeping_wait_all:
  end: 1683051338.895639
  start: 1683051110.4966028
