event_sleeping_wait_all:
  end: 1683051058.8670273
  start: 1683050805.4978232
