event_sleeping_wait_all:
  end: 1683050753.8716037
  start: 1683050610.4872382
