event_sleeping_wait_all:
  end: 1683055153.9275215
  start: 1683054900.524427
