event_sleeping_wait_all:
  end: 1683054848.8594408
  start: 1683054815.5973258
