event_sleeping_wait_all:
  end: 1683055927.9300532
  start: 1683055680.6089513
