event_sleeping_wait_all:
  end: 1683050278.915115
  start: 1683049934.5032077
