event_sleeping_wait_all:
  end: 1683051643.8670046
  start: 1683051494.574132
