event_sleeping_wait_all:
  end: 1683052618.92972
  start: 1683052469.6719065
