event_sleeping_wait_all:
  end: 1683050753.9023001
  start: 1683050525.5190506
