event_sleeping_wait_all:
  end: 1683052417.9453855
  start: 1683052176.6364486
