event_sleeping_wait_all:
  end: 1683052124.9299304
  start: 1683051786.5187676
