event_sleeping_wait_all:
  end: 1683051734.8671634
  start: 1683051695.5411568
