event_sleeping_wait_all:
  end: 1683051058.8674805
  start: 1683050805.7166996
