event_sleeping_wait_all:
  end: 1683052709.839639
  start: 1683052670.5683026
