event_sleeping:
  end: 1683049882.8916602
  start: 1683049778.8374832
