event_sleeping_wait_all:
  end: 1683050473.8720064
  start: 1683050330.5301278
