event_sleeping_wait_all:
  end: 1683051442.9299748
  start: 1683051110.700785
