event_sleeping_wait_all:
  end: 1683053008.927543
  start: 1683052755.8571324
