event_sleeping:
  end: 1683050363.9274328
  start: 1683050220.8784628
