event_sleeping:
  end: 1683050759.8675718
  start: 1683050720.9093645
