event_sleeping:
  end: 1683049778.8386083
  start: 1683049778.8385901
