event_sleeping_wait_all:
  end: 1683051143.8626416
  start: 1683051110.8932214
