event_sleeping:
  end: 1683051058.9282985
  start: 1683050820.0941288
