event_sleeping_wait_all:
  end: 1683051442.9305973
  start: 1683051195.7648957
