event_sleeping_wait_all:
  end: 1683052228.911997
  start: 1683051695.8465745
