event_sleeping:
  end: 1683050668.927502
  start: 1683050415.8568876
