event_sleeping:
  end: 1683049973.867017
  start: 1683049830.448195
