event_sleeping_wait_all:
  end: 1683053197.930113
  start: 1683053060.8480496
