event_sleeping_wait_all:
  end: 1683052618.9300632
  start: 1683052469.8369114
