event_sleeping_wait_all:
  end: 1683052703.8628418
  start: 1683052670.9396188
