event_sleeping:
  end: 1683050168.9275048
  start: 1683050025.8293386
