event_sleeping_wait_all:
  end: 1683051643.9315472
  start: 1683051494.8781319
