event_sleeping_wait_all:
  end: 1683052417.9036794
  start: 1683052280.885846
