event_sleeping_wait_all:
  end: 1683050668.8671257
  start: 1683050324.603095
