event_sleeping_wait_all:
  end: 1683052612.9276156
  start: 1683052365.4780245
