event_sleeping:
  end: 1683050083.9196157
  start: 1683049778.8391109
