event_sleeping_wait_all:
  end: 1683050948.927413
  start: 1683050720.512376
