event_sleeping_wait_all:
  end: 1683051448.867095
  start: 1683051305.615057
