event_sleeping_wait_all:
  end: 1683052904.9117143
  start: 1683052755.682116
