event_sleeping_wait_all:
  end: 1683052228.9283204
  start: 1683051786.7077186
