event_sleeping_wait_all:
  end: 1683051734.9274156
  start: 1683051500.5270371
