event_sleeping:
  end: 1683050272.9086983
  start: 1683050135.5974162
