event_sleeping_wait_all:
  end: 1683052313.8632855
  start: 1683052280.5778565
