event_sleeping_wait_all:
  end: 1683051253.9365418
  start: 1683051000.5879884
