event_sleeping_wait_all:
  end: 1683052703.8721669
  start: 1683052664.5745971
