event_sleeping_wait_all:
  end: 1683052033.9275634
  start: 1683051305.6209085
