event_sleeping_wait_all:
  end: 1683052508.8689332
  start: 1683052469.6720128
