event_sleeping_wait_all:
  end: 1683052898.9475214
  start: 1683052755.5500746
