event_sleeping_wait_all:
  end: 1683050272.9093463
  start: 1683049934.7039523
