event_sleeping_wait_all:
  end: 1683053392.9076912
  start: 1683053145.5817869
