event_sleeping_wait_all:
  end: 1683053093.9273531
  start: 1683052950.6026332
