event_sleeping_wait_all:
  end: 1683050948.8593192
  start: 1683050915.4850647
