event_sleeping_wait_all:
  end: 1683052703.927553
  start: 1683052560.5787823
