event_sleeping_wait_all:
  end: 1683050363.867165
  start: 1683050324.602964
