event_sleeping_wait_all:
  end: 1683050863.863632
  start: 1683050616.571673
