event_sleeping_wait_all:
  end: 1683051253.9275105
  start: 1683051000.5882041
