event_sleeping_wait_all:
  end: 1683050564.9276247
  start: 1683050415.5218482
