event_sleeping:
  end: 1683049882.9277112
  start: 1683049778.8381178
