event_sleeping_wait_all:
  end: 1683052417.9444733
  start: 1683052085.52023
