event_sleeping_wait_all:
  end: 1683053538.8833647
  start: 1683053395.4958122
