event_sleeping:
  end: 1683050223.8970077
  start: 1683050080.4933822
