event_sleeping_wait_all:
  end: 1683052953.9035661
  start: 1683052810.5057006
