event_sleeping:
  end: 1683051783.86704
  start: 1683051445.4394422
