event_sleeping:
  end: 1683051393.8547907
  start: 1683050860.5031278
