event_sleeping_wait_all:
  end: 1683054123.927355
  start: 1683053590.45071
