event_sleeping:
  end: 1683050028.9275112
  start: 1683049885.4807591
