event_sleeping_wait_all:
  end: 1683054513.9300258
  start: 1683054175.5067928
