event_sleeping_wait_all:
  end: 1683055683.929825
  start: 1683055540.519697
