event_sleeping_wait_all:
  end: 1683055488.9274542
  start: 1683055345.5787961
