event_sleeping_wait_all:
  end: 1683055293.9275603
  start: 1683055150.4934504
