event_sleeping_wait_all:
  end: 1683055878.9295812
  start: 1683055735.5023434
