event_sleeping:
  end: 1683049833.8874745
  start: 1683049778.8363853
