event_sleeping:
  end: 1683052173.8673422
  start: 1683051835.4495075
