event_sleeping:
  end: 1683052368.886994
  start: 1683052225.4912179
