event_sleeping:
  end: 1683052758.9275255
  start: 1683052616.04477
