event_sleeping_wait_all:
  end: 1683053343.9236996
  start: 1683053200.5500593
