event_sleeping:
  end: 1683050613.9298108
  start: 1683050275.546741
