event_sleeping:
  end: 1683052563.9326763
  start: 1683052420.5405805
