event_sleeping_wait_all:
  end: 1683055098.8670878
  start: 1683054565.5794575
