event_sleeping:
  end: 1683050808.929923
  start: 1683050665.523031
