event_sleeping_wait_all:
  end: 1683053148.927543
  start: 1683053005.4780056
