event_sleeping:
  end: 1685746221.460011
  start: 1685745831.3793337
