event_sleeping:
  end: 1685745831.3693647
  start: 1685745831.369188
