event_sleeping:
  end: 1685746043.9320328
  start: 1685745883.0055058
