event_sleeping:
  end: 1685745831.3714335
  start: 1685745831.3714125
