event_sleeping:
  end: 1685746508.9579082
  start: 1685745883.0059757
