event_sleeping:
  end: 1685745923.9322345
  start: 1685745831.3709955
