event_sleeping:
  end: 1685745831.3752756
  start: 1685745831.375228
