event_sleeping:
  end: 1685746136.4599802
  start: 1685745883.0127587
