event_sleeping:
  end: 1685746276.437667
  start: 1685746133.4411092
