event_sleeping:
  end: 1685745886.3641386
  start: 1685745831.364809
