event_sleeping:
  end: 1685746471.461544
  start: 1685746328.4930296
