event_sleeping:
  end: 1685746666.4611535
  start: 1685746523.4653761
