event_sleeping:
  end: 1685746081.456641
  start: 1685745938.386754
