event_sleeping_wait_all:
  end: 1683003281.7917986
  start: 1683003138.6489685
