event_sleeping_wait_all:
  end: 1683003976.7919416
  start: 1683003833.396373
