event_sleeping_wait_all:
  end: 1683002909.2913392
  start: 1683002273.433438
