event_sleeping_wait_all:
  end: 1683003781.6954398
  start: 1683003638.4259055
