event_sleeping_wait_all:
  end: 1683003586.791521
  start: 1683003333.644466
