event_sleeping_wait_all:
  end: 1683002221.7915359
  start: 1683001968.327464
