event_sleeping_wait_all:
  end: 1683003104.2396758
  start: 1683003053.3990674
