event_sleeping:
  end: 1683001331.7933521
  start: 1682999380.6993635
