event_sleeping:
  end: 1683002111.6956365
  start: 1683001799.669661
