event_sleeping_wait_all:
  end: 1683002594.2925582
  start: 1683002358.434246
