event_sleeping_wait_all:
  end: 1683003281.7922578
  start: 1683003155.9023943
