event_sleeping:
  end: 1683001739.2189777
  start: 1683001383.4091268
