event_sleeping:
  end: 1683001619.2916236
  start: 1683001493.7241845
