event_sleeping_wait_all:
  end: 1683002111.7915049
  start: 1683001986.2965481
