event_sleeping_wait_all:
  end: 1683001934.2921274
  start: 1683001671.2332504
