event_sleeping_wait_all:
  end: 1683003884.2421007
  start: 1683003833.6884427
