event_sleeping_wait_all:
  end: 1683002611.7921288
  start: 1683002163.6979702
