event_sleeping_wait_all:
  end: 1683004451.7916133
  start: 1683004326.2314065
