event_sleeping_wait_all:
  end: 1683004061.791602
  start: 1683003936.1971753
