event_sleeping_wait_all:
  end: 1683003391.7916477
  start: 1683003138.6585014
