event_sleeping_wait_all:
  end: 1683002009.1996984
  start: 1683001883.3893173
