event_sleeping_wait_all:
  end: 1683002416.7915387
  start: 1683002060.8276541
