event_sleeping_wait_all:
  end: 1683001526.7035995
  start: 1683001475.8902779
