event_sleeping:
  end: 1683001424.250065
  start: 1682999380.699816
