event_sleeping_wait_all:
  end: 1683001831.7914572
  start: 1683001578.5408905
