event_sleeping:
  end: 1683003569.291403
  start: 1683003443.4503567
