event_sleeping:
  end: 1683001721.79155
  start: 1683001578.3527474
