event_sleeping_wait_all:
  end: 1683003976.791537
  start: 1683003740.9142535
