event_sleeping:
  end: 1683002026.7676303
  start: 1683001773.4974732
