event_sleeping:
  end: 1683001441.7946732
  start: 1682999380.700174
