event_sleeping:
  end: 1683003391.7920597
  start: 1683003138.5081174
