event_sleeping:
  end: 1683003086.7919154
  start: 1683002748.437419
