event_sleeping_wait_all:
  end: 1683004366.793771
  start: 1683004028.4586709
