event_sleeping:
  end: 1683002696.7918096
  start: 1683002358.4350193
