event_sleeping_wait_all:
  end: 1683004116.7916372
  start: 1683003973.3404055
