event_sleeping:
  end: 1683002751.7915418
  start: 1683002608.480565
