event_sleeping:
  end: 1683003141.7919023
  start: 1683002998.446015
