event_sleeping:
  end: 1683002361.7914782
  start: 1683002023.3934216
