event_sleeping:
  end: 1683001581.7435489
  start: 1683001438.361498
