event_sleeping_wait_all:
  end: 1683004311.7276502
  start: 1683004168.4181933
