event_sleeping:
  end: 1683002946.7918043
  start: 1683002803.4002554
