event_sleeping:
  end: 1683001971.7918935
  start: 1683001828.4404116
