event_sleeping:
  end: 1685062215.415831
  start: 1685062071.5043077
