event_sleeping:
  end: 1685062800.411951
  start: 1685062478.9322066
