event_sleeping:
  end: 1685064657.9159787
  start: 1685064141.5417285
