event_sleeping:
  end: 1685061360.4159284
  start: 1685061217.5652034
