event_sleeping:
  end: 1685061555.3855112
  start: 1685061411.5293922
