event_sleeping:
  end: 1685062020.4120939
  start: 1685061783.9588947
