event_sleeping:
  end: 1685062995.3241262
  start: 1685062851.4576218
