event_sleeping:
  end: 1685061165.41188
  start: 1685060562.8316603
