event_sleeping:
  end: 1685061732.8823006
  start: 1685061606.440092
