event_sleeping:
  end: 1685064090.415682
  start: 1685063734.0256562
