event_sleeping:
  end: 1685063292.911852
  start: 1685063166.3550224
