event_sleeping:
  end: 1685063487.8435493
  start: 1685063343.9479115
