event_sleeping:
  end: 1685063682.9124937
  start: 1685063538.929673
