event_sleeping:
  end: 1685062427.8380542
  start: 1685062266.499338
