event_sleeping:
  end: 1685063115.3239903
  start: 1685063046.430642
