event_sleeping:
  end: 1685063792.913781
  start: 1685063538.642738
