event_sleeping:
  end: 1685062410.3226273
  start: 1685062088.691051
