event_sleeping:
  end: 1685063402.8761976
  start: 1685063148.7438545
