event_sleeping:
  end: 1685064072.8498313
  start: 1685064038.7479815
