event_sleeping:
  end: 1685062902.8844836
  start: 1685062758.7065313
