event_sleeping:
  end: 1685064750.4158251
  start: 1685064336.2186444
