event_sleeping:
  end: 1685060775.3881843
  start: 1685060562.8309693
