event_sleeping:
  end: 1685063097.91612
  start: 1685062953.7440078
