event_sleeping:
  end: 1685061165.3673308
  start: 1685061113.736762
