event_sleeping:
  end: 1685061342.854402
  start: 1685061216.14877
