event_sleeping:
  end: 1685062037.9155018
  start: 1685061393.655285
