event_sleeping:
  end: 1685063487.8429024
  start: 1685063453.7327044
