event_sleeping:
  end: 1685063987.9159544
  start: 1685063843.729873
