event_sleeping:
  end: 1685064285.3678715
  start: 1685064123.6629238
