event_sleeping:
  end: 1685062707.9160068
  start: 1685062581.163732
