event_sleeping:
  end: 1685061062.8697526
  start: 1685060826.2017038
