event_sleeping:
  end: 1685062530.3785338
  start: 1685062461.1321697
