event_sleeping:
  end: 1685062800.3482716
  start: 1685062563.6679943
