event_sleeping:
  end: 1685064767.8381379
  start: 1685064038.769437
