event_sleeping:
  end: 1685062037.8700273
  start: 1685061606.160249
