event_sleeping:
  end: 1685063987.9162095
  start: 1685063843.720826
