event_sleeping:
  end: 1685063115.3300726
  start: 1685063063.681262
