event_sleeping:
  end: 1685061555.3852005
  start: 1685061486.2171178
