event_sleeping:
  end: 1685061435.41594
  start: 1685061291.2108908
