event_sleeping:
  end: 1685062140.367633
  start: 1685062088.6583607
