event_sleeping:
  end: 1685063597.9157128
  start: 1685063343.6937847
