event_sleeping:
  end: 1685061240.3800561
  start: 1685060918.710051
