event_sleeping:
  end: 1685060867.9039185
  start: 1685060723.7303398
