event_sleeping:
  end: 1685062410.415725
  start: 1685062191.1814916
