event_sleeping:
  end: 1685060672.917199
  start: 1685060562.8249643
