event_sleeping:
  end: 1685063012.8830354
  start: 1685062851.1821306
