event_sleeping:
  end: 1685063292.9121444
  start: 1685063166.1399977
