event_sleeping:
  end: 1685063792.913094
  start: 1685063648.7170691
