event_sleeping:
  end: 1685062512.8608694
  start: 1685062461.2041357
