event_sleeping:
  end: 1685061452.9156544
  start: 1685061003.6787143
