event_sleeping:
  end: 1685064572.9156003
  start: 1685064318.6298785
