event_sleeping:
  end: 1685060655.407858
  start: 1685060562.826242
