event_sleeping:
  end: 1685062020.3240154
  start: 1685061876.2231195
