event_sleeping:
  end: 1685063190.366328
  start: 1685063046.193228
