event_sleeping:
  end: 1685060952.847935
  start: 1685060918.6659887
