event_sleeping:
  end: 1685062605.4157462
  start: 1685062191.1808555
