event_sleeping:
  end: 1685063877.8521159
  start: 1685063343.6533651
