event_sleeping:
  end: 1685062140.3685505
  start: 1685062071.108384
