event_sleeping:
  end: 1685064072.914392
  start: 1685063928.6594346
