event_sleeping:
  end: 1685064267.8361087
  start: 1685064123.6723588
