event_sleeping:
  end: 1685062995.324929
  start: 1685062776.1984153
