event_sleeping:
  end: 1685063292.863901
  start: 1685063241.168077
