event_sleeping:
  end: 1685062725.3848982
  start: 1685062656.2163546
