event_sleeping:
  end: 1685061825.4159296
  start: 1685061503.7251914
