event_sleeping:
  end: 1685060867.8487065
  start: 1685060706.199355
