event_sleeping:
  end: 1685061555.4303591
  start: 1685061393.6337557
