event_sleeping:
  end: 1685064285.3685308
  start: 1685064233.594896
