event_sleeping:
  end: 1685061732.8945663
  start: 1685061606.1884656
