event_sleeping:
  end: 1685062122.850182
  start: 1685062088.6270747
