event_sleeping:
  end: 1685064182.85212
  start: 1685064038.6382005
