event_sleeping:
  end: 1685061342.9118595
  start: 1685060613.5304198
