event_sleeping:
  end: 1685062817.915136
  start: 1685062563.6310637
