event_sleeping:
  end: 1685064462.9120488
  start: 1685064336.086372
