event_sleeping:
  end: 1685063487.8432243
  start: 1685063241.1710832
