event_sleeping:
  end: 1685062037.908038
  start: 1685061783.6780486
