event_sleeping:
  end: 1685060562.8264055
  start: 1685060562.8263848
