event_sleeping:
  end: 1685063190.4119265
  start: 1685062868.6490417
