event_sleeping:
  end: 1685063792.8702893
  start: 1685063538.616101
