event_sleeping:
  end: 1685062512.9118485
  start: 1685062173.5903778
