event_sleeping:
  end: 1685063987.9155705
  start: 1685063843.596933
