event_sleeping:
  end: 1685063152.9159336
  start: 1685063009.047932
