event_sleeping:
  end: 1685062567.9162042
  start: 1685062424.090002
