event_sleeping:
  end: 1685063542.9159892
  start: 1685063204.0879455
