event_sleeping:
  end: 1685061592.9011111
  start: 1685061449.0298238
