event_sleeping:
  end: 1685064127.9001465
  start: 1685063594.0402424
