event_sleeping:
  end: 1685060617.8720436
  start: 1685060562.8245537
