event_sleeping:
  end: 1685061397.8840034
  start: 1685061254.080144
