event_sleeping:
  end: 1685064322.8701062
  start: 1685064179.0246747
