event_sleeping:
  end: 1685060812.9035869
  start: 1685060668.7233374
