event_sleeping:
  end: 1685061982.9159536
  start: 1685061839.0775273
