event_sleeping:
  end: 1685062762.8440852
  start: 1685062619.0943549
