event_sleeping:
  end: 1685061787.915491
  start: 1685061644.0583372
