event_sleeping:
  end: 1685062372.9160247
  start: 1685062249.1101377
