event_sleeping:
  end: 1685061202.9158227
  start: 1685060864.0577774
