event_sleeping:
  end: 1685062957.9155998
  start: 1685062813.9828157
