event_sleeping:
  end: 1685062177.8942606
  start: 1685062034.055738
