event_sleeping:
  end: 1686209423.5734687
  start: 1686209228.4737418
