event_sleeping:
  end: 1686211763.5420928
  start: 1686211694.6323566
