event_sleeping:
  end: 1686211448.5641966
  start: 1686210914.586362
