event_sleeping:
  end: 1686210668.5635588
  start: 1686210254.6219463
