event_sleeping:
  end: 1686212051.0639315
  start: 1686211814.6054218
