event_sleeping:
  end: 1686209711.0639555
  start: 1686209475.7630656
