event_sleeping:
  end: 1686210008.5634694
  start: 1686209864.612362
