event_sleeping:
  end: 1686210863.5130746
  start: 1686210719.6528316
