event_sleeping:
  end: 1686209813.5152998
  start: 1686209762.153412
