event_sleeping:
  end: 1686211643.5642693
  start: 1686211499.6480477
