event_sleeping:
  end: 1686210203.5477152
  start: 1686210059.6257052
