event_sleeping:
  end: 1686211058.564293
  start: 1686210839.673793
