event_sleeping:
  end: 1686209228.4740562
  start: 1686209228.4740179
