event_sleeping:
  end: 1686210398.5632381
  start: 1686210152.104458
