event_sleeping:
  end: 1686209423.5075834
  start: 1686209279.2691047
