event_sleeping:
  end: 1686209813.515554
  start: 1686209474.6102264
