event_sleeping:
  end: 1686211568.5077837
  start: 1686211229.6173768
