event_sleeping:
  end: 1686210788.5970736
  start: 1686210449.6494744
