event_sleeping:
  end: 1686211941.0641727
  start: 1686211619.612548
