event_sleeping:
  end: 1686211178.5077517
  start: 1686211109.6432114
