event_sleeping:
  end: 1686210101.0103033
  start: 1686209864.596268
