event_sleeping:
  end: 1686211941.0638175
  start: 1686211814.5694325
