event_sleeping:
  end: 1686210788.5316768
  start: 1686210719.6477582
