event_sleeping:
  end: 1686211058.563694
  start: 1686210839.65702
