event_sleeping:
  end: 1686211763.5076628
  start: 1686211499.6512098
