event_sleeping:
  end: 1686211253.4787614
  start: 1686211109.664501
