event_sleeping:
  end: 1686210668.5641952
  start: 1686210254.536391
