event_sleeping:
  end: 1686209498.5160134
  start: 1686209354.568566
