event_sleeping:
  end: 1686209888.5643067
  start: 1686209652.1192784
