event_sleeping:
  end: 1686210203.508263
  start: 1686210134.673876
