event_sleeping:
  end: 1686209601.0155332
  start: 1686209549.624511
