event_sleeping:
  end: 1686209303.5475638
  start: 1686209228.4732718
