event_sleeping:
  end: 1686211448.5645509
  start: 1686211304.539988
