event_sleeping:
  end: 1686210083.5638947
  start: 1686209939.659599
