event_sleeping:
  end: 1686211643.5324888
  start: 1686211424.6227686
