event_sleeping:
  end: 1686210278.559746
  start: 1686209939.6170824
