event_sleeping:
  end: 1686210473.5634522
  start: 1686210329.6495633
