event_sleeping:
  end: 1686211253.4784358
  start: 1686211034.6690688
