event_sleeping:
  end: 1686210983.5640783
  start: 1686210839.7011316
