event_sleeping:
  end: 1686211838.5036917
  start: 1686211694.6043763
