event_sleeping:
  end: 1686210788.5334284
  start: 1686210719.5768168
