event_sleeping:
  end: 1686211373.5331652
  start: 1686211304.5402665
