event_sleeping:
  end: 1686209303.5083158
  start: 1686209228.473901
