event_sleeping:
  end: 1686210668.4921896
  start: 1686210524.6550214
