event_sleeping:
  end: 1686209888.5637753
  start: 1686209567.162963
