event_sleeping:
  end: 1686209516.0641503
  start: 1686209354.5924952
