event_sleeping:
  end: 1686211253.5633965
  start: 1686211109.4620607
