event_sleeping:
  end: 1686210203.5474203
  start: 1686210059.4686964
