event_sleeping:
  end: 1686211373.4796195
  start: 1686211304.5437064
