event_sleeping:
  end: 1686210771.063754
  start: 1686210254.4979324
