event_sleeping:
  end: 1686210008.5076053
  start: 1686209474.5649796
