event_sleeping:
  end: 1686211058.471593
  start: 1686210822.0544667
