event_sleeping:
  end: 1686211838.563396
  start: 1686211602.0490358
