event_sleeping:
  end: 1686209303.5080202
  start: 1686209228.4705203
