event_sleeping:
  end: 1686209423.5334947
  start: 1686209354.5001035
