event_sleeping:
  end: 1686211551.064274
  start: 1686211424.463431
