event_sleeping:
  end: 1686211801.063428
  start: 1686211657.1506338
