event_sleeping:
  end: 1686211216.0319774
  start: 1686211072.125496
