event_sleeping:
  end: 1686210631.0476031
  start: 1686210487.08762
