event_sleeping:
  end: 1686211021.0109422
  start: 1686210897.1483963
