event_sleeping:
  end: 1686210241.0020602
  start: 1686210097.1602752
