event_sleeping:
  end: 1686211606.063988
  start: 1686211462.0892751
