event_sleeping:
  end: 1686210046.0556548
  start: 1686209902.1581497
