event_sleeping:
  end: 1686210436.0099115
  start: 1686210292.1092412
