event_sleeping:
  end: 1686209461.0182583
  start: 1686209316.8294597
