event_sleeping:
  end: 1686209265.9915721
  start: 1686209228.4701304
