event_sleeping:
  end: 1686211410.970155
  start: 1686211267.1388266
