event_sleeping:
  end: 1686209851.064135
  start: 1686209512.129598
