event_sleeping:
  end: 1686210826.059722
  start: 1686210682.197549
