event_sleeping:
  end: 1685758259.8289516
  start: 1685758064.8053567
