event_sleeping:
  end: 1685758064.800971
  start: 1685758064.8003154
