event_sleeping:
  end: 1685758157.3865077
  start: 1685758064.8005776
