event_sleeping:
  end: 1685758157.2960415
  start: 1685758064.8023543
