event_sleeping:
  end: 1685758157.3091145
  start: 1685758064.7991767
