event_sleeping:
  end: 1685758102.3317008
  start: 1685758064.801437
