event_sleeping:
  end: 1685758297.3880084
  start: 1685758154.0365953
