event_sleeping:
  end: 1683417788.7033758
  start: 1683417257.4489636
