event_sleeping:
  end: 1683419078.7034903
  start: 1683418444.8553588
