event_sleeping:
  end: 1683419451.155604
  start: 1683419309.8244846
