event_sleeping:
  end: 1683416153.6554043
  start: 1683416104.9067538
