event_sleeping:
  end: 1683418103.6635835
  start: 1683418037.3652782
