event_sleeping:
  end: 1683417983.6557598
  start: 1683417842.486544
