event_sleeping:
  end: 1683416051.198649
  start: 1683415799.9292464
