event_sleeping:
  end: 1683417203.7007291
  start: 1683417062.335615
