event_sleeping:
  end: 1683417008.6082551
  start: 1683416597.3808513
