event_sleeping:
  end: 1683419256.1123981
  start: 1683419132.4641044
