event_sleeping:
  end: 1683416348.6152463
  start: 1683416207.3843648
