event_sleeping:
  end: 1683415746.2075107
  start: 1683415551.143845
