event_sleeping:
  end: 1683416543.6699853
  start: 1683416402.391621
