event_sleeping:
  end: 1683418391.1515546
  start: 1683418157.3988132
