event_sleeping:
  end: 1683415763.7075627
  start: 1683415604.8784747
