event_sleeping:
  end: 1683416153.7034583
  start: 1683415817.4757955
