event_sleeping:
  end: 1683419451.2037823
  start: 1683419327.3435998
