event_sleeping:
  end: 1683415551.1117256
  start: 1683415551.1116908
