event_sleeping:
  end: 1683416441.1994236
  start: 1683416207.42956
