event_sleeping:
  end: 1683418781.2036457
  start: 1683418529.9335008
