event_sleeping:
  end: 1683416721.2072072
  start: 1683416494.9427109
