event_sleeping:
  end: 1683418976.2038867
  start: 1683418835.0281408
