event_sleeping:
  end: 1683417398.6396646
  start: 1683417164.9218361
