event_sleeping:
  end: 1683417111.1558912
  start: 1683416774.9823475
