event_sleeping:
  end: 1683418281.162113
  start: 1683417944.9155416
