event_sleeping:
  end: 1683418476.1755683
  start: 1683418334.868503
