event_sleeping:
  end: 1683417518.6715336
  start: 1683417452.5811584
