event_sleeping:
  end: 1683419171.2035089
  start: 1683419029.9683957
