event_sleeping:
  end: 1683419273.638333
  start: 1683419224.9519212
