event_sleeping:
  end: 1683417891.1596067
  start: 1683417572.3979282
