event_sleeping:
  end: 1683417026.1982772
  start: 1683416597.7356856
