event_sleeping:
  end: 1683417128.655529
  start: 1683417080.2490292
