event_sleeping:
  end: 1683417788.7036002
  start: 1683417665.3191407
