event_sleeping:
  end: 1683416423.6795344
  start: 1683416282.713573
