event_sleeping:
  end: 1683415661.1571274
  start: 1683415551.1176138
