event_sleeping:
  end: 1683416228.7034807
  start: 1683415995.159876
