event_sleeping:
  end: 1683418866.1380963
  start: 1683418835.2331302
