event_sleeping:
  end: 1683415856.20377
  start: 1683415715.2123988
