event_sleeping:
  end: 1683418781.1675892
  start: 1683418335.3079367
