event_sleeping:
  end: 1683418281.2033982
  start: 1683418157.7525127
