event_sleeping:
  end: 1683415941.1379726
  start: 1683415910.2223444
