event_sleeping:
  end: 1683417611.2074258
  start: 1683417452.6872094
