event_sleeping:
  end: 1683416543.6715124
  start: 1683416477.8564067
