event_sleeping:
  end: 1683419933.7070816
  start: 1683418920.200857
