event_sleeping:
  end: 1683417398.7033675
  start: 1683417182.647133
