event_sleeping:
  end: 1683418103.703619
  start: 1683417842.7966638
