event_sleeping:
  end: 1683418178.7033925
  start: 1683418037.366783
