event_sleeping:
  end: 1683416246.1684966
  start: 1683415909.9205854
