event_sleeping:
  end: 1683417713.6737025
  start: 1683417647.4598489
