event_sleeping:
  end: 1683419561.203434
  start: 1683419310.039443
