event_sleeping:
  end: 1683418976.2035184
  start: 1683418724.904888
