event_sleeping:
  end: 1683417983.7066665
  start: 1683417767.4498317
