event_sleeping:
  end: 1683417128.6894073
  start: 1683417062.3367293
