event_sleeping:
  end: 1683415856.2034922
  start: 1683415697.3795474
