event_sleeping:
  end: 1683418586.2035213
  start: 1683418232.3947048
