event_sleeping:
  end: 1683416813.707471
  start: 1683416689.847608
