event_sleeping:
  end: 1683418671.1385093
  start: 1683418639.9868298
