event_sleeping:
  end: 1683416636.1236546
  start: 1683416299.9231012
