event_sleeping:
  end: 1683417306.2069895
  start: 1683417182.39678
