event_sleeping:
  end: 1683419256.203564
  start: 1683419029.9543133
