event_sleeping:
  end: 1683415643.6341393
  start: 1683415551.1160586
