event_sleeping:
  end: 1683417008.607642
  start: 1683416867.472285
