event_sleeping:
  end: 1683417593.703532
  start: 1683417359.8937948
