event_sleeping:
  end: 1683416543.7055407
  start: 1683416385.005235
