event_sleeping:
  end: 1683418178.6388152
  start: 1683417944.908397
