event_sleeping:
  end: 1683419561.1977916
  start: 1683419327.4347854
