event_sleeping:
  end: 1683416331.2035356
  start: 1683415799.8577237
