event_sleeping:
  end: 1683418476.2073774
  start: 1683418232.3829217
