event_sleeping:
  end: 1683417416.1763074
  start: 1683417164.93024
