event_sleeping:
  end: 1683415746.1382916
  start: 1683415714.9504187
