event_sleeping:
  end: 1683417611.2072062
  start: 1683417470.0797067
