event_sleeping:
  end: 1683419273.7034476
  start: 1683418920.004892
