event_sleeping:
  end: 1683417891.1598616
  start: 1683417749.8666646
