event_sleeping:
  end: 1683417696.1381829
  start: 1683417665.0071287
