event_sleeping:
  end: 1683415661.2086914
  start: 1683415551.1172736
