event_sleeping:
  end: 1683417111.1556435
  start: 1683416597.508963
