event_sleeping:
  end: 1683418866.2073388
  start: 1683418529.925728
