event_sleeping:
  end: 1683419116.2035341
  start: 1683418974.775762
