event_sleeping:
  end: 1683418531.183551
  start: 1683418194.8583348
