event_sleeping:
  end: 1683416581.2035751
  start: 1683416439.8539608
