event_sleeping:
  end: 1683416971.2031798
  start: 1683416829.873616
