event_sleeping:
  end: 1683416776.203458
  start: 1683416634.8770382
