event_sleeping:
  end: 1683417946.203498
  start: 1683417804.8211102
