event_sleeping:
  end: 1683418141.1895003
  start: 1683417999.8540356
