event_sleeping:
  end: 1683415801.207036
  start: 1683415659.8530521
