event_sleeping:
  end: 1683415606.1606379
  start: 1683415551.1186857
