event_sleeping:
  end: 1683419311.1199172
  start: 1683419169.8685548
