event_sleeping:
  end: 1683416191.2036133
  start: 1683415854.8674836
