event_sleeping:
  end: 1683418921.119667
  start: 1683418779.8691869
