event_sleeping:
  end: 1683416386.2075086
  start: 1683416244.8994465
