event_sleeping:
  end: 1683417361.174052
  start: 1683417236.9002607
