event_sleeping:
  end: 1683417556.2036035
  start: 1683417414.808262
