event_sleeping:
  end: 1683417166.2075412
  start: 1683417024.8927553
