event_sleeping:
  end: 1683418726.203398
  start: 1683418584.8970273
