event_sleeping:
  end: 1683417751.1741319
  start: 1683417609.8764403
