event_sleeping_wait_all:
  end: 1685670319.8040228
  start: 1685670176.7177038
