event_sleeping_wait_all:
  end: 1685670124.7676306
  start: 1685670091.8176138
