event_sleeping_wait_all:
  end: 1685671192.334779
  start: 1685671049.2401402
