event_sleeping_wait_all:
  end: 1685670997.294252
  start: 1685670566.7495306
