event_sleeping:
  end: 1685669752.3319695
  start: 1685669557.2440977
