event_sleeping_wait_all:
  end: 1685670514.7860708
  start: 1685670371.721279
