event_sleeping_wait_all:
  end: 1685670039.834833
  start: 1685669804.3003926
