event_sleeping_wait_all:
  end: 1685670429.834461
  start: 1685670176.4794347
