event_sleeping_wait_all:
  end: 1685670124.8319297
  start: 1685669786.476775
