event_sleeping_wait_all:
  end: 1685670709.81688
  start: 1685670481.4979305
