event_sleeping_wait_all:
  end: 1685669734.8120883
  start: 1685669608.9040933
