event_sleeping:
  end: 1685669557.2438323
  start: 1685669557.2437959
