event_sleeping_wait_all:
  end: 1685671117.2400475
  start: 1685670761.4885306
