event_sleeping_wait_all:
  end: 1685670217.2997072
  start: 1685669981.3750722
