event_sleeping_wait_all:
  end: 1685669844.8348422
  start: 1685669701.497608
