event_sleeping_wait_all:
  end: 1685671014.812132
  start: 1685670566.442349
