event_sleeping_wait_all:
  end: 1685669929.7439344
  start: 1685669896.4655344
