event_sleeping:
  end: 1685669649.8313696
  start: 1685669557.2415407
