event_sleeping_wait_all:
  end: 1685670412.273184
  start: 1685670268.9664083
