event_sleeping_wait_all:
  end: 1685671117.2738953
  start: 1685671066.4737277
