event_sleeping_wait_all:
  end: 1685670997.3321855
  start: 1685670871.417386
