event_sleeping_wait_all:
  end: 1685670234.8197217
  start: 1685669878.9895139
