event_sleeping_wait_all:
  end: 1685671099.7480996
  start: 1685671049.0277116
