event_sleeping_wait_all:
  end: 1685670624.7599897
  start: 1685670286.4405277
