event_sleeping:
  end: 1685669649.8311534
  start: 1685669557.2436044
