event_sleeping_wait_all:
  end: 1685669827.3348267
  start: 1685669701.4825187
