event_sleeping_wait_all:
  end: 1685671312.3060005
  start: 1685671151.4072757
