event_sleeping_wait_all:
  end: 1685670819.778385
  start: 1685670676.4500003
