event_sleeping_wait_all:
  end: 1685671099.832175
  start: 1685670583.932118
