event_sleeping_wait_all:
  end: 1685670532.3349543
  start: 1685670388.9425747
