event_sleeping_wait_all:
  end: 1685671387.3347876
  start: 1685671151.4362166
