event_sleeping_wait_all:
  end: 1685670337.314301
  start: 1685669803.8723621
