event_sleeping:
  end: 1685669649.8164964
  start: 1685669557.243304
