event_sleeping_wait_all:
  end: 1685669752.2493298
  start: 1685669701.394881
