event_sleeping:
  end: 1685669594.7743068
  start: 1685669557.24273
