event_sleeping:
  end: 1685670569.829916
  start: 1685670426.9070616
