event_sleeping:
  end: 1685669789.7999876
  start: 1685669646.4755554
