event_sleeping:
  end: 1685670179.8347359
  start: 1685669852.9736094
