event_sleeping:
  end: 1685670764.8347921
  start: 1685670621.8580227
