event_sleeping:
  end: 1685671154.7724311
  start: 1685671011.8744915
