event_sleeping:
  end: 1685670374.7727625
  start: 1685670231.9283926
