event_sleeping:
  end: 1685670959.772894
  start: 1685670816.8956091
