event_sleeping_wait_all:
  end: 1685671349.834989
  start: 1685671206.823706
