event_sleeping_wait_all:
  end: 1683116381.5156076
  start: 1683115848.264401
