event_sleeping_wait_all:
  end: 1683114626.5755851
  start: 1683114373.345372
