event_sleeping_wait_all:
  end: 1683116679.0493731
  start: 1683116628.2572336
