event_sleeping:
  end: 1683114321.5996904
  start: 1683114144.005269
