event_sleeping_wait_all:
  end: 1683115796.5955024
  start: 1683115635.7936597
