event_sleeping_wait_all:
  end: 1683114924.0474577
  start: 1683114763.1810746
