event_sleeping_wait_all:
  end: 1683116576.595446
  start: 1683116433.1208014
