event_sleeping_wait_all:
  end: 1683115119.0956197
  start: 1683114975.720071
