event_sleeping_wait_all:
  end: 1683115584.096041
  start: 1683115170.760364
