event_sleeping_wait_all:
  end: 1683114711.5314178
  start: 1683114678.1947854
