event_sleeping_wait_all:
  end: 1683114321.4995282
  start: 1683114195.6778915
