event_sleeping_wait_all:
  end: 1683116856.5954955
  start: 1683116535.6898293
