event_sleeping_wait_all:
  end: 1683116094.0314152
  start: 1683116043.2538009
