event_sleeping_wait_all:
  end: 1683117051.598516
  start: 1683116908.221733
