event_sleeping_wait_all:
  end: 1683114999.0556986
  start: 1683114763.2024634
