event_sleeping_wait_all:
  end: 1683116484.0954707
  start: 1683116145.7094305
