event_sleeping_wait_all:
  end: 1683115991.568057
  start: 1683115755.8287687
