event_sleeping_wait_all:
  end: 1683115704.095641
  start: 1683115365.7490401
