event_sleeping_wait_all:
  end: 1683115314.0984995
  start: 1683115050.6465871
