event_sleeping_wait_all:
  end: 1683114711.5953805
  start: 1683114373.1433249
