event_sleeping_wait_all:
  end: 1683117339.0956755
  start: 1683117103.328246
