event_sleeping:
  end: 1683114144.0055192
  start: 1683114144.005478
