event_sleeping_wait_all:
  end: 1683115016.595544
  start: 1683114873.476683
