event_sleeping_wait_all:
  end: 1683114821.6039596
  start: 1683114568.4790974
