event_sleeping:
  end: 1683114236.5277033
  start: 1683114144.0051088
