event_sleeping_wait_all:
  end: 1683114414.0317066
  start: 1683114288.4603693
