event_sleeping_wait_all:
  end: 1683116169.1039145
  start: 1683116026.00028
