event_sleeping_wait_all:
  end: 1683115601.598912
  start: 1683115153.4958506
