event_sleeping_wait_all:
  end: 1683114516.5490959
  start: 1683114466.0856674
