event_sleeping_wait_all:
  end: 1683115686.5315313
  start: 1683115653.5243223
