event_sleeping_wait_all:
  end: 1683115974.0030816
  start: 1683115738.588374
