event_sleeping_wait_all:
  end: 1683115101.5313406
  start: 1683115068.547799
