event_sleeping_wait_all:
  end: 1683116381.5955853
  start: 1683116221.1571102
