event_sleeping_wait_all:
  end: 1683116679.0956507
  start: 1683116433.496431
