event_sleeping_wait_all:
  end: 1683116559.09886
  start: 1683116323.155389
