event_sleeping_wait_all:
  end: 1683116771.6044943
  start: 1683116610.7664578
