event_sleeping_wait_all:
  end: 1683116169.0954869
  start: 1683115933.2693038
