event_sleeping_wait_all:
  end: 1683114431.5983949
  start: 1683114270.6770163
