event_sleeping_wait_all:
  end: 1683118899.0996153
  start: 1683118188.1595607
