event_sleeping_wait_all:
  end: 1683117831.5355797
  start: 1683117603.235194
