event_sleeping:
  end: 1683114219.0555823
  start: 1683114144.0059223
