event_sleeping_wait_all:
  end: 1683116271.547521
  start: 1683116220.740012
