event_sleeping_wait_all:
  end: 1683117551.5986753
  start: 1683117298.1322908
