event_sleeping_wait_all:
  end: 1683115406.598369
  start: 1683115263.240477
