event_sleeping_wait_all:
  end: 1683114821.5954921
  start: 1683114483.2097588
