event_sleeping_wait_all:
  end: 1683117161.5104868
  start: 1683116823.2942839
