event_sleeping_wait_all:
  end: 1683115704.0476367
  start: 1683115635.7883363
