event_sleeping_wait_all:
  end: 1683117246.5174062
  start: 1683117213.1741886
