event_sleeping_wait_all:
  end: 1683115584.0955398
  start: 1683115458.2228804
