event_sleeping_wait_all:
  end: 1683115881.5983772
  start: 1683115755.6341336
