event_sleeping_wait_all:
  end: 1683115211.595494
  start: 1683114873.215785
