event_sleeping_wait_all:
  end: 1683118136.5274916
  start: 1683117883.2025905
