event_sleeping_wait_all:
  end: 1683115686.5953608
  start: 1683115153.2068462
