event_sleeping_wait_all:
  end: 1683117069.0996556
  start: 1683116823.294471
