event_sleeping_wait_all:
  end: 1683114321.4993274
  start: 1683114288.2834325
