event_sleeping_wait_all:
  end: 1683116186.5983186
  start: 1683116043.2557874
