event_sleeping_wait_all:
  end: 1683116771.595549
  start: 1683116535.7071166
