event_sleeping_wait_all:
  end: 1683115101.5591593
  start: 1683114958.2121885
