event_sleeping_wait_all:
  end: 1683114906.555442
  start: 1683114373.1707387
