event_sleeping_wait_all:
  end: 1683116484.0600824
  start: 1683116340.7290163
