event_sleeping_wait_all:
  end: 1683115991.5676265
  start: 1683115738.2893229
