event_sleeping:
  end: 1683114236.591581
  start: 1683114144.005646
