event_sleeping_wait_all:
  end: 1683116289.015714
  start: 1683116238.2484045
