event_sleeping:
  end: 1683116131.5985515
  start: 1683115988.1633282
