event_sleeping_wait_all:
  end: 1683117691.595527
  start: 1683117548.2276719
