event_sleeping_wait_all:
  end: 1683118666.598547
  start: 1683118523.227646
