event_sleeping:
  end: 1683115156.595553
  start: 1683115013.1573746
