event_sleeping:
  end: 1683114181.5375216
  start: 1683114144.0053763
