event_sleeping:
  end: 1683114961.5516589
  start: 1683114818.1698666
