event_sleeping:
  end: 1683116326.5235865
  start: 1683116183.1913292
