event_sleeping_wait_all:
  end: 1683117886.5436182
  start: 1683117743.1983783
