event_sleeping:
  end: 1683115936.5987282
  start: 1683115793.2164237
