event_sleeping_wait_all:
  end: 1683117496.591577
  start: 1683117353.1622486
