event_sleeping_wait_all:
  end: 1683117106.5116425
  start: 1683116768.2345989
