event_sleeping_wait_all:
  end: 1683118471.5987349
  start: 1683118328.2294738
