event_sleeping:
  end: 1683115741.5835218
  start: 1683115598.2032247
