event_sleeping:
  end: 1683115546.5355866
  start: 1683115403.2101636
