event_sleeping:
  end: 1683114376.5985758
  start: 1683114248.8491027
