event_sleeping:
  end: 1683115351.598964
  start: 1683115208.1638336
