event_sleeping_wait_all:
  end: 1683117301.5953596
  start: 1683117158.071608
