event_sleeping:
  end: 1683114766.5986688
  start: 1683114428.2180316
