event_sleeping:
  end: 1683116521.5837333
  start: 1683116378.114637
