event_sleeping_wait_all:
  end: 1683118276.595547
  start: 1683117938.1493354
