event_sleeping_wait_all:
  end: 1683118861.5194726
  start: 1683118718.1776927
