event_sleeping:
  end: 1683116716.595677
  start: 1683116573.175845
