event_sleeping:
  end: 1684853140.9730892
  start: 1684852750.8865216
