event_sleeping_wait_all:
  end: 1684854700.8919697
  start: 1684854667.819391
