event_sleeping_wait_all:
  end: 1684853743.4743435
  start: 1684853600.3475664
