event_sleeping_wait_all:
  end: 1684854615.888072
  start: 1684854455.3577619
