event_sleeping_wait_all:
  end: 1684853353.4662523
  start: 1684853192.9058821
