event_sleeping_wait_all:
  end: 1684854208.467266
  start: 1684853795.420544
