event_sleeping_wait_all:
  end: 1684854403.4200833
  start: 1684854260.395623
