event_sleeping_wait_all:
  end: 1684853548.4122386
  start: 1684853405.3850029
