event_sleeping_wait_all:
  end: 1684854988.412285
  start: 1684854752.829533
