event_sleeping_wait_all:
  end: 1684852963.372049
  start: 1684852802.5147383
