event_sleeping_wait_all:
  end: 1684853725.916002
  start: 1684853404.9645147
