event_sleeping_wait_all:
  end: 1684853353.3721225
  start: 1684853302.5731332
