event_sleeping_wait_all:
  end: 1684854115.8720033
  start: 1684854082.6443758
