event_sleeping_wait_all:
  end: 1684854598.467069
  start: 1684854472.642745
