event_sleeping_wait_all:
  end: 1684854420.9561653
  start: 1684854167.4968312
