event_sleeping_wait_all:
  end: 1684854030.9662054
  start: 1684853777.6090806
