event_sleeping_wait_all:
  end: 1684853250.9201455
  start: 1684853015.0720267
