event_sleeping:
  end: 1684852750.8746545
  start: 1684852750.8733773
