event_sleeping_wait_all:
  end: 1684853428.392075
  start: 1684852802.5551507
