event_sleeping:
  end: 1684852750.8826306
  start: 1684852750.8808734
