event_sleeping_wait_all:
  end: 1684854598.4662607
  start: 1684854380.1169279
