event_sleeping_wait_all:
  end: 1684854115.9640474
  start: 1684853795.10609
