event_sleeping_wait_all:
  end: 1684854328.4638882
  start: 1684854167.611052
