event_sleeping_wait_all:
  end: 1684853743.4279037
  start: 1684853675.1378329
