event_sleeping_wait_all:
  end: 1684853623.4662995
  start: 1684853480.0246453
