event_sleeping_wait_all:
  end: 1684854013.4641073
  start: 1684853777.6179562
