event_sleeping_wait_all:
  end: 1684854208.4665005
  start: 1684854065.0801237
