event_sleeping_wait_all:
  end: 1684853140.9640474
  start: 1684852895.1367054
