event_sleeping_wait_all:
  end: 1684853530.9661968
  start: 1684853387.6138666
