event_sleeping_wait_all:
  end: 1684853725.9163456
  start: 1684853582.6090562
