event_sleeping_wait_all:
  end: 1684854328.4213233
  start: 1684854260.132863
