event_sleeping:
  end: 1684852843.461118
  start: 1684852750.8764477
