event_sleeping_wait_all:
  end: 1684854793.466283
  start: 1684854380.078839
