event_sleeping_wait_all:
  end: 1684853335.963967
  start: 1684853192.6342854
