event_sleeping_wait_all:
  end: 1684853743.4173737
  start: 1684853692.5627162
