event_sleeping_wait_all:
  end: 1684854810.8984509
  start: 1684854557.5556672
