event_sleeping_wait_all:
  end: 1684854030.9650002
  start: 1684853795.0359287
