event_sleeping_wait_all:
  end: 1684853055.9641414
  start: 1684852802.4512527
