event_sleeping_wait_all:
  end: 1684853640.9660828
  start: 1684853192.478875
