event_sleeping_wait_all:
  end: 1684854505.9662712
  start: 1684854277.5376966
