event_sleeping_wait_all:
  end: 1684853140.8944364
  start: 1684853107.5904174
