event_sleeping_wait_all:
  end: 1684855378.4282203
  start: 1684855057.5484762
