event_sleeping_wait_all:
  end: 1684854225.9663546
  start: 1684854082.5791857
