event_sleeping_wait_all:
  end: 1684855005.966353
  start: 1684854862.4633665
