event_sleeping:
  end: 1684853000.9663973
  start: 1684852873.2681062
