event_sleeping:
  end: 1684854170.966358
  start: 1684854027.9904795
