event_sleeping_wait_all:
  end: 1684854950.9401124
  start: 1684854807.9648566
