event_sleeping:
  end: 1684853390.9661512
  start: 1684853247.91414
