event_sleeping:
  end: 1684853585.9661372
  start: 1684853442.9045832
