event_sleeping:
  end: 1684852805.923867
  start: 1684852750.880092
