event_sleeping:
  end: 1684853195.966273
  start: 1684853052.9371908
