event_sleeping_wait_all:
  end: 1684855340.9661534
  start: 1684855197.9267087
