event_sleeping_wait_all:
  end: 1684855145.966415
  start: 1684855002.9721959
