event_sleeping:
  end: 1684854365.9039705
  start: 1684854222.938493
