event_sleeping_wait_all:
  end: 1684854755.9360948
  start: 1684854612.9769733
