event_sleeping:
  end: 1684853780.9664485
  start: 1684853637.9309034
