event_sleeping:
  end: 1684854560.9663281
  start: 1684854417.9868374
