event_sleeping:
  end: 1684853975.9662528
  start: 1684853832.9588568
