event_sleeping:
  end: 1685479647.414071
  start: 1685479486.8624446
