event_sleeping:
  end: 1685479044.9324927
  start: 1685478867.4102163
