event_sleeping:
  end: 1685479434.9080667
  start: 1685479401.9510672
