event_sleeping:
  end: 1685479842.413751
  start: 1685479705.4254327
