event_sleeping_wait_all:
  end: 1685481299.99878
  start: 1685481156.9019792
