event_sleeping:
  end: 1685479349.9989932
  start: 1685479096.9016025
