event_sleeping_wait_all:
  end: 1685481104.9960744
  start: 1685480571.9287748
