event_sleeping_wait_all:
  end: 1685481402.418585
  start: 1685481351.9238584
