event_sleeping_wait_all:
  end: 1685480519.9991271
  start: 1685480359.4264567
