event_sleeping_wait_all:
  end: 1685480307.4989438
  start: 1685479894.3756921
