event_sleeping_wait_all:
  end: 1685480037.470294
  start: 1685479774.105876
