event_sleeping_wait_all:
  end: 1685479722.4601572
  start: 1685479486.6915708
