event_sleeping_wait_all:
  end: 1685480714.899989
  start: 1685480479.0602047
