event_sleeping_wait_all:
  end: 1685479434.996225
  start: 1685479096.6364236
