event_sleeping_wait_all:
  end: 1685481207.413904
  start: 1685480869.0991023
