event_sleeping:
  end: 1685478867.4054527
  start: 1685478867.4051027
