event_sleeping_wait_all:
  end: 1685480817.4499304
  start: 1685480766.5746398
