event_sleeping_wait_all:
  end: 1685480427.4135132
  start: 1685480089.1651564
