event_sleeping:
  end: 1685479045.004241
  start: 1685478930.4346688
