event_sleeping_wait_all:
  end: 1685481402.4189115
  start: 1685481156.691482
