event_sleeping_wait_all:
  end: 1685480697.4135592
  start: 1685480461.565577
