event_sleeping:
  end: 1685479137.4991302
  start: 1685479011.6015751
