event_sleeping_wait_all:
  end: 1685479544.9993327
  start: 1685479291.5943086
