event_sleeping_wait_all:
  end: 1685480892.4992096
  start: 1685480749.0938468
