event_sleeping:
  end: 1685478959.992074
  start: 1685478867.4069943
