event_sleeping_wait_all:
  end: 1685480324.9988754
  start: 1685479876.5726712
