event_sleeping_wait_all:
  end: 1685480409.9323468
  start: 1685480376.6409245
