event_sleeping_wait_all:
  end: 1685479739.9990895
  start: 1685479596.6711445
