event_sleeping_wait_all:
  end: 1685479824.9323254
  start: 1685479791.614761
