event_sleeping_wait_all:
  end: 1685481104.9964423
  start: 1685480944.1816964
