event_sleeping_wait_all:
  end: 1685479239.9040577
  start: 1685479189.1718102
