event_sleeping_wait_all:
  end: 1685479934.90813
  start: 1685479596.6669612
