event_sleeping_wait_all:
  end: 1685480994.9189246
  start: 1685480944.201269
