event_sleeping_wait_all:
  end: 1685479544.9989214
  start: 1685479206.593304
