event_sleeping:
  end: 1685478942.4762163
  start: 1685478867.4092953
