event_sleeping_wait_all:
  end: 1685479154.9960315
  start: 1685478994.1945539
