event_sleeping_wait_all:
  end: 1685481282.4991949
  start: 1685481046.5844238
