event_sleeping_wait_all:
  end: 1685480307.4995916
  start: 1685480181.6659474
