event_sleeping_wait_all:
  end: 1685480129.964037
  start: 1685479986.6040146
