event_sleeping_wait_all:
  end: 1685480892.499641
  start: 1685480656.6339145
