event_sleeping_wait_all:
  end: 1685480427.4640923
  start: 1685480359.202159
