event_sleeping_wait_all:
  end: 1685480604.9991262
  start: 1685480479.145066
