event_sleeping:
  end: 1685480714.9961221
  start: 1685480461.590612
