event_sleeping_wait_all:
  end: 1685481207.4134998
  start: 1685481064.0648503
