event_sleeping:
  end: 1685479629.9566584
  start: 1685479096.5851498
