event_sleeping:
  end: 1685478959.9320314
  start: 1685478867.4098725
