event_sleeping:
  end: 1685479824.9326823
  start: 1685479681.5459645
