event_sleeping:
  end: 1685479044.9321911
  start: 1685479011.507582
