event_sleeping:
  end: 1685480409.995923
  start: 1685479876.5575085
