event_sleeping:
  end: 1685480909.9801664
  start: 1685480766.5421798
