event_sleeping:
  end: 1685481012.4441683
  start: 1685480961.5788906
