event_sleeping:
  end: 1685479684.9990964
  start: 1685479542.0106072
