event_sleeping:
  end: 1685478904.9376457
  start: 1685478867.4034274
