event_sleeping:
  end: 1685479099.9989126
  start: 1685478956.9664764
