event_sleeping:
  end: 1685479489.948072
  start: 1685479151.9669967
