event_sleeping:
  end: 1685480464.9560914
  start: 1685480322.1074567
