event_sleeping_wait_all:
  end: 1685481439.9995196
  start: 1685481296.9841847
