event_sleeping:
  end: 1685480854.999243
  start: 1685480711.890662
