event_sleeping_wait_all:
  end: 1685481244.99922
  start: 1685481101.9726787
