event_sleeping:
  end: 1685480659.9001505
  start: 1685480516.987955
