event_sleeping:
  end: 1685480269.9993157
  start: 1685480126.9999518
