event_sleeping:
  end: 1685481049.998802
  start: 1685480907.0639904
