event_sleeping:
  end: 1685480074.972167
  start: 1685479932.0611086
