event_sleeping:
  end: 1685479879.989214
  start: 1685479737.04423
