event_sleeping:
  end: 1685757965.8240316
  start: 1685757788.2361143
