event_sleeping:
  end: 1685757965.8199751
  start: 1685757840.3183155
