event_sleeping:
  end: 1685757788.2294626
  start: 1685757788.229288
