event_sleeping:
  end: 1685757880.8341494
  start: 1685757788.2312162
