event_sleeping:
  end: 1685757863.2881637
  start: 1685757788.2357426
