event_sleeping:
  end: 1685757880.7961843
  start: 1685757788.2362437
