event_sleeping:
  end: 1685758020.8225334
  start: 1685757877.478644
