event_sleeping:
  end: 1685757825.7621238
  start: 1685757788.2273734
