event_sleeping_wait_all:
  end: 1685595229.7358513
  start: 1685594696.7676523
