event_sleeping_wait_all:
  end: 1685594432.220148
  start: 1685594019.2874417
