event_sleeping:
  end: 1685593474.788101
  start: 1685593221.7827156
