event_sleeping:
  end: 1685593559.7338357
  start: 1685593526.6900697
