event_sleeping_wait_all:
  end: 1685595424.7320983
  start: 1685595281.6703756
