event_sleeping:
  end: 1685593772.3007507
  start: 1685593611.6749556
