event_sleeping:
  end: 1685593967.2921515
  start: 1685593830.2278955
