event_sleeping_wait_all:
  end: 1685595527.2280343
  start: 1685595476.6838417
