event_sleeping:
  end: 1685593169.7999938
  start: 1685592992.2137926
