event_sleeping_wait_all:
  end: 1685594644.8007305
  start: 1685594484.166281
