event_sleeping_wait_all:
  end: 1685594942.2381222
  start: 1685594891.446405
