event_sleeping:
  end: 1685593169.8006365
  start: 1685593055.212143
