event_sleeping_wait_all:
  end: 1685594552.30045
  start: 1685594213.9527254
