event_sleeping_wait_all:
  end: 1685593559.7999375
  start: 1685593221.4229693
