event_sleeping_wait_all:
  end: 1685595332.260664
  start: 1685594993.9316943
