event_sleeping_wait_all:
  end: 1685594839.7731197
  start: 1685594603.9210815
