event_sleeping_wait_all:
  end: 1685593847.3007586
  start: 1685593611.4374516
