event_sleeping:
  end: 1685592992.212299
  start: 1685592992.2119029
