event_sleeping_wait_all:
  end: 1685594162.2998817
  start: 1685593898.9916391
