event_sleeping_wait_all:
  end: 1685593364.7514608
  start: 1685593313.9351254
