event_sleeping_wait_all:
  end: 1685593864.7998629
  start: 1685593721.4631205
