event_sleeping_wait_all:
  end: 1685594534.731959
  start: 1685594501.4556267
