event_sleeping_wait_all:
  end: 1685594822.2681541
  start: 1685594586.3758554
