event_sleeping_wait_all:
  end: 1685595229.7998812
  start: 1685595068.9525578
