event_sleeping:
  end: 1685593084.7716675
  start: 1685592992.2127411
