event_sleeping:
  end: 1685593262.2522442
  start: 1685593136.4197955
