event_sleeping_wait_all:
  end: 1685595527.2999737
  start: 1685595281.424413
