event_sleeping_wait_all:
  end: 1685594449.7880752
  start: 1685594001.3778749
