event_sleeping_wait_all:
  end: 1685593949.734104
  start: 1685593916.4681756
