event_sleeping_wait_all:
  end: 1685593669.788969
  start: 1685593416.458369
