event_sleeping_wait_all:
  end: 1685595017.3000479
  start: 1685594873.9214592
