event_sleeping_wait_all:
  end: 1685594432.3000746
  start: 1685594306.4154723
