event_sleeping_wait_all:
  end: 1685595017.3004472
  start: 1685594781.429189
