event_sleeping_wait_all:
  end: 1685595407.2199974
  start: 1685595171.4242814
