event_sleeping_wait_all:
  end: 1685594729.7723498
  start: 1685594603.9206858
