event_sleeping_wait_all:
  end: 1685593279.8007538
  start: 1685593118.9424846
