event_sleeping_wait_all:
  end: 1685594254.7801113
  start: 1685594111.390014
