event_sleeping_wait_all:
  end: 1685595119.7358108
  start: 1685595068.9528253
