event_sleeping_wait_all:
  end: 1685593669.7998612
  start: 1685593331.4775734
