event_sleeping:
  end: 1685593067.27779
  start: 1685592992.2132232
