event_sleeping_wait_all:
  end: 1685594059.7728045
  start: 1685593721.4602687
