event_sleeping:
  end: 1685593949.800066
  start: 1685593806.2800386
