event_sleeping:
  end: 1685593084.8031678
  start: 1685592992.2134974
