event_sleeping_wait_all:
  end: 1685595332.2603698
  start: 1685595188.8249102
