event_sleeping:
  end: 1685593169.7340252
  start: 1685593136.3878684
