event_sleeping:
  end: 1685594839.806066
  start: 1685594586.3741431
