event_sleeping:
  end: 1685595137.2401927
  start: 1685595086.3789248
