event_sleeping:
  end: 1685594534.800017
  start: 1685594001.3786504
