event_sleeping:
  end: 1685593754.7160637
  start: 1685593221.3084407
