event_sleeping:
  end: 1685595034.7729793
  start: 1685594891.3939471
