event_sleeping:
  end: 1685595174.800719
  start: 1685595031.8527598
