event_sleeping:
  end: 1685593224.7406185
  start: 1685593081.815343
