event_sleeping:
  end: 1685594589.7727895
  start: 1685594446.8144612
