event_sleeping:
  end: 1685593029.7421777
  start: 1685592992.2093709
