event_sleeping_wait_all:
  end: 1685595369.8005052
  start: 1685595226.828871
