event_sleeping_wait_all:
  end: 1685595564.800204
  start: 1685595421.8212187
