event_sleeping:
  end: 1685594004.7574124
  start: 1685593861.79794
