event_sleeping:
  end: 1685593614.772886
  start: 1685593276.7596536
