event_sleeping:
  end: 1685594784.7723765
  start: 1685594641.787707
