event_sleeping:
  end: 1685594199.7729738
  start: 1685594056.7970057
