event_sleeping:
  end: 1685593809.7998986
  start: 1685593666.792648
