event_sleeping:
  end: 1685594394.735732
  start: 1685594251.7666798
