event_sleeping:
  end: 1685594979.7727413
  start: 1685594836.843484
