event_sleeping:
  end: 1685758816.7640674
  start: 1685758621.75274
