event_sleeping:
  end: 1685758621.75379
  start: 1685758621.7536721
