event_sleeping:
  end: 1685758696.816006
  start: 1685758621.7546167
