event_sleeping:
  end: 1685758696.8029094
  start: 1685758621.7549274
