event_sleeping:
  end: 1685758696.816294
  start: 1685758621.750135
