event_sleeping:
  end: 1685758854.2880552
  start: 1685758727.2780142
