event_sleeping:
  end: 1685758659.2811842
  start: 1685758621.750679
