event_sleeping_wait_all:
  end: 1683096551.3155847
  start: 1683096333.0005033
