event_sleeping_wait_all:
  end: 1683096281.3166428
  start: 1683095942.944366
