event_sleeping_wait_all:
  end: 1683095398.8116372
  start: 1683095162.8855329
