event_sleeping_wait_all:
  end: 1683096671.218893
  start: 1683096620.4435675
