event_sleeping_wait_all:
  end: 1683096568.815658
  start: 1683096315.4317305
