event_sleeping_wait_all:
  end: 1683096263.7275085
  start: 1683096230.502245
