event_sleeping_wait_all:
  end: 1683096178.7996554
  start: 1683095925.558667
