event_sleeping_wait_all:
  end: 1683096551.3160856
  start: 1683096315.7260952
