event_sleeping_wait_all:
  end: 1683096746.287458
  start: 1683096603.2382405
