event_sleeping:
  end: 1683094898.7239988
  start: 1683094898.7237084
