event_sleeping_wait_all:
  end: 1683095483.7596087
  start: 1683095340.4127414
