event_sleeping_wait_all:
  end: 1683095678.7356613
  start: 1683095535.4639797
