event_sleeping_wait_all:
  end: 1683096653.8155327
  start: 1683096425.5321057
