event_sleeping_wait_all:
  end: 1683095288.7487679
  start: 1683095255.4204772
