event_sleeping_wait_all:
  end: 1683095788.7515857
  start: 1683095340.4145463
