event_sleeping_wait_all:
  end: 1683097153.7756486
  start: 1683097010.4529243
