event_sleeping_wait_all:
  end: 1683096178.8275645
  start: 1683095942.9438417
