event_sleeping:
  end: 1683094898.7268836
  start: 1683094898.7267985
