event_sleeping_wait_all:
  end: 1683097526.31606
  start: 1683097205.3866503
