event_sleeping:
  end: 1683094953.7705672
  start: 1683094898.7200758
