event_sleeping_wait_all:
  end: 1683097293.7878373
  start: 1683097150.3762424
