event_sleeping:
  end: 1683096513.815676
  start: 1683096370.4233265
