event_sleeping:
  end: 1683096123.815356
  start: 1683095980.448667
