event_sleeping:
  end: 1683095148.8114738
  start: 1683095021.1004689
