event_sleeping_wait_all:
  end: 1683097488.815455
  start: 1683097345.37609
