event_sleeping:
  end: 1683095538.7731252
  start: 1683095395.406834
