event_sleeping:
  end: 1682979044.1505654
  start: 1682978543.054617
