event_sleeping:
  end: 1682979146.5986803
  start: 1682979095.791968
