event_sleeping:
  end: 1682979129.1515112
  start: 1682978543.054911
