event_sleeping:
  end: 1682979434.1474698
  start: 1682979180.76433
