event_sleeping:
  end: 1682979239.1361728
  start: 1682978986.0744755
