event_sleeping:
  end: 1682978934.1194994
  start: 1682978543.0553136
