event_sleeping:
  end: 1682979239.1346087
  start: 1682978543.05652
