event_sleeping:
  end: 1682979324.1474795
  start: 1682978543.056865
