event_sleeping:
  end: 1682979574.1480098
  start: 1682979430.6823752
