event_sleeping:
  end: 1682979184.0691612
  start: 1682978543.0510132
