event_sleeping:
  end: 1682979379.0875783
  start: 1682979235.6292765
