event_sleeping_wait_all:
  end: 1683028729.2406452
  start: 1683028695.9790514
