event_sleeping_wait_all:
  end: 1683028924.3075588
  start: 1683028780.919443
