event_sleeping_wait_all:
  end: 1683029601.8075244
  start: 1683029171.0008311
