event_sleeping_wait_all:
  end: 1683029796.8075068
  start: 1683029653.4347343
