event_sleeping_wait_all:
  end: 1683029119.3073652
  start: 1683028975.9629855
