event_sleeping:
  end: 1683028356.8073914
  start: 1683028161.714763
