event_sleeping_wait_all:
  end: 1683028644.307736
  start: 1683028408.5537963
