event_sleeping_wait_all:
  end: 1683029314.3079329
  start: 1683029085.931652
