event_sleeping_wait_all:
  end: 1683028729.3078547
  start: 1683028390.8798025
