event_sleeping:
  end: 1683028161.7145374
  start: 1683028161.7144866
