event_sleeping_wait_all:
  end: 1683029721.8075366
  start: 1683029365.9478056
