event_sleeping_wait_all:
  end: 1683029034.3075473
  start: 1683028781.074309
