event_sleeping_wait_all:
  end: 1683028339.2098927
  start: 1683028213.3138618
