event_sleeping_wait_all:
  end: 1683029119.2555208
  start: 1683029068.8068774
