event_sleeping_wait_all:
  end: 1683029016.8075688
  start: 1683028873.7575462
