event_sleeping_wait_all:
  end: 1683029721.7436805
  start: 1683029671.2715816
