event_sleeping_wait_all:
  end: 1683028534.2404273
  start: 1683028501.2638965
