event_sleeping_wait_all:
  end: 1683029619.3075514
  start: 1683029171.2077355
