event_sleeping:
  end: 1683028254.2999175
  start: 1683028161.7153862
