event_sleeping_wait_all:
  end: 1683028449.3035822
  start: 1683028306.3005378
