event_sleeping_wait_all:
  end: 1683028821.8076344
  start: 1683028586.2396493
