event_sleeping_wait_all:
  end: 1683029704.2572632
  start: 1683029653.4325986
