event_sleeping_wait_all:
  end: 1683029424.30782
  start: 1683029280.9347982
