event_sleeping_wait_all:
  end: 1683029601.7116432
  start: 1683029475.987678
