event_sleeping_wait_all:
  end: 1683029916.7635586
  start: 1683029755.9190187
