event_sleeping:
  end: 1683028254.2994235
  start: 1683028161.711754
