event_sleeping_wait_all:
  end: 1683028839.307637
  start: 1683028483.5252254
