event_sleeping_wait_all:
  end: 1683028431.8075962
  start: 1683028305.9300656
