event_sleeping_wait_all:
  end: 1683029229.2635627
  start: 1683028890.9685316
