event_sleeping:
  end: 1683028254.2996595
  start: 1683028161.7123446
