event_sleeping_wait_all:
  end: 1683029136.807455
  start: 1683028993.5441628
