event_sleeping_wait_all:
  end: 1683028356.7556355
  start: 1683028306.128164
