event_sleeping_wait_all:
  end: 1683029991.8074605
  start: 1683029755.9306047
