event_sleeping_wait_all:
  end: 1683029704.2475235
  start: 1683029188.5101879
