event_sleeping_wait_all:
  end: 1683028941.8082619
  start: 1683028408.3838458
