event_sleeping:
  end: 1683028784.239583
  start: 1683028445.8187149
