event_sleeping:
  end: 1683029564.3036366
  start: 1683029420.7828164
