event_sleeping:
  end: 1683029759.307528
  start: 1683029615.9229786
