event_sleeping:
  end: 1683028394.2875538
  start: 1683028250.8203845
