event_sleeping:
  end: 1683028979.307561
  start: 1683028840.341906
