event_sleeping:
  end: 1683028199.2455482
  start: 1683028161.71565
