event_sleeping:
  end: 1683029174.307532
  start: 1683029030.9619503
