event_sleeping_wait_all:
  end: 1683029954.2476954
  start: 1683029810.895533
