event_sleeping:
  end: 1683029369.221893
  start: 1683029225.910724
