event_sleeping:
  end: 1686187391.8476353
  start: 1686187322.956093
