event_sleeping:
  end: 1686185636.8276072
  start: 1686185492.9251184
