event_sleeping:
  end: 1686187076.8772926
  start: 1686186542.9778123
