event_sleeping:
  end: 1686185339.303676
  start: 1686185104.1205919
