event_sleeping:
  end: 1686186491.8792162
  start: 1686186347.9339194
