event_sleeping:
  end: 1686185051.8478265
  start: 1686184856.807848
