event_sleeping:
  end: 1686185831.9074333
  start: 1686185687.8677554
