event_sleeping:
  end: 1686185441.852704
  start: 1686185390.372283
