event_sleeping:
  end: 1686187679.3994768
  start: 1686187442.9677951
