event_sleeping:
  end: 1686186296.8208094
  start: 1686185882.9805717
