event_sleeping:
  end: 1686187271.8517222
  start: 1686187127.962191
