event_sleeping:
  end: 1686186416.9093885
  start: 1686186078.0024247
