event_sleeping:
  end: 1686187569.3836489
  start: 1686187247.9582717
