event_sleeping:
  end: 1686186026.9009569
  start: 1686185780.5000556
