event_sleeping:
  end: 1686184856.805737
  start: 1686184856.8057086
