event_sleeping:
  end: 1686185441.900498
  start: 1686185102.9638357
