event_sleeping:
  end: 1686185051.848114
  start: 1686184907.673562
