event_sleeping:
  end: 1686186686.9010026
  start: 1686186467.9426932
