event_sleeping:
  end: 1686185729.4011714
  start: 1686185492.9501934
