event_sleeping:
  end: 1686187196.85017
  start: 1686186857.9525115
