event_sleeping:
  end: 1686186806.8595932
  start: 1686186737.9589903
