event_sleeping:
  end: 1686187391.899563
  start: 1686187127.9378264
