event_sleeping:
  end: 1686185516.8348413
  start: 1686185280.4316685
