event_sleeping:
  end: 1686185831.8809316
  start: 1686185762.983483
