event_sleeping:
  end: 1686186686.8996012
  start: 1686186467.940975
