event_sleeping:
  end: 1686186881.8995633
  start: 1686186737.9725583
