event_sleeping:
  end: 1686187569.415729
  start: 1686187442.9657469
