event_sleeping:
  end: 1686186296.8214157
  start: 1686185882.9743974
