event_sleeping:
  end: 1686185126.8554828
  start: 1686184982.908946
