event_sleeping:
  end: 1686187076.8770118
  start: 1686186932.951581
