event_sleeping:
  end: 1686185711.8794947
  start: 1686185567.8763216
