event_sleeping:
  end: 1686184931.847654
  start: 1686184856.8097904
