event_sleeping:
  end: 1686186416.8705897
  start: 1686186347.9381964
