event_sleeping:
  end: 1686185229.3523407
  start: 1686185177.9604173
