event_sleeping:
  end: 1686185516.8994281
  start: 1686185195.4095333
