event_sleeping:
  end: 1686186101.901207
  start: 1686185958.003886
