event_sleeping:
  end: 1686186881.9001734
  start: 1686186663.0026524
