event_sleeping:
  end: 1686185144.3196318
  start: 1686184982.9684656
