event_sleeping:
  end: 1686187001.8552747
  start: 1686186932.9912903
