event_sleeping:
  end: 1686187271.8520844
  start: 1686187052.9465876
