event_sleeping:
  end: 1686186296.8994055
  start: 1686186152.9914901
