event_sleeping:
  end: 1686186416.869969
  start: 1686186347.9471095
