event_sleeping:
  end: 1686184931.8479989
  start: 1686184856.8060577
