event_sleeping:
  end: 1686187466.8620296
  start: 1686187322.9703805
