event_sleeping:
  end: 1686185906.895028
  start: 1686185567.9385662
