event_sleeping:
  end: 1686186611.8995347
  start: 1686186467.938124
