event_sleeping:
  end: 1686187466.8618083
  start: 1686187230.3577366
