event_sleeping:
  end: 1686186399.335645
  start: 1686185882.8039963
