event_sleeping:
  end: 1686186686.9004831
  start: 1686186450.3170304
