event_sleeping:
  end: 1686187001.8550239
  start: 1686186932.8259518
