event_sleeping:
  end: 1686184931.8518384
  start: 1686184856.8069794
