event_sleeping:
  end: 1686185636.8279212
  start: 1686185102.8559804
