event_sleeping:
  end: 1686186881.815599
  start: 1686186737.9067457
