event_sleeping:
  end: 1686187179.3276992
  start: 1686187052.825007
