event_sleeping:
  end: 1686185051.8475473
  start: 1686184982.8558657
