event_sleeping:
  end: 1686185831.8516293
  start: 1686185687.8372693
