event_sleeping:
  end: 1686187039.3729935
  start: 1686186895.4533107
