event_sleeping:
  end: 1686186259.3236792
  start: 1686186115.4330695
