event_sleeping:
  end: 1686186454.393857
  start: 1686186310.4162781
