event_sleeping:
  end: 1686187429.3196304
  start: 1686187285.520219
