event_sleeping:
  end: 1686186064.3451307
  start: 1686185920.4724257
