event_sleeping:
  end: 1686185479.4009416
  start: 1686185140.4792185
