event_sleeping:
  end: 1686186844.3995082
  start: 1686186700.503901
