event_sleeping:
  end: 1686184894.3315895
  start: 1686184856.8063948
