event_sleeping:
  end: 1686185089.3721535
  start: 1686184945.1991408
