event_sleeping:
  end: 1686185674.3450325
  start: 1686185530.4825516
