event_sleeping:
  end: 1686187234.401368
  start: 1686187090.4978561
