event_sleeping:
  end: 1686185869.38073
  start: 1686185725.457223
