event_sleeping:
  end: 1686186649.3996105
  start: 1686186525.4519677
