event_sleeping_wait_all:
  end: 1685614773.5162783
  start: 1685614630.4889896
