event_sleeping_wait_all:
  end: 1685615730.9958901
  start: 1685615698.0143595
