event_sleeping_wait_all:
  end: 1685616705.9680662
  start: 1685616672.9851024
