event_sleeping_wait_all:
  end: 1685616213.5639114
  start: 1685616070.4618242
