event_sleeping_wait_all:
  end: 1685614383.515955
  start: 1685614222.9992642
