event_sleeping_wait_all:
  end: 1685614578.5121624
  start: 1685614435.47528
