event_sleeping_wait_all:
  end: 1685616333.5415568
  start: 1685616265.498535
