event_sleeping_wait_all:
  end: 1685615238.564154
  start: 1685614825.5136993
