event_sleeping_wait_all:
  end: 1685615646.0638487
  start: 1685615485.4944441
