event_sleeping_wait_all:
  end: 1685617308.526567
  start: 1685616757.8907702
