event_sleeping_wait_all:
  end: 1685615433.5111895
  start: 1685615290.5247536
