event_sleeping_wait_all:
  end: 1685616621.0201254
  start: 1685616385.4741776
