event_sleeping:
  end: 1685614171.0647132
  start: 1685613780.976569
