event_sleeping_wait_all:
  end: 1685616018.5458581
  start: 1685615782.8924618
