event_sleeping_wait_all:
  end: 1685613993.5161223
  start: 1685613832.6121445
