event_sleeping:
  end: 1685613780.969491
  start: 1685613780.9694672
