event_sleeping_wait_all:
  end: 1685616315.995851
  start: 1685616172.639546
