event_sleeping_wait_all:
  end: 1685615060.9859352
  start: 1685614807.6788218
