event_sleeping_wait_all:
  end: 1685615628.5081818
  start: 1685615502.7023003
