event_sleeping_wait_all:
  end: 1685614383.5152864
  start: 1685614332.7134678
