event_sleeping_wait_all:
  end: 1685615748.5174408
  start: 1685615680.1978526
