event_sleeping_wait_all:
  end: 1685614756.064295
  start: 1685614435.1615844
