event_sleeping_wait_all:
  end: 1685616510.9959555
  start: 1685616367.6552858
