event_sleeping_wait_all:
  end: 1685615145.995873
  start: 1685615112.624103
