event_sleeping_wait_all:
  end: 1685615926.0638542
  start: 1685615800.1823146
