event_sleeping_wait_all:
  end: 1685615451.0615096
  start: 1685615197.6617787
