event_sleeping_wait_all:
  end: 1685617503.4841642
  start: 1685616562.6441581
