event_sleeping_wait_all:
  end: 1685616120.9881072
  start: 1685615977.6979465
