event_sleeping_wait_all:
  end: 1685614281.0643198
  start: 1685614045.1883578
