event_sleeping_wait_all:
  end: 1685617986.0641072
  start: 1685617537.761919
