event_sleeping_wait_all:
  end: 1685617096.0642562
  start: 1685616757.6870546
