event_sleeping_wait_all:
  end: 1685615731.0252624
  start: 1685615680.9728403
