event_sleeping_wait_all:
  end: 1685616621.0199277
  start: 1685616385.1492743
