event_sleeping_wait_all:
  end: 1685616333.5120144
  start: 1685616282.6764736
