event_sleeping_wait_all:
  end: 1685616231.0553756
  start: 1685616070.256767
