event_sleeping_wait_all:
  end: 1685615628.5088525
  start: 1685615410.2255385
