event_sleeping_wait_all:
  end: 1685618163.5640755
  start: 1685618037.754855
