event_sleeping_wait_all:
  end: 1685615358.5708544
  start: 1685615197.748652
