event_sleeping:
  end: 1685613780.9992044
  start: 1685613780.9785347
