event_sleeping_wait_all:
  end: 1685614458.5285249
  start: 1685613832.6235044
