event_sleeping_wait_all:
  end: 1685617486.0640526
  start: 1685617147.7478974
