event_sleeping_wait_all:
  end: 1685614773.5584638
  start: 1685614705.2452698
