event_sleeping_wait_all:
  end: 1685615146.0639517
  start: 1685614825.2067223
