event_sleeping_wait_all:
  end: 1685616706.003826
  start: 1685616672.6922395
