event_sleeping_wait_all:
  end: 1685616018.5790935
  start: 1685615782.6690304
