event_sleeping_wait_all:
  end: 1685614653.5641265
  start: 1685614510.1343513
