event_sleeping:
  end: 1685613873.5595484
  start: 1685613780.975919
