event_sleeping_wait_all:
  end: 1685616408.5646176
  start: 1685616265.1187034
