event_sleeping_wait_all:
  end: 1685616213.468082
  start: 1685615995.2141984
