event_sleeping_wait_all:
  end: 1685615943.5328314
  start: 1685615875.211102
