event_sleeping_wait_all:
  end: 1685615358.5325675
  start: 1685615290.2853994
