event_sleeping_wait_all:
  end: 1685614171.0640407
  start: 1685613925.200206
