event_sleeping_wait_all:
  end: 1685614756.064733
  start: 1685614612.721313
