event_sleeping_wait_all:
  end: 1685615823.5253394
  start: 1685615410.2258677
