event_sleeping_wait_all:
  end: 1685615043.564039
  start: 1685614807.7393124
