event_sleeping_wait_all:
  end: 1685614561.042749
  start: 1685614417.6842299
