event_sleeping_wait_all:
  end: 1685614365.9812949
  start: 1685614222.7114904
