event_sleeping_wait_all:
  end: 1685615238.5647993
  start: 1685615095.2347767
