event_sleeping_wait_all:
  end: 1685615061.0639853
  start: 1685614825.1238682
