event_sleeping:
  end: 1685613780.970554
  start: 1685613780.9705188
