event_sleeping_wait_all:
  end: 1685615841.0644279
  start: 1685615587.6556225
