event_sleeping_wait_all:
  end: 1685614773.5154963
  start: 1685614722.638343
