event_sleeping_wait_all:
  end: 1685614086.064088
  start: 1685613832.5707262
