event_sleeping_wait_all:
  end: 1685616036.0632508
  start: 1685615892.6520166
