event_sleeping_wait_all:
  end: 1685615255.9800355
  start: 1685615112.6593027
