event_sleeping_wait_all:
  end: 1685616408.5642734
  start: 1685616087.6409483
