event_sleeping_wait_all:
  end: 1685615536.0440447
  start: 1685615307.5919616
