event_sleeping_wait_all:
  end: 1685614170.9959173
  start: 1685614137.6465585
