event_sleeping_wait_all:
  end: 1685614671.0360897
  start: 1685614222.5458937
