event_sleeping:
  end: 1685615396.020728
  start: 1685615253.1034603
