event_sleeping:
  end: 1685615005.9759743
  start: 1685614863.0503068
