event_sleeping:
  end: 1685615981.015587
  start: 1685615838.0285268
