event_sleeping:
  end: 1685615591.064041
  start: 1685615448.1288915
