event_sleeping:
  end: 1685616371.0235567
  start: 1685616228.1397963
