event_sleeping:
  end: 1685614031.0361679
  start: 1685613891.728301
