event_sleeping:
  end: 1685615201.0260036
  start: 1685615058.0510979
