event_sleeping_wait_all:
  end: 1685617931.0260863
  start: 1685617593.0602326
