event_sleeping:
  end: 1685615786.064031
  start: 1685615643.0383825
