event_sleeping:
  end: 1685614811.064297
  start: 1685614668.1127417
