event_sleeping:
  end: 1685614616.0643907
  start: 1685614473.1314752
