event_sleeping_wait_all:
  end: 1685617346.0262136
  start: 1685616618.113206
