event_sleeping:
  end: 1685614226.0643365
  start: 1685614083.0339687
