event_sleeping_wait_all:
  end: 1685618126.0601037
  start: 1685617983.0100272
