event_sleeping:
  end: 1685614421.0639546
  start: 1685614278.077357
