event_sleeping_wait_all:
  end: 1685616566.0640826
  start: 1685616423.0539832
