event_sleeping:
  end: 1685616176.0560532
  start: 1685616033.0908132
