event_sleeping_wait_all:
  end: 1685617541.064432
  start: 1685617398.0332415
