event_sleeping:
  end: 1685613836.0207298
  start: 1685613780.9745226
