event_sleeping:
  end: 1686201514.0789669
  start: 1686201374.80683
