event_sleeping:
  end: 1686201886.5685043
  start: 1686201760.1555538
