event_sleeping:
  end: 1686201709.0323133
  start: 1686201565.1745064
