event_sleeping:
  end: 1686202369.0883174
  start: 1686202225.0872037
