event_sleeping:
  end: 1686201319.0875635
  start: 1686200716.4984422
