event_sleeping:
  end: 1686202173.9924865
  start: 1686201937.6485653
