event_sleeping:
  end: 1686202191.4960194
  start: 1686201547.6766841
