event_sleeping:
  end: 1686200929.085248
  start: 1686200716.4971588
