event_sleeping:
  end: 1686201216.5506434
  start: 1686200989.329014
