event_sleeping:
  end: 1686202564.0876505
  start: 1686202242.589464
