event_sleeping:
  end: 1686201496.5796828
  start: 1686201370.1424139
