event_sleeping:
  end: 1686201319.0394673
  start: 1686201267.6590369
