event_sleeping:
  end: 1686201394.088026
  start: 1686201072.6577525
