event_sleeping:
  end: 1686200826.5906808
  start: 1686200716.4950852
