event_sleeping:
  end: 1686201588.9995222
  start: 1686201445.2025497
