event_sleeping:
  end: 1686202564.0874822
  start: 1686202345.1426713
