event_sleeping:
  end: 1686202191.5874355
  start: 1686201760.16233
