event_sleeping:
  end: 1686202294.0244918
  start: 1686202242.6873045
