event_sleeping:
  end: 1686201709.0317109
  start: 1686201640.1087716
