event_sleeping:
  end: 1686201021.587595
  start: 1686200877.695567
