event_sleeping:
  end: 1686201979.0882394
  start: 1686201657.6491592
