event_sleeping:
  end: 1686201106.4954906
  start: 1686201072.5558867
