event_sleeping:
  end: 1686201021.5315988
  start: 1686200860.180399
