event_sleeping:
  end: 1686201606.5879095
  start: 1686201157.6103153
