event_sleeping:
  end: 1686202173.9916654
  start: 1686202030.2084346
