event_sleeping:
  end: 1686202759.0875335
  start: 1686202345.1446352
