event_sleeping:
  end: 1686202294.0237331
  start: 1686202225.0861263
