event_sleeping:
  end: 1686200809.08214
  start: 1686200716.4977136
