event_sleeping:
  end: 1686200716.4977524
  start: 1686200716.497564
