event_sleeping:
  end: 1686201886.6009073
  start: 1686201760.034857
