event_sleeping:
  end: 1686201496.5909657
  start: 1686200767.461754
