event_sleeping:
  end: 1686202191.4956725
  start: 1686201937.5988266
