event_sleeping:
  end: 1686202276.5194924
  start: 1686202242.4784634
