event_sleeping:
  end: 1686201709.0320072
  start: 1686201547.6277144
