event_sleeping:
  end: 1686202666.5881412
  start: 1686202327.5157793
