event_sleeping:
  end: 1686201551.5080369
  start: 1686201407.6867023
