event_sleeping:
  end: 1686201941.511641
  start: 1686201797.6037264
