event_sleeping:
  end: 1686202331.5374875
  start: 1686202187.6467443
