event_sleeping:
  end: 1686201356.527831
  start: 1686201017.695802
