event_sleeping:
  end: 1686200771.5437298
  start: 1686200716.490634
