event_sleeping:
  end: 1686202136.5078363
  start: 1686201992.6132672
