event_sleeping:
  end: 1686200966.5889482
  start: 1686200822.3824575
