event_sleeping:
  end: 1686201746.5178087
  start: 1686201602.5987906
