event_sleeping_wait_all:
  end: 1685702236.3479764
  start: 1685702185.8402975
