event_sleeping:
  end: 1685701846.3504627
  start: 1685701651.35262
