event_sleeping_wait_all:
  end: 1685702431.3884978
  start: 1685702288.2487514
