event_sleeping_wait_all:
  end: 1685702133.9040709
  start: 1685701898.3275177
