event_sleeping_wait_all:
  end: 1685702821.4386654
  start: 1685702575.5861554
