event_sleeping_wait_all:
  end: 1685702523.9439175
  start: 1685702288.091985
