event_sleeping_wait_all:
  end: 1685702236.4430554
  start: 1685701898.0886161
