event_sleeping_wait_all:
  end: 1685701846.4450097
  start: 1685701703.0246212
