event_sleeping:
  end: 1685701651.3537211
  start: 1685701651.3536246
