event_sleeping_wait_all:
  end: 1685702311.44464
  start: 1685702075.5699463
