event_sleeping_wait_all:
  end: 1685702023.8952959
  start: 1685701973.064959
