event_sleeping_wait_all:
  end: 1685701921.372069
  start: 1685701778.0312257
