event_sleeping:
  end: 1685701726.4207501
  start: 1685701651.3544211
