event_sleeping_wait_all:
  end: 1685701938.8535287
  start: 1685701778.0791457
