event_sleeping:
  end: 1685701726.3799834
  start: 1685701651.354169
