event_sleeping_wait_all:
  end: 1685702311.4442756
  start: 1685701990.5296845
