event_sleeping_wait_all:
  end: 1685702431.3481236
  start: 1685701898.0127392
