event_sleeping:
  end: 1685701726.3480625
  start: 1685701651.3539567
