event_sleeping_wait_all:
  end: 1685701846.4127123
  start: 1685701777.938611
