event_sleeping:
  end: 1685701688.8821373
  start: 1685701651.3513181
