event_sleeping_wait_all:
  end: 1685702858.9081333
  start: 1685702715.86364
