event_sleeping:
  end: 1685702273.8719568
  start: 1685701935.9103372
