event_sleeping_wait_all:
  end: 1685702468.8921719
  start: 1685702325.8742304
