event_sleeping_wait_all:
  end: 1685702663.8500736
  start: 1685702520.8948298
