event_sleeping:
  end: 1685701883.8521473
  start: 1685701756.2730362
