event_sleeping_wait_all:
  end: 1683093298.8315332
  start: 1683093265.686015
