event_sleeping:
  end: 1683091068.9114132
  start: 1683090815.5604732
