event_sleeping_wait_all:
  end: 1683092823.9118187
  start: 1683092570.8131082
