event_sleeping_wait_all:
  end: 1683092433.90739
  start: 1683092095.5388784
