event_sleeping:
  end: 1683091348.9115741
  start: 1683091205.456217
