event_sleeping_wait_all:
  end: 1683092043.9275756
  start: 1683091688.0209408
