event_sleeping_wait_all:
  end: 1683091068.8671613
  start: 1683090907.967069
