event_sleeping_wait_all:
  end: 1683091738.8434207
  start: 1683091705.614401
