event_sleeping:
  end: 1683090856.3434935
  start: 1683090568.823466
