event_sleeping_wait_all:
  end: 1683092128.8155754
  start: 1683091985.4939237
