event_sleeping_wait_all:
  end: 1683093121.391658
  start: 1683092783.0712178
