event_sleeping_wait_all:
  end: 1683091246.4074407
  start: 1683091120.6018145
