event_sleeping_wait_all:
  end: 1683091348.8624132
  start: 1683091298.054109
