event_sleeping_wait_all:
  end: 1683091153.8620162
  start: 1683091103.3855453
