event_sleeping_wait_all:
  end: 1683093103.91158
  start: 1683092858.3917437
