event_sleeping_wait_all:
  end: 1683093298.9114735
  start: 1683093155.89715
