event_sleeping_wait_all:
  end: 1683092806.4115262
  start: 1683092198.3353465
