event_sleeping:
  end: 1683090873.912221
  start: 1683090568.823999
