event_sleeping_wait_all:
  end: 1683094078.9118161
  start: 1683093833.3527062
