event_sleeping_wait_all:
  end: 1683091933.8396227
  start: 1683091790.7731457
