event_sleeping:
  end: 1683091458.9077775
  start: 1683091315.4324918
