event_sleeping_wait_all:
  end: 1683092713.8715682
  start: 1683092570.4686086
