event_sleeping:
  end: 1683091263.8320053
  start: 1683090925.5180688
