event_sleeping_wait_all:
  end: 1683093493.8448048
  start: 1683093460.4892743
