event_sleeping:
  end: 1683090678.8636682
  start: 1683090568.821724
