event_sleeping_wait_all:
  end: 1683094291.3135395
  start: 1683094240.5739377
