event_sleeping_wait_all:
  end: 1683094188.9115696
  start: 1683093952.962656
