event_sleeping_wait_all:
  end: 1683093196.3355994
  start: 1683093070.5527616
