event_sleeping_wait_all:
  end: 1683092518.8433306
  start: 1683092485.5452754
