event_sleeping_wait_all:
  end: 1683092433.8671408
  start: 1683092290.4986258
