event_sleeping_wait_all:
  end: 1683092238.9120512
  start: 1683092095.5285916
