event_sleeping_wait_all:
  end: 1683091848.8669562
  start: 1683091688.1023262
