event_sleeping_wait_all:
  end: 1683091636.3648906
  start: 1683091510.6983202
