event_sleeping_wait_all:
  end: 1683092433.9143467
  start: 1683092078.0614808
