event_sleeping:
  end: 1683090856.3426814
  start: 1683090620.524345
