event_sleeping_wait_all:
  end: 1683093213.9040728
  start: 1683092570.6658652
