event_sleeping_wait_all:
  end: 1683094468.8670905
  start: 1683094130.5290887
