event_sleeping_wait_all:
  end: 1683092026.4113996
  start: 1683091900.4942358
