event_sleeping_wait_all:
  end: 1683093883.8595452
  start: 1683093833.181244
