event_sleeping:
  end: 1683090568.8242655
  start: 1683090568.8241723
