event_sleeping_wait_all:
  end: 1683094523.867096
  start: 1683094380.5069406
