event_sleeping:
  end: 1683093548.9114652
  start: 1683093405.4851665
