event_sleeping:
  end: 1683092768.9115386
  start: 1683092235.5378685
