event_sleeping:
  end: 1683093938.8670795
  start: 1683093795.4806561
