event_sleeping:
  end: 1683091988.912304
  start: 1683091650.3884606
