event_sleeping:
  end: 1683092183.9115338
  start: 1683092040.5674708
