event_sleeping_wait_all:
  end: 1683094328.908271
  start: 1683094185.5514631
