event_sleeping:
  end: 1683093743.9116123
  start: 1683093600.5668144
