event_sleeping:
  end: 1683091598.8395975
  start: 1683091455.479892
