event_sleeping:
  end: 1683091208.9115307
  start: 1683091065.517328
