event_sleeping:
  end: 1683439759.616107
  start: 1683439618.3483353
