event_sleeping:
  end: 1683444532.0562983
  start: 1683444195.7963371
