event_sleeping:
  end: 1683441692.0479612
  start: 1683441550.8968933
