event_sleeping:
  end: 1683442862.0794983
  start: 1683442423.328847
