event_sleeping:
  end: 1683441199.6448207
  start: 1683441058.3728848
