event_sleeping:
  end: 1683441887.1371374
  start: 1683441745.8283732
