event_sleeping:
  end: 1683439564.5916219
  start: 1683439498.3027601
