event_sleeping:
  end: 1683440224.6354349
  start: 1683439990.842574
