event_sleeping:
  end: 1683440632.1354022
  start: 1683440473.3395216
