event_sleeping:
  end: 1683441319.6076894
  start: 1683441253.4870157
