event_sleeping:
  end: 1683443167.1368556
  start: 1683442915.818392
