event_sleeping:
  end: 1683444922.0565207
  start: 1683444670.7613297
