event_sleeping:
  end: 1683443447.1353579
  start: 1683443305.8005083
