event_sleeping:
  end: 1683439937.139343
  start: 1683439813.3649664
