event_sleeping:
  end: 1683441497.1355317
  start: 1683441373.291677
