event_sleeping:
  end: 1683439444.5515153
  start: 1683438767.0592465
