event_sleeping:
  end: 1683443252.0474315
  start: 1683443220.9071813
