event_sleeping:
  end: 1683444142.0836363
  start: 1683443788.2898817
