event_sleeping:
  end: 1683442369.5999281
  start: 1683441940.8942285
