event_sleeping:
  end: 1683444617.0864317
  start: 1683444585.795484
