event_sleeping:
  end: 1683441004.6354215
  start: 1683440685.870639
