event_sleeping:
  end: 1683440419.6358876
  start: 1683440278.4142184
