event_sleeping:
  end: 1683444829.6395054
  start: 1683444670.8491154
