event_sleeping:
  end: 1683441997.1355336
  start: 1683441745.82879
