event_sleeping:
  end: 1683443167.1449695
  start: 1683443008.3799872
