event_sleeping:
  end: 1683441692.047741
  start: 1683441660.867348
