event_sleeping:
  end: 1683441107.118419
  start: 1683440965.9540484
