event_sleeping:
  end: 1683440912.0878894
  start: 1683440863.412135
