event_sleeping:
  end: 1683443344.6317387
  start: 1683443220.8694282
