event_sleeping:
  end: 1683442564.6394675
  start: 1683442330.7559624
