event_sleeping:
  end: 1683440809.6355171
  start: 1683440593.3769462
