event_sleeping:
  end: 1683443752.150532
  start: 1683443500.8473027
