event_sleeping:
  end: 1683439267.0555475
  start: 1683439033.366652
