event_sleeping:
  end: 1683443837.0674837
  start: 1683443805.9069972
