event_sleeping:
  end: 1683442954.636098
  start: 1683442618.3864043
