event_sleeping:
  end: 1683442277.0395105
  start: 1683442245.9519076
