event_sleeping:
  end: 1683440539.6355097
  start: 1683440295.9124324
