event_sleeping:
  end: 1683440242.1357248
  start: 1683439600.7918737
