event_sleeping:
  end: 1683444617.1397884
  start: 1683444475.8281572
