event_sleeping:
  end: 1683444227.1355464
  start: 1683444085.8862803
