event_sleeping:
  end: 1683444032.1115649
  start: 1683443890.8442957
