event_sleeping:
  end: 1683441607.1393206
  start: 1683441355.8527884
