event_sleeping:
  end: 1683441302.1162305
  start: 1683441160.9015405
