event_sleeping:
  end: 1683438979.6395159
  start: 1683438767.0569048
