event_sleeping:
  end: 1683442192.127511
  start: 1683442050.841032
