event_sleeping:
  end: 1683439444.5521233
  start: 1683439320.8694756
