event_sleeping:
  end: 1683445219.5434418
  start: 1683444883.4026566
