event_sleeping:
  end: 1683439547.0881631
  start: 1683439498.30075
