event_sleeping:
  end: 1683443447.0881698
  start: 1683443398.4132862
