event_sleeping:
  end: 1683444422.0560694
  start: 1683444280.890856
