event_sleeping:
  end: 1683444904.6353533
  start: 1683444298.6307797
