event_sleeping:
  end: 1683439072.1393685
  start: 1683438931.1964107
