event_sleeping:
  end: 1683441802.1277199
  start: 1683441551.1862044
