event_sleeping:
  end: 1683444032.1440322
  start: 1683443891.1446822
