event_sleeping:
  end: 1683443252.0874074
  start: 1683443203.7033572
