event_sleeping:
  end: 1683441319.5476308
  start: 1683441271.32131
