event_sleeping:
  end: 1683438877.139514
  start: 1683438767.0513763
