event_sleeping:
  end: 1683440419.6355953
  start: 1683440296.218008
