event_sleeping:
  end: 1683439639.6395857
  start: 1683439498.6514063
