event_sleeping:
  end: 1683442972.1355286
  start: 1683442246.2015111
