event_sleeping:
  end: 1683441497.1351879
  start: 1683441373.5865397
