event_sleeping:
  end: 1683441997.1369543
  start: 1683441856.1558106
