event_sleeping:
  end: 1683440929.554709
  start: 1683440771.1858187
