event_sleeping:
  end: 1683439444.635362
  start: 1683439126.174552
