event_sleeping:
  end: 1683440539.5443215
  start: 1683440473.7362885
