event_sleeping:
  end: 1683439834.6434174
  start: 1683439693.7209446
