event_sleeping:
  end: 1683440242.0791192
  start: 1683439888.6309397
