event_sleeping:
  end: 1683442192.127778
  start: 1683442051.1873956
