event_sleeping:
  end: 1683441217.123684
  start: 1683440983.6012802
