event_sleeping:
  end: 1683444244.5561655
  start: 1683444086.175929
