event_sleeping:
  end: 1683443752.121603
  start: 1683443306.075885
