event_sleeping:
  end: 1683443149.6366966
  start: 1683443026.189232
