event_sleeping:
  end: 1683440717.1354263
  start: 1683440593.6234183
