event_sleeping:
  end: 1683443837.07013
  start: 1683443806.1731942
