event_sleeping:
  end: 1683440224.6358242
  start: 1683440008.3217719
