event_sleeping:
  end: 1683440734.6256073
  start: 1683440398.3530579
