event_sleeping:
  end: 1683441199.6355402
  start: 1683441058.3261826
