event_sleeping:
  end: 1683444532.0565867
  start: 1683444390.860049
