event_sleeping:
  end: 1683439954.5515826
  start: 1683439710.828194
