event_sleeping:
  end: 1683442972.135757
  start: 1683442830.815966
