event_sleeping:
  end: 1683439157.0702121
  start: 1683439125.8663433
