event_sleeping:
  end: 1683443362.1355014
  start: 1683443025.8858104
