event_sleeping:
  end: 1683438859.5996413
  start: 1683438767.0479646
