event_sleeping:
  end: 1683444812.0794997
  start: 1683444670.8101497
