event_sleeping:
  end: 1683442777.0972824
  start: 1683442525.8611572
