event_sleeping:
  end: 1683445117.0394022
  start: 1683444865.8507726
