event_sleeping:
  end: 1683441497.134816
  start: 1683441373.263384
