event_sleeping:
  end: 1683444337.135541
  start: 1683444195.8313036
