event_sleeping:
  end: 1683439072.0799959
  start: 1683438913.3619568
