event_sleeping:
  end: 1683444142.0833879
  start: 1683443788.3412447
