event_sleeping:
  end: 1683444617.0554676
  start: 1683444585.758226
