event_sleeping:
  end: 1683442277.1355374
  start: 1683442135.8409638
