event_sleeping:
  end: 1683442082.1275709
  start: 1683441550.8339765
