event_sleeping:
  end: 1683442472.1354535
  start: 1683442330.9781916
