event_sleeping:
  end: 1683440344.5825517
  start: 1683440278.3672404
