event_sleeping:
  end: 1683441004.6356337
  start: 1683440788.364493
