event_sleeping:
  end: 1683443734.56418
  start: 1683443610.902853
