event_sleeping:
  end: 1683441319.5482507
  start: 1683441253.416893
