event_sleeping:
  end: 1683443557.1358771
  start: 1683443415.8575068
