event_sleeping:
  end: 1683439657.1355543
  start: 1683439210.8114488
