event_sleeping:
  end: 1683440242.1353278
  start: 1683439990.7635958
