event_sleeping:
  end: 1683444532.1353967
  start: 1683444178.423966
