event_sleeping:
  end: 1683439937.03955
  start: 1683439888.3372748
