event_sleeping:
  end: 1683443167.106838
  start: 1683443008.3801587
