event_sleeping:
  end: 1683441319.639711
  start: 1683441075.8962023
