event_sleeping:
  end: 1683444617.087311
  start: 1683444585.8449519
