event_sleeping:
  end: 1683443344.6314428
  start: 1683443220.8528535
