event_sleeping:
  end: 1683441997.1408281
  start: 1683441745.8280401
