event_sleeping:
  end: 1683441022.135426
  start: 1683440770.8015025
