event_sleeping:
  end: 1683438767.0495095
  start: 1683438767.0494287
