event_sleeping:
  end: 1683440717.0474956
  start: 1683440380.8749483
