event_sleeping:
  end: 1683443734.5632358
  start: 1683443610.996765
