event_sleeping:
  end: 1683442192.135446
  start: 1683442050.9074593
