event_sleeping:
  end: 1683442954.5995793
  start: 1683442720.965864
