event_sleeping:
  end: 1683440327.0703015
  start: 1683440295.9628034
