event_sleeping:
  end: 1683443947.13947
  start: 1683443788.336111
