event_sleeping:
  end: 1683442489.5587215
  start: 1683442440.8107696
