event_sleeping:
  end: 1683441692.0475597
  start: 1683441373.3343503
