event_sleeping:
  end: 1683439547.1362066
  start: 1683438820.86091
