event_sleeping:
  end: 1683442387.0555658
  start: 1683442245.9092178
