event_sleeping:
  end: 1683444124.6395874
  start: 1683444000.9158719
