event_sleeping:
  end: 1683445312.1354575
  start: 1683444670.8116488
