event_sleeping:
  end: 1683443557.1355555
  start: 1683443398.3630724
