event_sleeping:
  end: 1683442667.0555875
  start: 1683442543.405713
