event_sleeping:
  end: 1683439834.6115944
  start: 1683439600.8856764
