event_sleeping:
  end: 1683439797.0636857
  start: 1683439655.7740548
