event_sleeping:
  end: 1683443307.131036
  start: 1683443165.7363663
