event_sleeping:
  end: 1683442917.1221426
  start: 1683442580.8166757
