event_sleeping:
  end: 1683439407.088677
  start: 1683439070.7846591
