event_sleeping:
  end: 1683440382.1354978
  start: 1683440240.80356
