event_sleeping:
  end: 1683444087.1393359
  start: 1683443750.7164235
