event_sleeping:
  end: 1683440967.0927439
  start: 1683440825.7911978
