event_sleeping:
  end: 1683440772.1354778
  start: 1683440630.9149187
