event_sleeping:
  end: 1683439017.0734904
  start: 1683438875.8414302
