event_sleeping:
  end: 1683439992.1117716
  start: 1683439850.7576728
