event_sleeping:
  end: 1683443502.1394804
  start: 1683443360.783676
