event_sleeping:
  end: 1683443112.0795646
  start: 1683442970.834178
