event_sleeping:
  end: 1683440187.1235943
  start: 1683440045.764922
