event_sleeping:
  end: 1683441747.1394186
  start: 1683441427.7339106
