event_sleeping:
  end: 1683441357.1357684
  start: 1683441215.7361333
