event_sleeping:
  end: 1683440577.1355796
  start: 1683440435.7743318
