event_sleeping:
  end: 1683442527.1395354
  start: 1683442385.8102732
