event_sleeping:
  end: 1683444282.135505
  start: 1683444140.8263369
