event_sleeping:
  end: 1683439602.0985866
  start: 1683439460.7651937
