event_sleeping:
  end: 1683438822.0968094
  start: 1683438767.051937
