event_sleeping:
  end: 1683444867.1036365
  start: 1683444335.827172
