event_sleeping:
  end: 1683443697.0395272
  start: 1683443555.8352838
