event_sleeping:
  end: 1683441162.0739923
  start: 1683441020.761267
