event_sleeping:
  end: 1683442332.1074345
  start: 1683441800.8073206
