event_sleeping:
  end: 1685759354.6677349
  start: 1685759159.6018255
