event_sleeping:
  end: 1685759159.600442
  start: 1685759159.6003506
