event_sleeping:
  end: 1685759234.6302414
  start: 1685759159.600073
