event_sleeping:
  end: 1685759234.6639307
  start: 1685759159.6015747
