event_sleeping:
  end: 1685759234.596193
  start: 1685759159.5968287
