event_sleeping:
  end: 1685759197.130064
  start: 1685759159.5984802
