event_sleeping:
  end: 1685759392.0964417
  start: 1685759253.4153216
