event_sleeping:
  end: 1686164831.2188787
  start: 1686164687.3128762
