event_sleeping:
  end: 1686163781.2316206
  start: 1686163619.7754893
