event_sleeping:
  end: 1686164171.231456
  start: 1686164027.3127773
