event_sleeping:
  end: 1686163976.23326
  start: 1686163832.2678223
