event_sleeping:
  end: 1686164636.2315564
  start: 1686164222.280851
