event_sleeping:
  end: 1686163568.7314422
  start: 1686163178.6517446
