event_sleeping:
  end: 1686163391.1588774
  start: 1686163229.6966054
