event_sleeping:
  end: 1686163178.6438582
  start: 1686163178.643766
