event_sleeping:
  end: 1686163678.7334652
  start: 1686163442.2674465
