event_sleeping:
  end: 1686164458.7333694
  start: 1686164204.7817976
