event_sleeping:
  end: 1686163781.1851447
  start: 1686163729.8232958
