event_sleeping:
  end: 1686164543.6616676
  start: 1686164509.8229904
