event_sleeping:
  end: 1686164848.6637046
  start: 1686164594.7729368
