event_sleeping:
  end: 1686164153.7314143
  start: 1686163832.2711158
