event_sleeping:
  end: 1686163856.1595845
  start: 1686163229.7182481
