event_sleeping:
  end: 1686164756.2348268
  start: 1686164594.8046105
