event_sleeping:
  end: 1686164543.7315645
  start: 1686164222.1625307
