event_sleeping:
  end: 1686164171.1445458
  start: 1686164102.2696738
