event_sleeping:
  end: 1686163178.6449757
  start: 1686163178.6447406
