event_sleeping:
  end: 1686165026.231633
  start: 1686164807.3612463
