event_sleeping:
  end: 1686164051.1746194
  start: 1686163907.2514908
