event_sleeping:
  end: 1686163763.7008092
  start: 1686163619.8130891
