event_sleeping:
  end: 1686164153.6835256
  start: 1686164009.7316453
