event_sleeping:
  end: 1686164441.2316737
  start: 1686164204.7776623
