event_sleeping:
  end: 1686163271.1784549
  start: 1686163178.6454341
