event_sleeping:
  end: 1686164636.1617298
  start: 1686164492.3127916
