event_sleeping:
  end: 1686164756.2024071
  start: 1686164687.2376804
