event_sleeping:
  end: 1686163568.7317793
  start: 1686163322.2361233
