event_sleeping:
  end: 1686163958.634793
  start: 1686163814.764361
