event_sleeping:
  end: 1686165221.2236342
  start: 1686164807.2749012
