event_sleeping:
  end: 1686164068.6906793
  start: 1686163619.6719177
