event_sleeping:
  end: 1686163178.6458473
  start: 1686163178.6457224
