event_sleeping:
  end: 1686164933.7093022
  start: 1686164704.6735072
