event_sleeping:
  end: 1686164171.1839247
  start: 1686164119.665691
