event_sleeping:
  end: 1686164653.703668
  start: 1686164509.6543312
