event_sleeping:
  end: 1686163568.6674676
  start: 1686163534.7029002
