event_sleeping:
  end: 1686164458.652236
  start: 1686164222.160301
