event_sleeping:
  end: 1686163483.705574
  start: 1686163229.6928728
