event_sleeping:
  end: 1686163428.7335618
  start: 1686163284.5388064
