event_sleeping:
  end: 1686164208.6476803
  start: 1686164064.7841556
