event_sleeping:
  end: 1686163233.6941063
  start: 1686163178.6421363
