event_sleeping:
  end: 1686163623.723627
  start: 1686163479.828958
