event_sleeping:
  end: 1686164403.7314103
  start: 1686164259.7634258
