event_sleeping:
  end: 1686164598.7275393
  start: 1686164454.8309357
