event_sleeping:
  end: 1686164013.6810334
  start: 1686163869.745777
