event_sleeping:
  end: 1686163818.6369433
  start: 1686163674.7935393
