event_sleeping:
  end: 1686164793.7207732
  start: 1686164649.803223
