event_sleeping:
  end: 1682989208.4155369
  start: 1682988994.8209517
