event_sleeping:
  end: 1682989013.3338223
  start: 1682988994.8222032
