event_sleeping:
  end: 1682989088.4110596
  start: 1682988994.8220568
