event_sleeping:
  end: 1682989088.4003432
  start: 1682988994.8218977
