event_sleeping:
  end: 1682989088.3997293
  start: 1682988994.8214502
