event_sleeping:
  end: 1682989245.9115312
  start: 1682989107.1469898
