event_sleeping:
  end: 1682989050.8710856
  start: 1682988994.8206787
