event_sleeping:
  end: 1682975514.6395006
  start: 1682975318.5482538
