event_sleeping:
  end: 1682975319.5410995
  start: 1682975318.5490582
