event_sleeping:
  end: 1682975429.6195774
  start: 1682975318.5491822
