event_sleeping:
  end: 1682975429.653814
  start: 1682975318.548699
