event_sleeping:
  end: 1682975429.6200197
  start: 1682975318.5488756
