event_sleeping:
  end: 1682975374.595562
  start: 1682975318.547304
