event_sleeping:
  end: 1682975569.6393974
  start: 1682975426.2223537
