event_sleeping_wait_all:
  end: 1684880446.300089
  start: 1684880210.7616527
