event_sleeping_wait_all:
  end: 1684880038.8643785
  start: 1684879913.2031436
