event_sleeping_wait_all:
  end: 1684879861.2979183
  start: 1684879328.2918537
