event_sleeping_wait_all:
  end: 1684885601.3480988
  start: 1684885458.303895
