event_sleeping_wait_all:
  end: 1684888246.3598657
  start: 1684887993.3390775
