event_sleeping_wait_all:
  end: 1684878581.2970254
  start: 1684878455.7335076
