event_sleeping_wait_all:
  end: 1684885406.3618066
  start: 1684885178.247289
