event_sleeping_wait_all:
  end: 1684879276.3481348
  start: 1684879133.2090778
