event_sleeping_wait_all:
  end: 1684886381.292184
  start: 1684886348.2938871
