event_sleeping_wait_all:
  end: 1684883651.2951334
  start: 1684883423.2700071
