event_sleeping_wait_all:
  end: 1684881311.3649244
  start: 1684881185.7985783
