event_sleeping_wait_all:
  end: 1684887076.3618863
  start: 1684886933.2501452
