event_sleeping_wait_all:
  end: 1684887941.3600779
  start: 1684887518.2470946
