event_sleeping_wait_all:
  end: 1684887466.300091
  start: 1684887213.2380323
