event_sleeping_wait_all:
  end: 1684886686.3614502
  start: 1684886433.24658
