event_sleeping:
  end: 1684877801.33073
  start: 1684877606.271723
