event_sleeping_wait_all:
  end: 1684881506.3613162
  start: 1684881363.301007
