event_sleeping_wait_all:
  end: 1684883956.356015
  start: 1684883703.2328997
