event_sleeping_wait_all:
  end: 1684883066.351152
  start: 1684882923.2289755
