event_sleeping_wait_all:
  end: 1684878106.3598967
  start: 1684877853.227248
