event_sleeping_wait_all:
  end: 1684886881.3521013
  start: 1684886738.3185375
