event_sleeping_wait_all:
  end: 1684882591.359881
  start: 1684882253.2248652
