event_sleeping_wait_all:
  end: 1684886296.36004
  start: 1684885958.1878417
