event_sleeping_wait_all:
  end: 1684878403.7765105
  start: 1684878260.7565804
