event_sleeping_wait_all:
  end: 1684882871.2759826
  start: 1684882838.2762115
