event_sleeping_wait_all:
  end: 1684878208.812187
  start: 1684878158.2841454
