event_sleeping_wait_all:
  end: 1684888423.8485076
  start: 1684888298.3016098
