event_sleeping_wait_all:
  end: 1684881133.86154
  start: 1684880498.2042406
