event_sleeping_wait_all:
  end: 1684885906.2920678
  start: 1684885653.3181338
