event_sleeping_wait_all:
  end: 1684885126.3160512
  start: 1684884983.1833763
