event_sleeping_wait_all:
  end: 1684887161.2946234
  start: 1684887128.3066013
