event_sleeping_wait_all:
  end: 1684882201.2914052
  start: 1684882058.1574836
