event_sleeping_wait_all:
  end: 1684882006.2960413
  start: 1684881863.1977503
