event_sleeping_wait_all:
  end: 1684879081.316319
  start: 1684878633.263245
