event_sleeping_wait_all:
  end: 1684883371.3602264
  start: 1684883118.2856696
