event_sleeping_wait_all:
  end: 1684884041.2918515
  start: 1684884008.2801242
