event_sleeping_wait_all:
  end: 1684882786.3614082
  start: 1684882643.3019707
