event_sleeping_wait_all:
  end: 1684884931.2968502
  start: 1684884593.2176402
