event_sleeping_wait_all:
  end: 1684884541.2977998
  start: 1684884093.2367036
