event_sleeping_wait_all:
  end: 1684881896.2919717
  start: 1684881862.985118
