event_sleeping_wait_all:
  end: 1684880336.359986
  start: 1684879998.004949
