event_sleeping_wait_all:
  end: 1684881311.294983
  start: 1684881277.9773405
