event_sleeping_wait_all:
  end: 1684879166.3600914
  start: 1684878828.0099552
