event_sleeping_wait_all:
  end: 1684881031.3620436
  start: 1684880887.9349468
