event_sleeping_wait_all:
  end: 1684880531.2969282
  start: 1684880387.9978704
