event_sleeping_wait_all:
  end: 1684882591.3601983
  start: 1684882252.993176
