event_sleeping_wait_all:
  end: 1684883743.7722292
  start: 1684883422.9769506
