event_sleeping_wait_all:
  end: 1684878496.3614724
  start: 1684878243.0451128
