event_sleeping_wait_all:
  end: 1684881506.3618407
  start: 1684881362.9416268
