event_sleeping_wait_all:
  end: 1684882786.361695
  start: 1684882643.021294
