event_sleeping_wait_all:
  end: 1684879946.3381367
  start: 1684879607.9295368
