event_sleeping_wait_all:
  end: 1684879556.2680583
  start: 1684879505.4836762
