event_sleeping_wait_all:
  end: 1684878191.3616095
  start: 1684877852.9953494
