event_sleeping_wait_all:
  end: 1684882201.359948
  start: 1684881947.9600155
