event_sleeping_wait_all:
  end: 1684879453.8618088
  start: 1684879217.969568
