event_sleeping_wait_all:
  end: 1684880836.267931
  start: 1684880582.94205
