event_sleeping_wait_all:
  end: 1684881811.3326957
  start: 1684881558.0594094
