event_sleeping_wait_all:
  end: 1684877801.3617504
  start: 1684877657.9285135
