event_sleeping_wait_all:
  end: 1684878776.3481894
  start: 1684878548.0293534
