event_sleeping_wait_all:
  end: 1684883066.350696
  start: 1684882838.002469
