event_sleeping_wait_all:
  end: 1684881226.3600497
  start: 1684881083.0371993
