event_sleeping:
  end: 1684877606.2685468
  start: 1684877606.2685115
