event_sleeping_wait_all:
  end: 1684883371.3598964
  start: 1684883117.9891512
