event_sleeping_wait_all:
  end: 1684879183.8041923
  start: 1684879132.9780898
