event_sleeping_wait_all:
  end: 1684882481.3335514
  start: 1684882337.9204087
