event_sleeping_wait_all:
  end: 1684880836.3616138
  start: 1684880388.0000863
