event_sleeping_wait_all:
  end: 1684878581.2982948
  start: 1684878530.5337617
