event_sleeping_wait_all:
  end: 1684880141.3320951
  start: 1684879895.5306513
