event_sleeping_wait_all:
  end: 1684879453.8624723
  start: 1684879235.4805279
