event_sleeping_wait_all:
  end: 1684877996.2679799
  start: 1684877963.0260055
