event_sleeping_wait_all:
  end: 1684877911.3559422
  start: 1684877767.9668045
