event_sleeping_wait_all:
  end: 1684883371.2979114
  start: 1684883135.5292542
