event_sleeping_wait_all:
  end: 1684883083.8126442
  start: 1684883032.9782631
