event_sleeping_wait_all:
  end: 1684879666.3599696
  start: 1684879505.495364
