event_sleeping_wait_all:
  end: 1684882006.3599095
  start: 1684880972.912201
