event_sleeping_wait_all:
  end: 1684882981.3598835
  start: 1684882727.9939115
