event_sleeping_wait_all:
  end: 1684880921.2948654
  start: 1684880887.9689054
