event_sleeping_wait_all:
  end: 1684879081.3617008
  start: 1684878632.9647238
