event_sleeping_wait_all:
  end: 1684882091.2947223
  start: 1684882058.0144436
