event_sleeping_wait_all:
  end: 1684882676.348151
  start: 1684882532.9710522
