event_sleeping_wait_all:
  end: 1684883743.7729092
  start: 1684883507.9290373
