event_sleeping_wait_all:
  end: 1684878301.3600442
  start: 1684878047.940269
