event_sleeping_wait_all:
  end: 1684878478.8573883
  start: 1684878352.9762917
