event_sleeping_wait_all:
  end: 1684879843.8618634
  start: 1684879717.996993
