event_sleeping:
  end: 1684877716.3643239
  start: 1684877606.2710633
