event_sleeping_wait_all:
  end: 1684882286.2680855
  start: 1684882142.9594398
