event_sleeping_wait_all:
  end: 1684883456.2919378
  start: 1684883422.9652402
