event_sleeping_wait_all:
  end: 1684880336.347987
  start: 1684880192.9624593
