event_sleeping_wait_all:
  end: 1684880726.2764688
  start: 1684880692.9755332
