event_sleeping_wait_all:
  end: 1684880038.8442552
  start: 1684879802.993473
