event_sleeping_wait_all:
  end: 1684881031.3617175
  start: 1684880777.9670918
