event_sleeping_wait_all:
  end: 1684879361.361503
  start: 1684879217.9100683
