event_sleeping_wait_all:
  end: 1684880233.7881691
  start: 1684880090.5414438
