event_sleeping_wait_all:
  end: 1684879648.764208
  start: 1684879413.0462115
