event_sleeping_wait_all:
  end: 1684883566.3616529
  start: 1684883313.0110753
