event_sleeping_wait_all:
  end: 1684882591.2968817
  start: 1684882447.9911618
