event_sleeping_wait_all:
  end: 1684879081.3159735
  start: 1684878920.4607785
