event_sleeping_wait_all:
  end: 1684879166.298879
  start: 1684879132.9752498
