event_sleeping_wait_all:
  end: 1684883761.308188
  start: 1684883618.013011
