event_sleeping_wait_all:
  end: 1684880641.3320098
  start: 1684880285.4190671
