event_sleeping_wait_all:
  end: 1684879751.295365
  start: 1684879700.45261
