event_sleeping_wait_all:
  end: 1684884058.8614674
  start: 1684883812.9932673
