event_sleeping_wait_all:
  end: 1684882981.2970297
  start: 1684882642.9390318
