event_sleeping_wait_all:
  end: 1684878691.3616114
  start: 1684878352.935724
