event_sleeping_wait_all:
  end: 1684878868.7962472
  start: 1684878743.0169668
