event_sleeping_wait_all:
  end: 1684881311.3599677
  start: 1684881083.0013688
