event_sleeping:
  end: 1684877716.3600364
  start: 1684877606.2681673
