event_sleeping_wait_all:
  end: 1684877911.3616252
  start: 1684877767.9811478
