event_sleeping_wait_all:
  end: 1684882396.304487
  start: 1684881667.9259644
