event_sleeping_wait_all:
  end: 1684883261.3601468
  start: 1684883032.941727
