event_sleeping_wait_all:
  end: 1684878301.2983158
  start: 1684877963.0516734
