event_sleeping_wait_all:
  end: 1684881616.2771232
  start: 1684881362.9989724
