event_sleeping_wait_all:
  end: 1684885906.2925963
  start: 1684885762.9457877
