event_sleeping_wait_all:
  end: 1684885406.3622334
  start: 1684885262.9184692
