event_sleeping_wait_all:
  end: 1684881793.8616107
  start: 1684881667.9327414
