event_sleeping_wait_all:
  end: 1684884821.2950273
  start: 1684884787.950586
