event_sleeping_wait_all:
  end: 1684879471.3615456
  start: 1684879217.8623455
