event_sleeping_wait_all:
  end: 1684884346.3600156
  start: 1684883617.9988208
