event_sleeping_wait_all:
  end: 1684878386.3312414
  start: 1684877852.8540797
