event_sleeping_wait_all:
  end: 1684885211.355891
  start: 1684885067.8917394
