event_sleeping_wait_all:
  end: 1684884736.3616843
  start: 1684884397.983805
