event_sleeping_wait_all:
  end: 1684881616.3612943
  start: 1684881362.8944156
