event_sleeping_wait_all:
  end: 1684885016.3160048
  start: 1684884872.8971345
