event_sleeping_wait_all:
  end: 1684882676.2680287
  start: 1684882625.4412653
