event_sleeping_wait_all:
  end: 1684882573.800145
  start: 1684882252.984881
