event_sleeping_wait_all:
  end: 1684879166.2680445
  start: 1684878632.9519148
