event_sleeping_wait_all:
  end: 1684887466.3004172
  start: 1684887212.945768
