event_sleeping_wait_all:
  end: 1684885711.324063
  start: 1684885457.979566
