event_sleeping_wait_all:
  end: 1684886101.2972143
  start: 1684885957.8707423
