event_sleeping_wait_all:
  end: 1684887161.3598962
  start: 1684887017.9307635
