event_sleeping_wait_all:
  end: 1684879946.3693767
  start: 1684879802.8844194
