event_sleeping_wait_all:
  end: 1684882888.796263
  start: 1684882727.8534894
