event_sleeping_wait_all:
  end: 1684886381.2760856
  start: 1684886347.8747377
