event_sleeping:
  end: 1684877716.2679114
  start: 1684877606.2696326
