event_sleeping_wait_all:
  end: 1684880233.8599563
  start: 1684879997.9232807
