event_sleeping_wait_all:
  end: 1684880531.3600445
  start: 1684880285.428547
