event_sleeping_wait_all:
  end: 1684881896.3254316
  start: 1684881845.448858
