event_sleeping_wait_all:
  end: 1684882201.3604589
  start: 1684881947.9209485
