event_sleeping_wait_all:
  end: 1684887643.8620133
  start: 1684887517.8503904
