event_sleeping_wait_all:
  end: 1684879751.294964
  start: 1684879717.9671195
