event_sleeping_wait_all:
  end: 1684886966.3478663
  start: 1684886822.8953009
