event_sleeping_wait_all:
  end: 1684878581.3599114
  start: 1684878437.9346013
