event_sleeping_wait_all:
  end: 1684883566.3599029
  start: 1684883312.8722339
