event_sleeping_wait_all:
  end: 1684883176.3616674
  start: 1684882940.4652324
