event_sleeping_wait_all:
  end: 1684880921.3600113
  start: 1684880582.9451685
