event_sleeping_wait_all:
  end: 1684877801.2948966
  start: 1684877767.809153
