event_sleeping_wait_all:
  end: 1684881311.3604505
  start: 1684880972.9045882
