event_sleeping_wait_all:
  end: 1684886686.3599844
  start: 1684886432.8580966
