event_sleeping_wait_all:
  end: 1684886771.2948434
  start: 1684886738.0073261
