event_sleeping_wait_all:
  end: 1684879666.3603032
  start: 1684879522.9552562
