event_sleeping_wait_all:
  end: 1684883261.294968
  start: 1684883227.97399
