event_sleeping_wait_all:
  end: 1684886296.279416
  start: 1684886152.9107778
