event_sleeping:
  end: 1684879806.3598938
  start: 1684879663.359562
