event_sleeping:
  end: 1684878441.3079185
  start: 1684878298.3784056
