event_sleeping_wait_all:
  end: 1684885071.2920847
  start: 1684884928.3777752
