event_sleeping_wait_all:
  end: 1684887606.3599303
  start: 1684887463.359288
