event_sleeping_wait_all:
  end: 1684885266.3616483
  start: 1684885123.269875
