event_sleeping_wait_all:
  end: 1684887801.297672
  start: 1684887658.2864523
