event_sleeping:
  end: 1684879026.361797
  start: 1684878894.433753
