event_sleeping:
  end: 1684881366.2732675
  start: 1684881223.4237163
