event_sleeping_wait_all:
  end: 1684885851.3618422
  start: 1684885708.3809042
