event_sleeping:
  end: 1684882926.3424718
  start: 1684882588.2952533
