event_sleeping_wait_all:
  end: 1684885461.2980719
  start: 1684885318.396933
