event_sleeping:
  end: 1684878636.361823
  start: 1684878493.2619357
