event_sleeping:
  end: 1684877661.2969897
  start: 1684877606.2669144
