event_sleeping:
  end: 1684883121.2975647
  start: 1684882978.3118768
