event_sleeping_wait_all:
  end: 1684886436.3161235
  start: 1684885903.370003
