event_sleeping:
  end: 1684881756.3614647
  start: 1684881418.2263472
