event_sleeping_wait_all:
  end: 1684885656.3618906
  start: 1684885513.2619426
