event_sleeping:
  end: 1684878831.3618479
  start: 1684878688.3184931
