event_sleeping:
  end: 1684880586.3616455
  start: 1684880248.3299966
