event_sleeping_wait_all:
  end: 1684884486.300038
  start: 1684884148.3818426
