event_sleeping:
  end: 1684882341.2969248
  start: 1684882198.3028965
