event_sleeping:
  end: 1684879416.3618002
  start: 1684879273.33458
