event_sleeping:
  end: 1684880196.3241506
  start: 1684880053.331851
