event_sleeping:
  end: 1684877856.276088
  start: 1684877712.9592443
