event_sleeping:
  end: 1684880976.3618028
  start: 1684880833.350515
