event_sleeping:
  end: 1684879611.3367627
  start: 1684879477.2386556
