event_sleeping:
  end: 1684880001.317305
  start: 1684879858.4319146
