event_sleeping_wait_all:
  end: 1684887411.3412926
  start: 1684886878.333297
