event_sleeping:
  end: 1684883706.3616045
  start: 1684883173.3194788
