event_sleeping_wait_all:
  end: 1684884096.3599796
  start: 1684883758.3172295
