event_sleeping_wait_all:
  end: 1684888386.361766
  start: 1684888243.316458
