event_sleeping:
  end: 1684882146.361643
  start: 1684882003.4138622
