event_sleeping:
  end: 1684880781.359859
  start: 1684880638.3114104
