event_sleeping:
  end: 1684882536.3161464
  start: 1684882393.2463512
