event_sleeping:
  end: 1684878246.3616695
  start: 1684877908.2430797
