event_sleeping:
  end: 1684879221.360868
  start: 1684879078.342861
