event_sleeping:
  end: 1684881951.3618226
  start: 1684881808.4210184
