event_sleeping:
  end: 1684881171.361922
  start: 1684881028.3946123
