event_sleeping_wait_all:
  end: 1684886826.3002179
  start: 1684886488.373357
