event_sleeping_wait_all:
  end: 1684884681.3156073
  start: 1684884538.2799208
