event_sleeping_wait_all:
  end: 1684887996.3615177
  start: 1684887853.266832
