event_sleeping_wait_all:
  end: 1684884876.3619611
  start: 1684884733.3487294
