event_sleeping_wait_all:
  end: 1684888191.2772412
  start: 1684888048.3281803
