event_sleeping:
  end: 1683473787.3684664
  start: 1683473628.6363568
