event_sleeping:
  end: 1683474067.321695
  start: 1683473926.113592
