event_sleeping:
  end: 1683473202.3195748
  start: 1683473092.2734392
