event_sleeping:
  end: 1683478942.3515291
  start: 1683478521.1217341
