event_sleeping:
  end: 1683477297.3244634
  start: 1683476961.1043282
