event_sleeping:
  end: 1683479739.799996
  start: 1683479691.0326543
