event_sleeping:
  end: 1683475042.2954214
  start: 1683475011.1973295
