event_sleeping:
  end: 1683474957.3675327
  start: 1683474706.0974412
