event_sleeping:
  end: 1683474652.3495371
  start: 1683474426.1136434
