event_sleeping:
  end: 1683477687.3677816
  start: 1683477436.0146077
