event_sleeping:
  end: 1683475542.3186579
  start: 1683475096.0314772
