event_sleeping:
  end: 1683473574.8673778
  start: 1683473256.0656912
