event_sleeping:
  end: 1683474372.36842
  start: 1683474121.0605888
