event_sleeping:
  end: 1683475914.8674483
  start: 1683475596.0762453
