event_sleeping:
  end: 1683479637.3048372
  start: 1683479478.6041977
