event_sleeping:
  end: 1683478162.295373
  start: 1683478131.049704
