event_sleeping:
  end: 1683476407.3674386
  start: 1683476181.112703
