event_sleeping:
  end: 1683478077.3682232
  start: 1683477936.1018343
