event_sleeping:
  end: 1683476127.320123
  start: 1683475968.6129613
