event_sleeping:
  end: 1683479229.8674712
  start: 1683478996.0573304
