event_sleeping:
  end: 1683477882.3674948
  start: 1683477741.129291
