event_sleeping:
  end: 1683473872.2995708
  start: 1683473841.1834784
