event_sleeping:
  end: 1683476602.3674088
  start: 1683476461.1130974
