event_sleeping:
  end: 1683476907.3687642
  start: 1683476656.1197476
