event_sleeping:
  end: 1683477382.2994428
  start: 1683477351.108331
