event_sleeping:
  end: 1683478467.367859
  start: 1683478216.0094628
