event_sleeping:
  end: 1683480009.867373
  start: 1683479793.5702484
