event_sleeping:
  end: 1683479424.847543
  start: 1683479283.5611205
