event_sleeping:
  end: 1683479814.7995577
  start: 1683479581.0786147
