event_sleeping:
  end: 1683473787.368737
  start: 1683473646.1559172
