event_sleeping:
  end: 1683477967.315994
  start: 1683477918.5792139
