event_sleeping:
  end: 1683476034.8170667
  start: 1683475986.1379774
