event_sleeping:
  end: 1683479052.3684313
  start: 1683478021.056853
