event_sleeping:
  end: 1683477577.3675063
  start: 1683477351.1097274
