event_sleeping:
  end: 1683475932.3678465
  start: 1683475773.5421553
