event_sleeping:
  end: 1683476992.29955
  start: 1683476961.0622406
