event_sleeping:
  end: 1683473592.3685603
  start: 1683473238.6151125
