event_sleeping:
  end: 1683477864.8674257
  start: 1683477631.1214414
