event_sleeping:
  end: 1683477297.3241634
  start: 1683477046.0166016
