event_sleeping:
  end: 1683474957.368307
  start: 1683474798.631822
