event_sleeping:
  end: 1683474067.32139
  start: 1683473841.1585224
