event_sleeping:
  end: 1683479137.2955253
  start: 1683479106.12396
