event_sleeping:
  end: 1683475449.8671331
  start: 1683475113.5661361
