event_sleeping:
  end: 1683476619.8236258
  start: 1683476376.145104
