event_sleeping:
  end: 1683475059.8155391
  start: 1683475011.1422777
