event_sleeping:
  end: 1683476907.367579
  start: 1683476673.5815995
