event_sleeping:
  end: 1683475719.836832
  start: 1683475503.6346183
