event_sleeping:
  end: 1683479527.3197222
  start: 1683479496.1063087
