event_sleeping:
  end: 1683479442.3675117
  start: 1683479191.007422
