event_sleeping:
  end: 1683474744.8671954
  start: 1683474426.1131406
