event_sleeping:
  end: 1683476322.3424535
  start: 1683476088.570769
