event_sleeping:
  end: 1683474372.3686113
  start: 1683474121.0577857
