event_sleeping:
  end: 1683473184.851671
  start: 1683473092.2749648
