event_sleeping:
  end: 1683473092.275627
  start: 1683473092.27517
