event_sleeping:
  end: 1683477772.3686912
  start: 1683477631.403384
