event_sleeping:
  end: 1683473482.3195715
  start: 1683473341.410165
