event_sleeping:
  end: 1683479722.2755911
  start: 1683479581.3615713
