event_sleeping:
  end: 1683476712.3231142
  start: 1683476554.0234623
