event_sleeping:
  end: 1683476992.3511815
  start: 1683476868.7964804
