event_sleeping:
  end: 1683479137.295684
  start: 1683478698.8852232
