event_sleeping:
  end: 1683478467.367456
  start: 1683478326.3350332
