event_sleeping:
  end: 1683474957.3686066
  start: 1683474798.9241881
