event_sleeping:
  end: 1683476499.8556564
  start: 1683476376.4457388
