event_sleeping:
  end: 1683478272.3133247
  start: 1683477826.4120855
