event_sleeping:
  end: 1683477297.3807492
  start: 1683477046.4094517
