event_sleeping:
  end: 1683473982.3675282
  start: 1683473731.4130054
