event_sleeping:
  end: 1683476814.7882104
  start: 1683476766.3754084
