event_sleeping:
  end: 1683474084.810391
  start: 1683474036.368536
