event_sleeping:
  end: 1683473677.367531
  start: 1683473536.386088
