event_sleeping:
  end: 1683478644.8691187
  start: 1683478521.4095352
