event_sleeping:
  end: 1683475542.367777
  start: 1683475011.4436834
