event_sleeping:
  end: 1683475719.8361197
  start: 1683475596.377545
