event_sleeping:
  end: 1683480009.86749
  start: 1683479776.2971594
