event_sleeping:
  end: 1683476322.3729575
  start: 1683476071.3147383
