event_sleeping:
  end: 1683476017.2992163
  start: 1683475986.4382436
