event_sleeping:
  end: 1683474457.2994235
  start: 1683474426.4095871
