event_sleeping:
  end: 1683477577.3678284
  start: 1683477351.4139957
