event_sleeping:
  end: 1683473287.3675609
  start: 1683473146.3259883
