event_sleeping:
  end: 1683474372.3675852
  start: 1683474138.8629591
