event_sleeping:
  end: 1683475932.367566
  start: 1683475773.8979042
