event_sleeping:
  end: 1683479527.2876139
  start: 1683479191.3212469
