event_sleeping:
  end: 1683474744.8680537
  start: 1683474511.3134146
