event_sleeping:
  end: 1683477492.3688126
  start: 1683477241.0895047
