event_sleeping:
  end: 1683476797.3675377
  start: 1683476656.1204898
