event_sleeping:
  end: 1683475059.867481
  start: 1683474816.109156
