event_sleeping:
  end: 1683473574.8676927
  start: 1683473451.110885
