event_sleeping:
  end: 1683476229.8674595
  start: 1683476071.0424218
