event_sleeping:
  end: 1683476017.330548
  start: 1683475968.5345006
