event_sleeping:
  end: 1683477187.3273451
  start: 1683477046.1412086
