event_sleeping:
  end: 1683478272.3674796
  start: 1683478131.0472894
