event_sleeping:
  end: 1683473982.3196082
  start: 1683473628.6510103
