event_sleeping:
  end: 1683479934.867552
  start: 1683479691.1859083
