event_sleeping:
  end: 1683474762.3674967
  start: 1683474621.051634
