event_sleeping:
  end: 1683478467.2887626
  start: 1683478326.1118126
