event_sleeping:
  end: 1683473397.3595967
  start: 1683473092.2764735
