event_sleeping:
  end: 1683476602.3221684
  start: 1683476461.0327935
