event_sleeping:
  end: 1683479052.3675156
  start: 1683478818.4766722
