event_sleeping:
  end: 1683474262.367404
  start: 1683474036.0763354
