event_sleeping:
  end: 1683475627.2954872
  start: 1683475596.2258523
