event_sleeping:
  end: 1683476407.331548
  start: 1683476283.5681481
