event_sleeping:
  end: 1683475914.8005211
  start: 1683475681.044782
