event_sleeping:
  end: 1683478662.3618639
  start: 1683478520.9918652
