event_sleeping:
  end: 1683477789.7919865
  start: 1683477546.1026719
