event_sleeping:
  end: 1683476992.3506231
  start: 1683476851.1363785
