event_sleeping:
  end: 1683478764.783504
  start: 1683478716.1065395
