event_sleeping:
  end: 1683475542.3674073
  start: 1683475113.565234
