event_sleeping:
  end: 1683479637.3051398
  start: 1683479386.0288136
