event_sleeping:
  end: 1683479332.3111882
  start: 1683479106.0709774
