event_sleeping:
  end: 1683478077.367473
  start: 1683477843.6485167
