event_sleeping:
  end: 1683474567.368341
  start: 1683474316.0613039
