event_sleeping:
  end: 1683475822.315392
  start: 1683475773.6648304
