event_sleeping:
  end: 1683476889.867058
  start: 1683476748.5875943
