event_sleeping:
  end: 1683477687.3675318
  start: 1683477436.0656826
