event_sleeping:
  end: 1683475719.8721626
  start: 1683475401.0792248
