event_sleeping:
  end: 1683477967.308342
  start: 1683477826.0437362
