event_sleeping:
  end: 1683473677.3169916
  start: 1683473628.6370676
