event_sleeping:
  end: 1683480009.867678
  start: 1683479776.1697197
