event_sleeping:
  end: 1683479722.367608
  start: 1683479208.6679034
