event_sleeping:
  end: 1683476407.3679392
  start: 1683476266.1310425
