event_sleeping:
  end: 1683477102.3675482
  start: 1683476943.754698
