event_sleeping:
  end: 1683479052.3686154
  start: 1683478893.6622007
