event_sleeping:
  end: 1683477382.2998757
  start: 1683477351.1095433
