event_sleeping:
  end: 1683478449.8674843
  start: 1683478216.059703
