event_sleeping:
  end: 1683478162.3675644
  start: 1683478021.1190014
