event_sleeping:
  end: 1683474177.3675923
  start: 1683473943.617052
