event_sleeping:
  end: 1683473889.8546414
  start: 1683473731.1097353
