event_sleeping:
  end: 1683476212.3675065
  start: 1683476071.0831301
