event_sleeping:
  end: 1683475347.2796636
  start: 1683474621.170668
