event_sleeping:
  end: 1683476017.299469
  start: 1683475876.0541327
