event_sleeping:
  end: 1683474262.297906
  start: 1683474231.1403432
