event_sleeping:
  end: 1683476694.8673632
  start: 1683476461.1089287
