event_sleeping:
  end: 1683477297.378747
  start: 1683477156.1555839
