event_sleeping:
  end: 1683479154.8154323
  start: 1683479106.12031
