event_sleeping:
  end: 1683477772.2710316
  start: 1683477741.132504
