event_sleeping:
  end: 1683473184.8523648
  start: 1683473092.2761495
