event_sleeping:
  end: 1683478839.867022
  start: 1683478698.6091928
