event_sleeping:
  end: 1683474567.3686402
  start: 1683474316.042621
