event_sleeping:
  end: 1683473574.8677976
  start: 1683473238.620041
