event_sleeping:
  end: 1683478644.8684719
  start: 1683478503.628734
