event_sleeping:
  end: 1683477827.3673913
  start: 1683477491.1377578
