event_sleeping:
  end: 1683473927.324573
  start: 1683473590.9356775
