event_sleeping:
  end: 1683473342.3172472
  start: 1683473200.9948494
