event_sleeping:
  end: 1683478802.3685286
  start: 1683478661.0795817
