event_sleeping:
  end: 1683473537.279566
  start: 1683473395.9342356
