event_sleeping:
  end: 1683478997.3488903
  start: 1683478856.0420547
