event_sleeping:
  end: 1683478412.3673735
  start: 1683477881.0260978
