event_sleeping:
  end: 1683475682.3675137
  start: 1683475540.9822767
