event_sleeping:
  end: 1683476852.367571
  start: 1683476711.018473
