event_sleeping:
  end: 1683476072.3674102
  start: 1683475931.0295317
