event_sleeping:
  end: 1683476267.3675187
  start: 1683476126.1168468
