event_sleeping:
  end: 1683474707.3287303
  start: 1683474176.0046616
