event_sleeping:
  end: 1683473147.323508
  start: 1683473092.2719638
