event_sleeping:
  end: 1683475487.309059
  start: 1683475151.0646856
