event_sleeping:
  end: 1683475877.3685243
  start: 1683475736.018811
