event_sleeping:
  end: 1683474122.3687966
  start: 1683473980.996395
