event_sleeping:
  end: 1683478607.3686786
  start: 1683478466.0538194
