event_sleeping:
  end: 1683479777.3675048
  start: 1683479441.0253022
