event_sleeping:
  end: 1683475097.3675025
  start: 1683474761.0464487
