event_sleeping:
  end: 1683476657.367516
  start: 1683476516.1250243
