event_sleeping:
  end: 1683476462.3368888
  start: 1683476321.039791
