event_sleeping:
  end: 1683477437.3275952
  start: 1683476906.0168414
