event_sleeping:
  end: 1683479387.3435738
  start: 1683479246.0328205
