event_sleeping:
  end: 1683479192.367359
  start: 1683479051.0466502
