event_sleeping:
  end: 1685509815.6160264
  start: 1685509620.6083453
