event_sleeping:
  end: 1685509620.6069186
  start: 1685509620.6066747
