event_sleeping:
  end: 1685509833.1880155
  start: 1685509672.2694786
