event_sleeping:
  end: 1685509730.7064738
  start: 1685509620.6064212
