event_sleeping:
  end: 1685509713.1241915
  start: 1685509620.6069772
