event_sleeping:
  end: 1685509730.6990154
  start: 1685509620.608115
