event_sleeping:
  end: 1685509870.6200082
  start: 1685509727.3578012
