event_sleeping:
  end: 1685509675.6559942
  start: 1685509620.6034951
