event_sleeping:
  end: 1683995136.335663
  start: 1683994533.8346536
