event_sleeping:
  end: 1683994746.4093149
  start: 1683994533.8344007
