event_sleeping:
  end: 1683994643.9234984
  start: 1683994533.833355
