event_sleeping:
  end: 1683994626.400543
  start: 1683994533.8304183
