event_sleeping:
  end: 1683994533.832882
  start: 1683994533.8327138
