event_sleeping:
  end: 1683994783.9235456
  start: 1683994645.154201
