event_sleeping:
  end: 1683995173.8670077
  start: 1683994836.6246872
