event_sleeping:
  end: 1683994588.879455
  start: 1683994533.8306656
