event_sleeping:
  end: 1685744095.627088
  start: 1685743900.5431747
