event_sleeping:
  end: 1685743900.5359375
  start: 1685743900.53582
