event_sleeping:
  end: 1685744113.1258433
  start: 1685743952.1755984
