event_sleeping:
  end: 1685744010.5919588
  start: 1685743900.5386188
