event_sleeping:
  end: 1685743993.1200976
  start: 1685743900.5390725
