event_sleeping:
  end: 1685744010.6239522
  start: 1685743900.5395443
