event_sleeping:
  end: 1685743955.583325
  start: 1685743900.5322697
