event_sleeping:
  end: 1685744150.6256106
  start: 1685744007.289316
