event_sleeping:
  end: 1685750590.115956
  start: 1685750395.0321999
