event_sleeping:
  end: 1685750395.0303965
  start: 1685750395.0302682
