event_sleeping:
  end: 1685750470.0969565
  start: 1685750395.0318696
