event_sleeping:
  end: 1685750470.0959969
  start: 1685750395.0296562
