event_sleeping:
  end: 1685750470.096618
  start: 1685750395.0312603
