event_sleeping:
  end: 1685750627.6191676
  start: 1685750500.5632234
