event_sleeping:
  end: 1685750432.5401182
  start: 1685750395.0290668
