event_sleeping:
  end: 1683370018.532603
  start: 1683369894.6397014
