event_sleeping:
  end: 1683371578.535358
  start: 1683371454.7589507
