event_sleeping:
  end: 1683375003.4648082
  start: 1683374752.2114472
