event_sleeping:
  end: 1683369525.987416
  start: 1683368848.4444056
