event_sleeping:
  end: 1683373816.0328395
  start: 1683373582.2449162
