event_sleeping:
  end: 1683371773.531495
  start: 1683371632.2884598
