event_sleeping:
  end: 1683371968.5275474
  start: 1683371827.2236285
