event_sleeping:
  end: 1683369840.9686246
  start: 1683369699.7480574
