event_sleeping:
  end: 1683373248.5283065
  start: 1683372997.3367991
