event_sleeping:
  end: 1683374223.5314848
  start: 1683373869.814199
