event_sleeping:
  end: 1683373333.4634626
  start: 1683373302.295807
