event_sleeping:
  end: 1683371401.011177
  start: 1683371334.7038395
