event_sleeping:
  end: 1683374613.4876525
  start: 1683374277.2590415
