event_sleeping:
  end: 1683372943.5267463
  start: 1683372504.7736812
