event_sleeping:
  end: 1683371280.9459708
  start: 1683371139.7325594
