event_sleeping:
  end: 1683369646.0008137
  start: 1683369579.710412
