event_sleeping:
  end: 1683370713.531509
  start: 1683370554.712185
