event_sleeping:
  end: 1683372451.035196
  start: 1683372022.2956624
