event_sleeping:
  end: 1683371086.031374
  start: 1683370767.2730913
