event_sleeping:
  end: 1683370306.0315661
  start: 1683370072.2624454
