event_sleeping:
  end: 1683370501.0172303
  start: 1683370359.819211
