event_sleeping:
  end: 1683374698.4674006
  start: 1683374667.2123053
