event_sleeping:
  end: 1683373528.531468
  start: 1683373387.2453325
