event_sleeping:
  end: 1683374113.5348604
  start: 1683373972.3963783
