event_sleeping:
  end: 1683374910.9755764
  start: 1683374752.2363825
