event_sleeping:
  end: 1683369061.0373793
  start: 1683368848.4442751
