event_sleeping:
  end: 1683370620.943553
  start: 1683370377.266641
