event_sleeping:
  end: 1683370890.991575
  start: 1683370674.673948
