event_sleeping:
  end: 1683369526.0316248
  start: 1683369402.196148
