event_sleeping:
  end: 1683374503.531495
  start: 1683374362.2081072
