event_sleeping:
  end: 1683370993.483665
  start: 1683370944.76796
