event_sleeping:
  end: 1683371383.5350242
  start: 1683371242.280659
