event_sleeping:
  end: 1683375301.0354073
  start: 1683374964.7279818
