event_sleeping:
  end: 1683371773.46336
  start: 1683371742.2626176
