event_sleeping:
  end: 1683369348.451558
  start: 1683369114.7190669
