event_sleeping:
  end: 1683374308.4527993
  start: 1683374167.2538967
