event_sleeping:
  end: 1683371188.5351806
  start: 1683371047.2736077
