event_sleeping:
  end: 1683372646.031503
  start: 1683372412.1749985
