event_sleeping:
  end: 1683373833.5315077
  start: 1683373582.2103295
