event_sleeping:
  end: 1683372078.4478004
  start: 1683371827.1734772
