event_sleeping:
  end: 1683372358.4660442
  start: 1683372327.2923725
