event_sleeping:
  end: 1683373035.983645
  start: 1683372699.8423197
