event_sleeping:
  end: 1683374698.5432844
  start: 1683374557.2729516
