event_sleeping:
  end: 1683372273.5196638
  start: 1683372132.2093034
