event_sleeping:
  end: 1683373528.4635594
  start: 1683373479.714707
