event_sleeping:
  end: 1683370323.5358238
  start: 1683369682.2326562
