event_sleeping:
  end: 1683373248.5279186
  start: 1683373089.7357337
