event_sleeping:
  end: 1683373918.465268
  start: 1683373887.2533374
