event_sleeping:
  end: 1683373425.9875538
  start: 1683373302.295527
