event_sleeping:
  end: 1683371688.502084
  start: 1683371437.266772
