event_sleeping:
  end: 1683369628.4836142
  start: 1683369579.8028698
