event_sleeping:
  end: 1683374326.031561
  start: 1683374167.4605985
