event_sleeping:
  end: 1683372078.4475222
  start: 1683371937.5845678
