event_sleeping:
  end: 1683373918.4554243
  start: 1683373887.560608
