event_sleeping:
  end: 1683368958.5364873
  start: 1683368848.4429667
