event_sleeping:
  end: 1683371011.0104272
  start: 1683370852.456392
