event_sleeping:
  end: 1683371883.5315368
  start: 1683371632.5938253
