event_sleeping:
  end: 1683372273.5200863
  start: 1683372132.488437
