event_sleeping:
  end: 1683371298.4850318
  start: 1683371065.0721848
