event_sleeping:
  end: 1683374113.4354827
  start: 1683373972.4762995
