event_sleeping:
  end: 1683371578.5349038
  start: 1683371454.9843233
