event_sleeping:
  end: 1683369721.0315077
  start: 1683369580.0622382
