event_sleeping:
  end: 1683369526.032446
  start: 1683369207.6162906
