event_sleeping:
  end: 1683369153.5314953
  start: 1683369012.5599675
