event_sleeping:
  end: 1683370323.5314968
  start: 1683369970.0693512
