event_sleeping:
  end: 1683370620.9994712
  start: 1683370555.0901062
