event_sleeping:
  end: 1683373333.4956174
  start: 1683373285.0610988
