event_sleeping:
  end: 1683371400.9715772
  start: 1683371352.580443
