event_sleeping:
  end: 1683373053.5351286
  start: 1683372327.5760057
