event_sleeping:
  end: 1683374986.0354736
  start: 1683374380.206188
