event_sleeping:
  end: 1683373833.5317888
  start: 1683373387.5339358
