event_sleeping:
  end: 1683373230.9876115
  start: 1683373107.5608358
