event_sleeping:
  end: 1683370501.0446389
  start: 1683370377.5583227
