event_sleeping:
  end: 1683369916.0317469
  start: 1683369775.0816891
