event_sleeping:
  end: 1683370798.447097
  start: 1683370675.0335155
