event_sleeping:
  end: 1683370425.999559
  start: 1683370359.8013403
