event_sleeping:
  end: 1683374893.4435358
  start: 1683374752.1965938
