event_sleeping:
  end: 1683371280.9452806
  start: 1683371139.7319524
