event_sleeping:
  end: 1683375198.508619
  start: 1683374947.1853256
