event_sleeping:
  end: 1683372858.4942002
  start: 1683372607.2609477
