event_sleeping:
  end: 1683372358.531356
  start: 1683372217.2849374
