event_sleeping:
  end: 1683369738.5315623
  start: 1683369292.2093036
