event_sleeping:
  end: 1683374698.4661014
  start: 1683374667.2130516
