event_sleeping:
  end: 1683373443.534959
  start: 1683373107.2800925
