event_sleeping:
  end: 1683372163.5355458
  start: 1683371632.2374835
