event_sleeping:
  end: 1683369238.447615
  start: 1683369207.172256
