event_sleeping:
  end: 1683370036.0032086
  start: 1683369792.260675
