event_sleeping:
  end: 1683368940.9968166
  start: 1683368848.4438314
