event_sleeping:
  end: 1683374418.5314527
  start: 1683374277.238933
