event_sleeping:
  end: 1683369153.439561
  start: 1683368994.7557704
