event_sleeping:
  end: 1683370306.032233
  start: 1683370089.774541
