event_sleeping:
  end: 1683370816.0314693
  start: 1683370479.7748342
