event_sleeping:
  end: 1683371578.531584
  start: 1683371454.730241
