event_sleeping:
  end: 1683373053.5307171
  start: 1683372912.202852
