event_sleeping:
  end: 1683371085.9686503
  start: 1683370869.7733154
