event_sleeping:
  end: 1683374613.5314302
  start: 1683374472.2668257
