event_sleeping:
  end: 1683373638.4475746
  start: 1683373497.276388
