event_sleeping:
  end: 1683373816.0322957
  start: 1683373692.160433
