event_sleeping:
  end: 1683374223.5313425
  start: 1683373869.7744706
