event_sleeping:
  end: 1683372553.5315704
  start: 1683372412.3673382
