event_sleeping:
  end: 1683371401.0105624
  start: 1683371334.703955
