event_sleeping:
  end: 1683373248.527597
  start: 1683373089.759315
