event_sleeping:
  end: 1683370408.467058
  start: 1683370377.2664602
