event_sleeping:
  end: 1683370798.5316203
  start: 1683370462.311375
