event_sleeping:
  end: 1683369628.5354552
  start: 1683368902.253695
