event_sleeping:
  end: 1683374206.0315673
  start: 1683374082.3183818
