event_sleeping:
  end: 1683372570.983576
  start: 1683372522.2862337
