event_sleeping:
  end: 1683372748.5349615
  start: 1683372624.775181
