event_sleeping:
  end: 1683373638.5314078
  start: 1683373479.7164137
