event_sleeping:
  end: 1683371773.5322287
  start: 1683371454.7945037
