event_sleeping:
  end: 1683369916.0315099
  start: 1683369682.254826
