event_sleeping:
  end: 1683371103.5315235
  start: 1683370852.3202708
