event_sleeping:
  end: 1683374698.4657936
  start: 1683374667.3571784
