event_sleeping:
  end: 1683372273.534194
  start: 1683372132.2694433
