event_sleeping:
  end: 1683375393.4608076
  start: 1683374752.1976156
