event_sleeping:
  end: 1683371401.0394115
  start: 1683371157.3173442
