event_sleeping:
  end: 1683374613.531992
  start: 1683374259.8030407
