event_sleeping:
  end: 1683368848.4423118
  start: 1683368848.4421046
