event_sleeping:
  end: 1683370018.4834373
  start: 1683369969.76192
