event_sleeping:
  end: 1683370323.5313532
  start: 1683370072.1886652
