event_sleeping:
  end: 1683374028.5315158
  start: 1683373869.813265
