event_sleeping:
  end: 1683373035.9843097
  start: 1683372802.2915692
