event_sleeping:
  end: 1683373425.9771886
  start: 1683373302.4400344
