event_sleeping:
  end: 1683372468.533107
  start: 1683372327.3114686
