event_sleeping:
  end: 1683373816.0319138
  start: 1683373692.264504
