event_sleeping:
  end: 1683372078.5313933
  start: 1683371827.2756033
