event_sleeping:
  end: 1683370073.511099
  start: 1683369932.1838844
