event_sleeping:
  end: 1683371438.5120997
  start: 1683371297.1629505
