event_sleeping:
  end: 1683374948.5276015
  start: 1683374417.1402462
