event_sleeping:
  end: 1683373778.5352168
  start: 1683373637.2078693
