event_sleeping:
  end: 1683370268.531449
  start: 1683370127.1808667
