event_sleeping:
  end: 1683373388.5064418
  start: 1683373247.230178
