event_sleeping:
  end: 1683372998.4476638
  start: 1683372662.2119012
