event_sleeping:
  end: 1683369683.5033963
  start: 1683369542.2251127
