event_sleeping:
  end: 1683374363.5035625
  start: 1683374222.2273579
