event_sleeping:
  end: 1683372413.5355182
  start: 1683371882.2210333
