event_sleeping:
  end: 1683369098.4577205
  start: 1683368957.148455
