event_sleeping:
  end: 1683373583.5353498
  start: 1683373442.2081788
