event_sleeping:
  end: 1683371828.5350478
  start: 1683371539.4882512
