event_sleeping:
  end: 1683368903.49153
  start: 1683368848.4427576
