event_sleeping:
  end: 1683369488.5351448
  start: 1683369152.155354
