event_sleeping:
  end: 1683371243.4883518
  start: 1683371102.1835063
