event_sleeping:
  end: 1683370463.5354722
  start: 1683370322.2169712
