event_sleeping:
  end: 1683371048.527614
  start: 1683370907.1803598
