event_sleeping:
  end: 1683370658.5315077
  start: 1683370517.1917155
