event_sleeping:
  end: 1683373193.535415
  start: 1683373052.1221075
