event_sleeping:
  end: 1683369878.5315447
  start: 1683369737.163372
