event_sleeping:
  end: 1683370853.5195785
  start: 1683370712.2258072
