event_sleeping:
  end: 1683374168.5275676
  start: 1683373832.2172155
