event_sleeping:
  end: 1683372608.5315359
  start: 1683372467.315749
