event_sleeping:
  end: 1685751127.1640565
  start: 1685750932.0837831
