event_sleeping:
  end: 1685750932.0831695
  start: 1685750932.083092
