event_sleeping:
  end: 1685751042.1718621
  start: 1685750932.081547
