event_sleeping:
  end: 1685751042.1721237
  start: 1685750932.0836318
