event_sleeping:
  end: 1685751042.0995152
  start: 1685750932.0829546
