event_sleeping:
  end: 1685750987.0761213
  start: 1685750932.0819817
