event_sleeping:
  end: 1685751182.1400084
  start: 1685751038.753381
