event_sleeping:
  end: 1683381121.3074737
  start: 1683380980.0095108
