event_sleeping:
  end: 1683382986.3101656
  start: 1683382734.9928265
