event_sleeping:
  end: 1683383851.2887876
  start: 1683383727.5521152
