event_sleeping:
  end: 1683380731.2393785
  start: 1683380700.063106
