event_sleeping:
  end: 1683380926.307448
  start: 1683380785.0069766
