event_sleeping:
  end: 1683381798.7995155
  start: 1683381657.5313182
