event_sleeping:
  end: 1683384046.3075428
  start: 1683383905.022951
