event_sleeping:
  end: 1683380358.8089402
  start: 1683380163.715553
