event_sleeping:
  end: 1683382596.281713
  start: 1683382437.5489783
