event_sleeping:
  end: 1683383673.8110957
  start: 1683383040.0825446
