event_sleeping:
  end: 1683381603.807554
  start: 1683381175.0403216
