event_sleeping:
  end: 1683384546.3073895
  start: 1683384405.0625842
