event_sleeping:
  end: 1683380646.311515
  start: 1683380412.5355277
