event_sleeping:
  end: 1683382383.7871408
  start: 1683381852.5521421
