event_sleeping:
  end: 1683384351.3075905
  start: 1683384100.09523
