event_sleeping:
  end: 1683382681.2357244
  start: 1683382649.9819696
