event_sleeping:
  end: 1683381316.3047445
  start: 1683381089.989146
