event_sleeping:
  end: 1683382503.7916548
  start: 1683382150.0773408
