event_sleeping:
  end: 1683382876.3105838
  start: 1683382557.5363376
