event_sleeping:
  end: 1683383766.3102443
  start: 1683383625.0393949
