event_sleeping:
  end: 1683383571.2741718
  start: 1683383412.528416
