event_sleeping:
  end: 1683382096.23948
  start: 1683382065.0328794
