event_sleeping:
  end: 1683381036.2327926
  start: 1683380785.082773
