event_sleeping:
  end: 1683383071.3100414
  start: 1683382930.0698884
