event_sleeping:
  end: 1683384436.258909
  start: 1683384387.4608064
