event_sleeping:
  end: 1683383358.807532
  start: 1683383125.0361993
