event_sleeping:
  end: 1683384046.3078558
  start: 1683383922.516232
