event_sleeping:
  end: 1683382011.2620268
  start: 1683381777.5053337
