event_sleeping:
  end: 1683384333.7116725
  start: 1683384100.0554097
