event_sleeping:
  end: 1683380341.2955148
  start: 1683380217.4661674
