event_sleeping:
  end: 1683383868.7555194
  start: 1683383820.062472
