event_sleeping:
  end: 1683380163.7174578
  start: 1683380163.7174265
