event_sleeping:
  end: 1683380731.270898
  start: 1683380395.0235472
