event_sleeping:
  end: 1683381723.7501266
  start: 1683381370.0684407
