event_sleeping:
  end: 1683384723.8074884
  start: 1683384490.0124757
