event_sleeping:
  end: 1683381018.7715287
  start: 1683380877.8216746
