event_sleeping:
  end: 1683380451.2864423
  start: 1683380310.4405713
