event_sleeping:
  end: 1683381621.2431874
  start: 1683381175.2653332
