event_sleeping:
  end: 1683382698.7175362
  start: 1683382437.86599
