event_sleeping:
  end: 1683383376.2169042
  start: 1683382930.3465042
