event_sleeping:
  end: 1683382011.312922
  start: 1683381777.810833
