event_sleeping:
  end: 1683384546.2795737
  start: 1683383515.2603428
