event_sleeping:
  end: 1683381723.7608454
  start: 1683381675.2818298
