event_sleeping:
  end: 1683380536.2410653
  start: 1683380505.3796055
