event_sleeping:
  end: 1683380256.273076
  start: 1683380163.7183897
