event_sleeping:
  end: 1683381121.258393
  start: 1683381072.8640463
