event_sleeping:
  end: 1683382876.3103232
  start: 1683382752.9818525
