event_sleeping:
  end: 1683382383.8080444
  start: 1683382260.2995617
