event_sleeping:
  end: 1683380823.7476346
  start: 1683380590.3707685
