event_sleeping:
  end: 1683382206.307419
  start: 1683382065.334935
