event_sleeping:
  end: 1683384156.307379
  start: 1683383905.1603196
