event_sleeping:
  end: 1683380433.8075898
  start: 1683380309.98404
