event_sleeping:
  end: 1683381918.719348
  start: 1683381759.9514956
