event_sleeping:
  end: 1683383283.7552936
  start: 1683383234.9737575
