event_sleeping:
  end: 1683380841.3073862
  start: 1683380487.5687935
