event_sleeping:
  end: 1683381603.8099732
  start: 1683381480.08573
