event_sleeping:
  end: 1683384936.3035676
  start: 1683384210.0319817
