event_sleeping:
  end: 1683382188.8074672
  start: 1683381972.4536674
