event_sleeping:
  end: 1683380256.272768
  start: 1683380163.7184942
