event_sleeping:
  end: 1683381426.31024
  start: 1683381284.961396
