event_sleeping:
  end: 1683381706.2351122
  start: 1683381657.6589026
