event_sleeping:
  end: 1683383851.3215008
  start: 1683383624.9987009
