event_sleeping:
  end: 1683382291.255392
  start: 1683382242.5692656
