event_sleeping:
  end: 1683383181.2155821
  start: 1683382827.509975
