event_sleeping:
  end: 1683383571.2474124
  start: 1683383337.4530377
