event_sleeping:
  end: 1683382596.3143191
  start: 1683382344.932855
