event_sleeping:
  end: 1683381231.2154844
  start: 1683380895.0521905
