event_sleeping:
  end: 1683382773.807528
  start: 1683382650.0435061
