event_sleeping:
  end: 1683382486.3075857
  start: 1683382344.9460282
