event_sleeping:
  end: 1683383071.2155454
  start: 1683382845.0657384
