event_sleeping:
  end: 1683381138.8074965
  start: 1683380997.5345209
