event_sleeping:
  end: 1683382291.2155285
  start: 1683382260.0110161
