event_sleeping:
  end: 1683380256.306073
  start: 1683380163.7182226
