event_sleeping:
  end: 1683384156.254537
  start: 1683383905.0218883
