event_sleeping:
  end: 1683381993.7181163
  start: 1683381760.0552175
