event_sleeping:
  end: 1683383461.3076174
  start: 1683383125.0054781
