event_sleeping:
  end: 1683381706.307349
  start: 1683381192.5849612
