event_sleeping:
  end: 1683384333.8074236
  start: 1683384209.9856029
