event_sleeping:
  end: 1683380358.7586136
  start: 1683380310.1832178
