event_sleeping:
  end: 1683382206.2755733
  start: 1683382047.494204
