event_sleeping:
  end: 1683382791.2635381
  start: 1683382540.0821402
