event_sleeping:
  end: 1683383851.2891197
  start: 1683383515.072255
