event_sleeping:
  end: 1683384741.3075948
  start: 1683384507.460305
