event_sleeping:
  end: 1683380943.7166708
  start: 1683380412.537689
