event_sleeping:
  end: 1683384453.7115667
  start: 1683384387.5766854
