event_sleeping:
  end: 1683382541.30751
  start: 1683382400.0787876
