event_sleeping:
  end: 1683382346.307554
  start: 1683382204.983034
