event_sleeping:
  end: 1683380396.2677624
  start: 1683380254.944198
