event_sleeping:
  end: 1683383906.2188199
  start: 1683383765.0081444
