event_sleeping:
  end: 1683380201.2475555
  start: 1683380163.716694
