event_sleeping:
  end: 1683382736.3075376
  start: 1683382594.9907649
