event_sleeping:
  end: 1683381176.307533
  start: 1683381035.01566
