event_sleeping:
  end: 1683381956.3075793
  start: 1683381815.034835
