event_sleeping:
  end: 1683381566.2876542
  start: 1683381424.9442093
