event_sleeping:
  end: 1683384296.3036182
  start: 1683383959.9161954
