event_sleeping:
  end: 1683382151.2875106
  start: 1683382026.9407947
