event_sleeping:
  end: 1683383126.3075385
  start: 1683382790.000974
