event_sleeping:
  end: 1683380981.3075638
  start: 1683380839.9930513
