event_sleeping:
  end: 1683384491.3075395
  start: 1683384350.10244
