event_sleeping:
  end: 1683383711.307594
  start: 1683383570.0085328
