event_sleeping:
  end: 1683383321.2948322
  start: 1683383179.9847054
