event_sleeping:
  end: 1683383516.307565
  start: 1683383374.981561
