event_sleeping:
  end: 1683381371.2796996
  start: 1683381229.9595063
