event_sleeping:
  end: 1683380786.2755105
  start: 1683380449.9393597
