event_sleeping:
  end: 1683381761.2251368
  start: 1683381620.0903735
