event_sleeping_wait_all:
  end: 1685731472.048975
  start: 1685731059.0209916
