event_sleeping_wait_all:
  end: 1685731964.496129
  start: 1685731931.4982703
