event_sleeping_wait_all:
  end: 1685730812.01615
  start: 1685730668.955306
