event_sleeping_wait_all:
  end: 1685732252.0652974
  start: 1685732016.4091468
