event_sleeping_wait_all:
  end: 1685733542.0650473
  start: 1685732991.4572399
