event_sleeping:
  end: 1685730404.5122974
  start: 1685730014.4785118
