event_sleeping_wait_all:
  end: 1685732854.5651062
  start: 1685732618.967748
