event_sleeping_wait_all:
  end: 1685730616.98814
  start: 1685730456.462575
