event_sleeping_wait_all:
  end: 1685732939.4965444
  start: 1685732906.5264468
