event_sleeping_wait_all:
  end: 1685731666.9746692
  start: 1685731523.9718199
