event_sleeping_wait_all:
  end: 1685732567.0319455
  start: 1685732498.9937172
