event_sleeping_wait_all:
  end: 1685732447.0659513
  start: 1685732304.0221758
