event_sleeping_wait_all:
  end: 1685731007.0646896
  start: 1685730863.9890292
