event_sleeping_wait_all:
  end: 1685731684.5453496
  start: 1685731431.1543639
