event_sleeping_wait_all:
  end: 1685730617.0230105
  start: 1685730566.1541202
