event_sleeping_wait_all:
  end: 1685730514.5280716
  start: 1685730278.6922054
