event_sleeping_wait_all:
  end: 1685732354.5241308
  start: 1685732211.1580286
