event_sleeping_wait_all:
  end: 1685732744.5653563
  start: 1685732601.1281087
