event_sleeping_wait_all:
  end: 1685731379.4959688
  start: 1685731346.150113
