event_sleeping_wait_all:
  end: 1685731294.5261176
  start: 1685731041.1867623
