event_sleeping_wait_all:
  end: 1685731982.034434
  start: 1685731913.7281919
