event_sleeping_wait_all:
  end: 1685730227.0480964
  start: 1685730066.1350832
