event_sleeping_wait_all:
  end: 1685731862.0659359
  start: 1685731736.2106178
