event_sleeping:
  end: 1685730014.4781415
  start: 1685730014.4781208
