event_sleeping_wait_all:
  end: 1685732159.5119433
  start: 1685732033.7151065
