event_sleeping_wait_all:
  end: 1685730989.4963608
  start: 1685730668.663278
