event_sleeping_wait_all:
  end: 1685732549.4750807
  start: 1685732406.203072
