event_sleeping_wait_all:
  end: 1685732854.5644543
  start: 1685732618.6923456
