event_sleeping_wait_all:
  end: 1685731379.5640204
  start: 1685731058.623722
