event_sleeping_wait_all:
  end: 1685730692.0650797
  start: 1685730066.1086009
