event_sleeping_wait_all:
  end: 1685731862.06527
  start: 1685731643.6973894
