event_sleeping_wait_all:
  end: 1685731592.0252905
  start: 1685731431.2041554
