event_sleeping_wait_all:
  end: 1685734219.5649557
  start: 1685733771.1479588
