event_sleeping_wait_all:
  end: 1685731964.5294106
  start: 1685731913.7284822
