event_sleeping_wait_all:
  end: 1685731007.00789
  start: 1685730938.681467
