event_sleeping_wait_all:
  end: 1685734397.045211
  start: 1685734271.247357
