event_sleeping_wait_all:
  end: 1685732464.480109
  start: 1685732303.7710083
