event_sleeping_wait_all:
  end: 1685732566.9712408
  start: 1685732516.1519687
