event_sleeping:
  end: 1685730014.4774663
  start: 1685730014.4767663
