event_sleeping_wait_all:
  end: 1685732939.4962656
  start: 1685732906.2558846
