event_sleeping_wait_all:
  end: 1685732252.0656981
  start: 1685732016.1402204
