event_sleeping_wait_all:
  end: 1685733329.518282
  start: 1685732991.1801438
