event_sleeping_wait_all:
  end: 1685730887.019838
  start: 1685730743.7613707
