event_sleeping_wait_all:
  end: 1685733719.4960942
  start: 1685733381.173171
