event_sleeping_wait_all:
  end: 1685732057.0400105
  start: 1685731643.6820107
