event_sleeping_wait_all:
  end: 1685731472.0482097
  start: 1685731328.626267
