event_sleeping_wait_all:
  end: 1685732447.025325
  start: 1685732228.7207737
