event_sleeping_wait_all:
  end: 1685730794.5240262
  start: 1685730651.1764843
