event_sleeping_wait_all:
  end: 1685731276.979438
  start: 1685731041.2281668
