event_sleeping_wait_all:
  end: 1685732642.0640917
  start: 1685732498.7078958
