event_sleeping_wait_all:
  end: 1685732177.0160637
  start: 1685732108.6780171
