event_sleeping:
  end: 1685730107.0042078
  start: 1685730014.4743042
