event_sleeping_wait_all:
  end: 1685730599.5215054
  start: 1685730456.199188
