event_sleeping_wait_all:
  end: 1685731592.035408
  start: 1685731523.7429655
