event_sleeping_wait_all:
  end: 1685730989.5640812
  start: 1685730846.1811423
