event_sleeping_wait_all:
  end: 1685730404.5134504
  start: 1685730158.6415417
