event_sleeping:
  end: 1685730014.478021
  start: 1685730014.4776845
