event_sleeping_wait_all:
  end: 1685732269.5320227
  start: 1685732126.1752968
