event_sleeping_wait_all:
  end: 1685731769.5650399
  start: 1685731541.090812
