event_sleeping_wait_all:
  end: 1685732074.5463047
  start: 1685731821.186814
