event_sleeping_wait_all:
  end: 1685731294.5588818
  start: 1685731058.6063492
