event_sleeping_wait_all:
  end: 1685731489.5023987
  start: 1685731346.155996
