event_sleeping_wait_all:
  end: 1685730404.4759598
  start: 1685730371.112393
