event_sleeping_wait_all:
  end: 1685730904.563714
  start: 1685730456.0546575
