event_sleeping_wait_all:
  end: 1685730319.48406
  start: 1685730066.1072707
