event_sleeping_wait_all:
  end: 1685731006.9975252
  start: 1685730956.1413965
