event_sleeping_wait_all:
  end: 1685732642.020567
  start: 1685732321.1433718
