event_sleeping_wait_all:
  end: 1685732799.5223432
  start: 1685732656.4606302
