event_sleeping_wait_all:
  end: 1685733579.4680154
  start: 1685732851.5567825
