event_sleeping:
  end: 1685731629.5001848
  start: 1685731486.5801113
