event_sleeping:
  end: 1685730459.564878
  start: 1685730316.5578504
