event_sleeping:
  end: 1685732214.5378873
  start: 1685732071.6168265
