event_sleeping:
  end: 1685731824.5080853
  start: 1685731681.5489185
