event_sleeping:
  end: 1685732409.5000951
  start: 1685732266.517522
