event_sleeping:
  end: 1685730069.5199208
  start: 1685730014.476439
