event_sleeping:
  end: 1685730264.538784
  start: 1685730125.0924008
