event_sleeping:
  end: 1685730654.4794624
  start: 1685730511.5680022
