event_sleeping_wait_all:
  end: 1685734164.4879272
  start: 1685733826.5675564
