event_sleeping:
  end: 1685730849.5639231
  start: 1685730706.4931347
