event_sleeping:
  end: 1685731044.5080953
  start: 1685730901.5462873
