event_sleeping:
  end: 1685732019.545024
  start: 1685731876.5970292
