event_sleeping_wait_all:
  end: 1685734359.55659
  start: 1685734216.5335689
