event_sleeping:
  end: 1685731434.496047
  start: 1685731291.6041126
