event_sleeping:
  end: 1685732604.4800634
  start: 1685732461.5090709
