event_sleeping:
  end: 1685731239.565109
  start: 1685731096.5755231
