event_sleeping_wait_all:
  end: 1685733774.524002
  start: 1685733631.5010195
