event_sleeping:
  end: 1685111972.988059
  start: 1685111736.606392
