event_sleeping:
  end: 1685110590.5638063
  start: 1685110176.6584833
