event_sleeping:
  end: 1685109632.9880784
  start: 1685109379.1106987
