event_sleeping:
  end: 1685111583.035992
  start: 1685111439.106782
