event_sleeping:
  end: 1685112855.5601394
  start: 1685112694.1365497
