event_sleeping:
  end: 1685109717.997455
  start: 1685109684.0928361
