event_sleeping:
  end: 1685110803.0360868
  start: 1685110641.642887
