event_sleeping:
  end: 1685111388.028054
  start: 1685110854.1629837
