event_sleeping:
  end: 1685109328.0638492
  start: 1685109150.472508
