event_sleeping:
  end: 1685111685.514908
  start: 1685111634.122865
