event_sleeping:
  end: 1685112643.0637052
  start: 1685112024.091832
