event_sleeping:
  end: 1685113033.0201123
  start: 1685112906.6124542
