event_sleeping:
  end: 1685110125.5635965
  start: 1685109981.6399965
