event_sleeping:
  end: 1685109930.5598657
  start: 1685109769.0529299
