event_sleeping:
  end: 1685111863.0639937
  start: 1685111541.3947532
