event_sleeping:
  end: 1685112753.0201383
  start: 1685112591.3632138
