event_sleeping:
  end: 1685110320.556077
  start: 1685110056.420117
