event_sleeping:
  end: 1685113033.059988
  start: 1685112906.3260932
