event_sleeping:
  end: 1685109327.9980638
  start: 1685109201.29141
