event_sleeping:
  end: 1685111490.5635908
  start: 1685111151.318358
