event_sleeping:
  end: 1685110005.5636919
  start: 1685109768.8249826
