event_sleeping:
  end: 1685109718.02852
  start: 1685109378.8075478
