event_sleeping:
  end: 1685110998.0600326
  start: 1685110761.3206694
