event_sleeping:
  end: 1685112058.0440176
  start: 1685111913.8792713
