event_sleeping:
  end: 1685109150.474791
  start: 1685109150.4747713
