event_sleeping:
  end: 1685111100.5080333
  start: 1685111048.837141
