event_sleeping:
  end: 1685112540.5639784
  start: 1685112396.3399546
