event_sleeping:
  end: 1685112345.5600035
  start: 1685112108.9051316
