event_sleeping:
  end: 1685112855.5156193
  start: 1685112803.818079
