event_sleeping:
  end: 1685110710.524752
  start: 1685110371.389118
