event_sleeping:
  end: 1685111388.0603209
  start: 1685111226.358385
