event_sleeping:
  end: 1685109420.5472295
  start: 1685109293.8537247
