event_sleeping:
  end: 1685110107.9960332
  start: 1685110073.792881
