event_sleeping:
  end: 1685112345.4719818
  start: 1685111913.8853326
