event_sleeping:
  end: 1685111175.5638156
  start: 1685111031.2928293
