event_sleeping:
  end: 1685109523.0153852
  start: 1685109471.370799
