event_sleeping:
  end: 1685111863.063661
  start: 1685111736.3833458
