event_sleeping:
  end: 1685110692.997741
  start: 1685110658.8141263
