event_sleeping:
  end: 1685109243.0559564
  start: 1685109150.4749699
