event_sleeping:
  end: 1685109828.0598836
  start: 1685109573.8134217
