event_sleeping:
  end: 1685110980.4847202
  start: 1685110743.785303
