event_sleeping:
  end: 1685112448.0153415
  start: 1685112396.2728918
