event_sleeping:
  end: 1685111685.5601625
  start: 1685111438.8668199
