event_sleeping:
  end: 1685110023.003958
  start: 1685109878.8643649
