event_sleeping:
  end: 1685113533.0200367
  start: 1685112498.8076649
