event_sleeping:
  end: 1685109438.0637333
  start: 1685109276.3081493
