event_sleeping:
  end: 1685110710.5241134
  start: 1685110641.3477063
