event_sleeping:
  end: 1685111278.0050814
  start: 1685111226.3612895
