event_sleeping:
  end: 1685112252.9979892
  start: 1685112218.8340402
