event_sleeping:
  end: 1685110590.5592866
  start: 1685110463.7996855
