event_sleeping:
  end: 1685110413.020085
  start: 1685110268.7800763
