event_sleeping:
  end: 1685111778.0599174
  start: 1685111616.3737137
