event_sleeping:
  end: 1685110217.9680164
  start: 1685109878.84263
