event_sleeping:
  end: 1685113143.0601096
  start: 1685112888.82721
