event_sleeping:
  end: 1685112838.036645
  start: 1685112608.8910131
