event_sleeping:
  end: 1685111175.559971
  start: 1685110938.8959951
