event_sleeping:
  end: 1685112168.0280004
  start: 1685111828.8622298
