event_sleeping:
  end: 1685109828.0281434
  start: 1685109488.8569758
