event_sleeping:
  end: 1685110888.060091
  start: 1685110761.3228855
