event_sleeping:
  end: 1685111565.5636284
  start: 1685111328.7983098
