event_sleeping:
  end: 1685112558.0636365
  start: 1685112303.7914805
