event_sleeping:
  end: 1685109225.5320451
  start: 1685109150.4736705
