event_sleeping:
  end: 1685109243.0006757
  start: 1685109150.4717033
