event_sleeping:
  end: 1685111490.5641053
  start: 1685111346.2879088
