event_sleeping:
  end: 1685112465.4945662
  start: 1685112126.25629
