event_sleeping:
  end: 1685111193.0517447
  start: 1685111048.6879575
