event_sleeping:
  end: 1685111778.0638943
  start: 1685111541.3505766
