event_sleeping:
  end: 1685110997.9646482
  start: 1685110743.7848043
