event_sleeping:
  end: 1685113143.0603607
  start: 1685112888.8156226
