event_sleeping:
  end: 1685112838.0671144
  start: 1685112516.2563512
