event_sleeping:
  end: 1685110693.0639956
  start: 1685110158.7883391
