event_sleeping:
  end: 1685111295.512015
  start: 1685111243.7808106
