event_sleeping:
  end: 1685112075.480234
  start: 1685111828.7756772
