event_sleeping:
  end: 1685110108.0599926
  start: 1685109963.7538228
