event_sleeping:
  end: 1685109913.0201278
  start: 1685109378.7503135
