event_sleeping:
  end: 1685109327.9978156
  start: 1685109293.7429385
