event_sleeping:
  end: 1685110162.9720545
  start: 1685110019.1950052
