event_sleeping:
  end: 1685112502.968054
  start: 1685112359.159523
