event_sleeping:
  end: 1685111333.0080085
  start: 1685111189.1506872
