event_sleeping:
  end: 1685109188.003398
  start: 1685109150.4743867
