event_sleeping:
  end: 1685109383.0598338
  start: 1685109248.935557
