event_sleeping:
  end: 1685110943.063516
  start: 1685110799.2013311
