event_sleeping:
  end: 1685109773.0636752
  start: 1685109434.191254
