event_sleeping:
  end: 1685111137.9892962
  start: 1685110994.181726
