event_sleeping:
  end: 1685112113.063505
  start: 1685111824.6885746
