event_sleeping:
  end: 1685110358.0468798
  start: 1685110214.0972812
