event_sleeping:
  end: 1685112893.0040197
  start: 1685112749.2390683
