event_sleeping:
  end: 1685112307.9881504
  start: 1685112164.2073636
