event_sleeping:
  end: 1685110553.0200825
  start: 1685110409.2351928
