event_sleeping:
  end: 1685109968.063683
  start: 1685109824.222701
