event_sleeping:
  end: 1685111528.0640948
  start: 1685111384.1719065
