event_sleeping:
  end: 1685110748.0639002
  start: 1685110604.158636
