event_sleeping:
  end: 1685111723.0582614
  start: 1685111579.2195642
