event_sleeping:
  end: 1685112698.063561
  start: 1685112554.1276975
