event_sleeping:
  end: 1682987850.6393738
  start: 1682987637.048671
