event_sleeping:
  end: 1682987655.5616062
  start: 1682987637.0516386
