event_sleeping:
  end: 1682987730.635654
  start: 1682987637.0509346
