event_sleeping:
  end: 1682987730.6353755
  start: 1682987637.0489438
