event_sleeping:
  end: 1682987730.6357346
  start: 1682987637.05145
