event_sleeping:
  end: 1682987693.0995257
  start: 1682987637.0511365
