event_sleeping:
  end: 1682987888.1195161
  start: 1682987761.0812654
