event_sleeping_wait_all:
  end: 1685596431.6601152
  start: 1685596288.5360026
