event_sleeping_wait_all:
  end: 1685596236.6039116
  start: 1685596203.6470356
