event_sleeping_wait_all:
  end: 1685596151.6923463
  start: 1685595916.1097786
