event_sleeping:
  end: 1685595864.1921434
  start: 1685595669.1047523
