event_sleeping_wait_all:
  end: 1685597109.1926963
  start: 1685596678.648536
