event_sleeping_wait_all:
  end: 1685596626.6921222
  start: 1685596483.6295023
