event_sleeping_wait_all:
  end: 1685597304.0999773
  start: 1685597161.0801413
