event_sleeping:
  end: 1685595669.1003287
  start: 1685595669.1002333
