event_sleeping_wait_all:
  end: 1685596236.6841002
  start: 1685595898.3579147
