event_sleeping_wait_all:
  end: 1685595846.692634
  start: 1685595720.8041859
