event_sleeping_wait_all:
  end: 1685596821.6925683
  start: 1685596593.3426898
