event_sleeping_wait_all:
  end: 1685596541.6927123
  start: 1685596288.3865504
