event_sleeping_wait_all:
  end: 1685597229.1088696
  start: 1685596873.3539996
