event_sleeping_wait_all:
  end: 1685596524.1605453
  start: 1685596380.8972318
