event_sleeping_wait_all:
  end: 1685596041.6258888
  start: 1685596008.2752085
