event_sleeping_wait_all:
  end: 1685597229.1082478
  start: 1685597178.3303144
