event_sleeping_wait_all:
  end: 1685596626.6400416
  start: 1685596575.8379762
