event_sleeping_wait_all:
  end: 1685596329.192902
  start: 1685596093.2620552
