event_sleeping_wait_all:
  end: 1685595956.6361563
  start: 1685595813.3632903
