event_sleeping_wait_all:
  end: 1685597126.6924706
  start: 1685596678.2906704
