event_sleeping:
  end: 1685595761.6839185
  start: 1685595669.1039834
