event_sleeping_wait_all:
  end: 1685596931.6441498
  start: 1685596788.2618885
