event_sleeping_wait_all:
  end: 1685595939.1825814
  start: 1685595813.2843776
