event_sleeping_wait_all:
  end: 1685597211.6496136
  start: 1685597160.7880583
