event_sleeping_wait_all:
  end: 1685596346.692253
  start: 1685595990.8214095
