event_sleeping:
  end: 1685595761.628271
  start: 1685595669.1010177
