event_sleeping_wait_all:
  end: 1685597109.1402097
  start: 1685596983.341704
