event_sleeping_wait_all:
  end: 1685596736.6430936
  start: 1685596398.366008
