event_sleeping_wait_all:
  end: 1685597424.1925735
  start: 1685597263.3341484
