event_sleeping_wait_all:
  end: 1685596644.126048
  start: 1685596500.74907
