event_sleeping_wait_all:
  end: 1685597211.6120741
  start: 1685596695.7565262
