event_sleeping:
  end: 1685595761.6842818
  start: 1685595669.101732
