event_sleeping_wait_all:
  end: 1685595864.1039407
  start: 1685595813.2910972
