event_sleeping_wait_all:
  end: 1685597499.1519954
  start: 1685597263.2540014
