event_sleeping_wait_all:
  end: 1685596449.1481724
  start: 1685595915.6700234
