event_sleeping:
  end: 1685596291.6131964
  start: 1685595964.8852499
