event_sleeping_wait_all:
  end: 1685597461.6843612
  start: 1685597318.6783824
