event_sleeping:
  end: 1685597266.6520274
  start: 1685597123.5842378
