event_sleeping:
  end: 1685596486.592927
  start: 1685596343.6742187
