event_sleeping:
  end: 1685596681.628049
  start: 1685596538.6963382
