event_sleeping:
  end: 1685596876.69263
  start: 1685596733.674564
