event_sleeping:
  end: 1685595901.6910098
  start: 1685595758.3300276
