event_sleeping:
  end: 1685595706.6000957
  start: 1685595669.0968757
