event_sleeping:
  end: 1685597071.5985842
  start: 1685596928.7265806
