event_sleeping:
  end: 1685368545.0660439
  start: 1685368476.1310027
