event_sleeping:
  end: 1685366790.1458163
  start: 1685366646.1881082
