event_sleeping:
  end: 1685369520.102533
  start: 1685368968.7209618
