event_sleeping:
  end: 1685367645.1458375
  start: 1685367501.258113
