event_sleeping:
  end: 1685368425.052142
  start: 1685368281.2497885
