event_sleeping:
  end: 1685366985.0526278
  start: 1685366841.228004
