event_sleeping:
  end: 1685367857.6280458
  start: 1685367696.2681954
