event_sleeping:
  end: 1685368832.6462755
  start: 1685368596.1528833
