event_sleeping:
  end: 1685367942.5798814
  start: 1685367908.7140667
