event_sleeping:
  end: 1685369807.5800374
  start: 1685369571.1712468
