event_sleeping:
  end: 1685366595.143861
  start: 1685366433.691593
