event_sleeping:
  end: 1685368917.5797322
  start: 1685368883.735563
