event_sleeping:
  end: 1685368230.1414223
  start: 1685367993.6481013
