event_sleeping:
  end: 1685367450.1439614
  start: 1685367036.1365798
