event_sleeping:
  end: 1685366382.6125166
  start: 1685365992.5568721
