event_sleeping:
  end: 1685366492.6462808
  start: 1685366255.9481127
