event_sleeping:
  end: 1685369715.143892
  start: 1685368773.371652
