event_sleeping:
  end: 1685366967.6285832
  start: 1685366645.9029238
