event_sleeping:
  end: 1685368137.6282256
  start: 1685368010.9116693
