event_sleeping:
  end: 1685367272.5681376
  start: 1685367018.4192212
