event_sleeping:
  end: 1685366595.0977347
  start: 1685366543.445288
