event_sleeping:
  end: 1685367960.0921185
  start: 1685367890.9186735
