event_sleeping:
  end: 1685366205.1459196
  start: 1685366043.3424077
