event_sleeping:
  end: 1685367357.5799785
  start: 1685367323.327015
