event_sleeping:
  end: 1685368527.6461432
  start: 1685368383.474272
