event_sleeping:
  end: 1685367840.1461256
  start: 1685367713.4530137
