event_sleeping:
  end: 1685365992.556234
  start: 1685365992.555793
