event_sleeping:
  end: 1685368332.646309
  start: 1685368188.4556243
