event_sleeping:
  end: 1685369892.6040485
  start: 1685369765.8956633
