event_sleeping:
  end: 1685367662.6460667
  start: 1685367408.3956509
