event_sleeping:
  end: 1685368722.5561147
  start: 1685368578.4494805
