event_sleeping:
  end: 1685369697.6440058
  start: 1685369358.4641654
