event_sleeping:
  end: 1685370197.5961745
  start: 1685369748.409058
