event_sleeping:
  end: 1685369307.6458778
  start: 1685368968.4167998
