event_sleeping:
  end: 1685368917.5798998
  start: 1685368883.4351048
