event_sleeping:
  end: 1685365992.5561557
  start: 1685365992.5560868
