event_sleeping:
  end: 1685366985.1173434
  start: 1685366915.8930228
