event_sleeping:
  end: 1685367357.5801249
  start: 1685367035.9116626
