event_sleeping:
  end: 1685368442.623147
  start: 1685368280.9649248
