event_sleeping:
  end: 1685368832.645983
  start: 1685368595.9017696
