event_sleeping:
  end: 1685367570.0921261
  start: 1685367408.396849
