event_sleeping:
  end: 1685366865.0840747
  start: 1685366720.9338841
