event_sleeping:
  end: 1685368230.1366236
  start: 1685367993.4136794
