event_sleeping:
  end: 1685368545.1024907
  start: 1685368493.44705
