event_sleeping:
  end: 1685366670.1459534
  start: 1685366043.3570523
