event_sleeping:
  end: 1685367840.1467667
  start: 1685367620.898815
