event_sleeping:
  end: 1685368620.1463275
  start: 1685368475.9606707
