event_sleeping:
  end: 1685367450.0761843
  start: 1685367305.9310858
