event_sleeping:
  end: 1685370197.6456947
  start: 1685369748.378022
