event_sleeping:
  end: 1685366085.1398304
  start: 1685365992.552939
