event_sleeping:
  end: 1685369112.6007876
  start: 1685368670.974071
