event_sleeping:
  end: 1685366772.572024
  start: 1685366628.4266744
