event_sleeping:
  end: 1685369697.5801039
  start: 1685369663.4826193
