event_sleeping:
  end: 1685368155.1121078
  start: 1685368085.9030597
