event_sleeping:
  end: 1685366967.6187038
  start: 1685366823.380683
