event_sleeping:
  end: 1685368035.084062
  start: 1685367620.9570189
