event_sleeping:
  end: 1685368425.1440747
  start: 1685368205.8857505
