event_sleeping:
  end: 1685367570.125816
  start: 1685367500.9004538
