event_sleeping:
  end: 1685366382.6119385
  start: 1685366135.9765716
