event_sleeping:
  end: 1685366577.6459634
  start: 1685366433.454328
