event_sleeping:
  end: 1685369612.6458404
  start: 1685369163.410399
