event_sleeping:
  end: 1685367255.1474028
  start: 1685367018.4189854
