event_sleeping:
  end: 1685369715.144209
  start: 1685369553.3218248
