event_sleeping:
  end: 1685368620.1460478
  start: 1685368298.3018804
