event_sleeping:
  end: 1685369502.5800738
  start: 1685369468.3552697
