event_sleeping:
  end: 1685366985.0624187
  start: 1685366933.3637986
