event_sleeping:
  end: 1685366382.5800025
  start: 1685366348.3635645
