event_sleeping:
  end: 1685368722.595928
  start: 1685368670.8721073
