event_sleeping:
  end: 1685365992.5549903
  start: 1685365992.554947
