event_sleeping:
  end: 1685367467.5709138
  start: 1685367323.3444278
