event_sleeping:
  end: 1685368052.6460006
  start: 1685367798.3332248
