event_sleeping:
  end: 1685370180.0600429
  start: 1685369765.8939495
