event_sleeping:
  end: 1685369417.625317
  start: 1685369273.4112878
