event_sleeping:
  end: 1685369222.6457477
  start: 1685368968.4174035
