event_sleeping:
  end: 1685367272.6440058
  start: 1685367035.821336
