event_sleeping:
  end: 1685366297.6460981
  start: 1685366043.2938955
