event_sleeping:
  end: 1685366882.6457455
  start: 1685366433.3155718
