event_sleeping:
  end: 1685367747.5767093
  start: 1685367518.3028808
