event_sleeping:
  end: 1685368247.5505354
  start: 1685368103.3835068
