event_sleeping:
  end: 1685368917.6491818
  start: 1685368773.3255382
