event_sleeping:
  end: 1685367802.639986
  start: 1685367708.9250455
