event_sleeping:
  end: 1685368582.6082351
  start: 1685368438.7756183
