event_sleeping:
  end: 1685368777.6460664
  start: 1685368633.7615693
