event_sleeping:
  end: 1685367607.5640566
  start: 1685367463.7867727
