event_sleeping:
  end: 1685367997.6071155
  start: 1685367853.8027165
