event_sleeping:
  end: 1685366632.6460814
  start: 1685366488.8051612
