event_sleeping:
  end: 1685367217.6457653
  start: 1685367073.8168612
