event_sleeping:
  end: 1685369752.6460342
  start: 1685369608.8093693
