event_sleeping:
  end: 1685368387.6459599
  start: 1685368243.7358587
