event_sleeping:
  end: 1685368192.5721014
  start: 1685368048.760294
