event_sleeping:
  end: 1685366827.6440752
  start: 1685366683.7762828
