event_sleeping:
  end: 1685367022.6323628
  start: 1685366878.7777362
