event_sleeping:
  end: 1685366047.5560586
  start: 1685365992.5544376
