event_sleeping:
  end: 1685366242.6464572
  start: 1685366098.4123917
