event_sleeping:
  end: 1685366437.6457913
  start: 1685366293.795724
