event_sleeping:
  end: 1685369557.6458642
  start: 1685368828.792391
