event_sleeping:
  end: 1685367412.6462622
  start: 1685367268.816795
