event_sleeping_wait_all:
  end: 1684872517.404223
  start: 1684872086.898278
