event_sleeping_wait_all:
  end: 1684872712.412024
  start: 1684872569.3174305
