event_sleeping_wait_all:
  end: 1684872034.9959297
  start: 1684871891.9039319
