event_sleeping_wait_all:
  end: 1684871839.9995387
  start: 1684871696.856706
