event_sleeping_wait_all:
  end: 1684871559.9320138
  start: 1684871324.427829
