event_sleeping:
  end: 1684871272.5002022
  start: 1684871077.4101913
