event_sleeping_wait_all:
  end: 1684871644.9325957
  start: 1684871611.8662288
