event_sleeping_wait_all:
  end: 1684872229.999342
  start: 1684872001.6344943
