event_sleeping_wait_all:
  end: 1684871644.9960792
  start: 1684871306.5360167
