event_sleeping:
  end: 1684871254.9019246
  start: 1684871129.0887418
