event_sleeping:
  end: 1684871077.4083352
  start: 1684871077.4081316
