event_sleeping_wait_all:
  end: 1684872637.4960766
  start: 1684872281.6667354
