event_sleeping_wait_all:
  end: 1684871949.9481547
  start: 1684871696.6294863
