event_sleeping:
  end: 1684871737.4761472
  start: 1684871501.6003294
