event_sleeping:
  end: 1684871364.9994504
  start: 1684871221.6196244
