event_sleeping:
  end: 1684871449.932674
  start: 1684871416.6444194
