event_sleeping_wait_all:
  end: 1684872534.905677
  start: 1684872086.6393676
