event_sleeping_wait_all:
  end: 1684872637.4101028
  start: 1684872586.511546
