event_sleeping_wait_all:
  end: 1684871932.4407008
  start: 1684871789.155241
