event_sleeping_wait_all:
  end: 1684872034.9504025
  start: 1684871984.1329327
