event_sleeping:
  end: 1684871169.9921184
  start: 1684871077.4078293
