event_sleeping:
  end: 1684871169.9080534
  start: 1684871077.4091094
