event_sleeping_wait_all:
  end: 1684872619.9501517
  start: 1684872569.1083608
