event_sleeping_wait_all:
  end: 1684872832.4994953
  start: 1684872671.6103256
