event_sleeping_wait_all:
  end: 1684872144.9640875
  start: 1684871806.5983398
