event_sleeping_wait_all:
  end: 1684872339.9320815
  start: 1684872196.6226442
