event_sleeping_wait_all:
  end: 1684871754.9958384
  start: 1684871399.1196973
