event_sleeping_wait_all:
  end: 1684872517.4961438
  start: 1684872391.6191647
