event_sleeping:
  end: 1684871347.4520402
  start: 1684871221.5762343
