event_sleeping_wait_all:
  end: 1684872907.4995759
  start: 1684872671.5319445
