event_sleeping_wait_all:
  end: 1684872619.9499214
  start: 1684872104.0664673
