event_sleeping:
  end: 1684871169.9929175
  start: 1684871077.4099188
