event_sleeping_wait_all:
  end: 1684871857.4042215
  start: 1684871324.0320046
