event_sleeping_wait_all:
  end: 1684872052.4442232
  start: 1684871909.0320346
