event_sleeping:
  end: 1684871272.4514828
  start: 1684871221.5760303
