event_sleeping:
  end: 1684872089.9911752
  start: 1684871946.9999084
