event_sleeping:
  end: 1684871309.9040015
  start: 1684871166.9388921
