event_sleeping:
  end: 1684871699.9995205
  start: 1684871361.9612405
