event_sleeping:
  end: 1684871894.9995794
  start: 1684871751.9666588
