event_sleeping:
  end: 1684872479.9993997
  start: 1684872336.9128656
