event_sleeping:
  end: 1684872674.9999413
  start: 1684872532.0517213
