event_sleeping_wait_all:
  end: 1684872869.9481828
  start: 1684872726.996256
