event_sleeping:
  end: 1684871114.9376154
  start: 1684871077.4037023
