event_sleeping:
  end: 1684872284.923974
  start: 1684872141.971091
