event_sleeping:
  end: 1683996497.0355582
  start: 1683996106.9520514
