event_sleeping:
  end: 1683996106.9426043
  start: 1683996106.9424713
