event_sleeping:
  end: 1683996106.9470189
  start: 1683996106.9469345
