event_sleeping:
  end: 1683996199.5275614
  start: 1683996106.944597
