event_sleeping:
  end: 1683996106.9430897
  start: 1683996106.9430544
