event_sleeping:
  end: 1683996161.9681506
  start: 1683996106.944023
