event_sleeping:
  end: 1683996552.0377784
  start: 1683996409.6967807
