event_sleeping:
  end: 1683996356.984224
  start: 1683996229.977213
