event_sleeping:
  end: 1682996268.7833395
  start: 1682996072.6890292
