event_sleeping:
  end: 1682996091.201351
  start: 1682996072.6863918
