event_sleeping:
  end: 1682996183.7835956
  start: 1682996072.6885111
