event_sleeping:
  end: 1682996166.2554445
  start: 1682996072.688645
