event_sleeping:
  end: 1682996183.7275953
  start: 1682996072.6867547
