event_sleeping:
  end: 1682996323.779502
  start: 1682996184.9753978
