event_sleeping:
  end: 1682996128.7395837
  start: 1682996072.6887314
