event_sleeping_wait_all:
  end: 1683081073.4634664
  start: 1683081010.090586
