event_sleeping_wait_all:
  end: 1683082683.499612
  start: 1683082150.1951332
