event_sleeping_wait_all:
  end: 1683082098.4836352
  start: 1683081955.1883202
