event_sleeping_wait_all:
  end: 1683081463.5045283
  start: 1683081320.1573431
