event_sleeping_wait_all:
  end: 1683081268.503005
  start: 1683081125.04747
