event_sleeping_wait_all:
  end: 1683081903.408305
  start: 1683081515.2586365
