event_sleeping_wait_all:
  end: 1683080958.4995246
  start: 1683080705.263694
