event_sleeping:
  end: 1683080653.5033839
  start: 1683080458.411357
