event_sleeping_wait_all:
  end: 1683080683.5029376
  start: 1683080510.1396577
