event_sleeping_wait_all:
  end: 1683081628.5033987
  start: 1683081400.157351
