event_sleeping_wait_all:
  end: 1683081348.4995184
  start: 1683081125.2546363
