event_sleeping:
  end: 1683080458.4116704
  start: 1683080458.4116194
