event_sleeping_wait_all:
  end: 1683081073.4993906
  start: 1683080735.1329334
