event_sleeping_wait_all:
  end: 1683082018.5038283
  start: 1683081680.2049565
