event_sleeping_wait_all:
  end: 1683082293.5038724
  start: 1683082070.1693854
