event_sleeping_wait_all:
  end: 1683082293.5032098
  start: 1683082100.3388128
