event_sleeping_wait_all:
  end: 1683082048.4117122
  start: 1683081985.4193428
