event_sleeping_wait_all:
  end: 1683081318.4993951
  start: 1683081175.4566445
