event_sleeping:
  end: 1683080568.4748263
  start: 1683080458.409195
