event_sleeping_wait_all:
  end: 1683081123.4994528
  start: 1683080900.3765695
