event_sleeping_wait_all:
  end: 1683080848.4354355
  start: 1683080815.3778048
