event_sleeping_wait_all:
  end: 1683081933.503312
  start: 1683081515.4673324
