event_sleeping_wait_all:
  end: 1683081463.495519
  start: 1683081370.4126794
