event_sleeping_wait_all:
  end: 1683080763.4994924
  start: 1683080620.4332976
