event_sleeping_wait_all:
  end: 1683081903.4076447
  start: 1683081760.096131
