event_sleeping:
  end: 1683080538.479694
  start: 1683080458.4117959
