event_sleeping_wait_all:
  end: 1683082213.4556036
  start: 1683082100.142727
