event_sleeping_wait_all:
  end: 1683082048.4956563
  start: 1683081955.021799
