event_sleeping_wait_all:
  end: 1683081543.503089
  start: 1683081205.1043205
