event_sleeping_wait_all:
  end: 1683080763.4286375
  start: 1683080590.1676576
