event_sleeping_wait_all:
  end: 1683081153.41556
  start: 1683080815.0158312
