event_sleeping_wait_all:
  end: 1683081708.4316287
  start: 1683081595.097345
