event_sleeping_wait_all:
  end: 1683082488.4996195
  start: 1683082265.125734
