event_sleeping_wait_all:
  end: 1683082518.4994926
  start: 1683082375.1663861
