event_sleeping_wait_all:
  end: 1683081238.5033708
  start: 1683080705.1253479
