event_sleeping_wait_all:
  end: 1683082798.4995723
  start: 1683082655.1163104
