event_sleeping_wait_all:
  end: 1683080653.4361894
  start: 1683080620.2018628
