event_sleeping_wait_all:
  end: 1683082603.4083307
  start: 1683082570.177905
