event_sleeping_wait_all:
  end: 1683082323.4993603
  start: 1683082070.1831396
