event_sleeping_wait_all:
  end: 1683081463.4396145
  start: 1683081290.159601
