event_sleeping:
  end: 1683080568.4743855
  start: 1683080458.410284
