event_sleeping_wait_all:
  end: 1683083073.503417
  start: 1683082850.2212787
