event_sleeping_wait_all:
  end: 1683082018.503403
  start: 1683081515.107701
