event_sleeping_wait_all:
  end: 1683082658.4745467
  start: 1683082515.024305
