event_sleeping:
  end: 1683082268.5027966
  start: 1683082125.1380234
