event_sleeping_wait_all:
  end: 1683082463.4315896
  start: 1683082320.1046882
