event_sleeping:
  end: 1683081683.5030158
  start: 1683081540.078534
