event_sleeping_wait_all:
  end: 1683083048.5030978
  start: 1683082904.9994712
