event_sleeping:
  end: 1683081488.4436927
  start: 1683081345.0337043
