event_sleeping:
  end: 1683080708.5032082
  start: 1683080565.0735419
