event_sleeping:
  end: 1683080513.457946
  start: 1683080458.4068089
