event_sleeping:
  end: 1683081878.4235551
  start: 1683081735.1190617
