event_sleeping:
  end: 1683082073.5031273
  start: 1683081930.0175335
