event_sleeping_wait_all:
  end: 1683082853.4236207
  start: 1683082710.06463
