event_sleeping:
  end: 1683081098.49956
  start: 1683080760.1144755
