event_sleeping:
  end: 1683081293.423652
  start: 1683081150.0868042
