event_sleeping:
  end: 1685499120.5320442
  start: 1685498942.9456024
