event_sleeping:
  end: 1685498942.9406188
  start: 1685498942.9404926
