event_sleeping:
  end: 1685499035.5576556
  start: 1685498942.9425695
