event_sleeping:
  end: 1685499018.009971
  start: 1685498942.9413164
