event_sleeping:
  end: 1685499035.5270991
  start: 1685498942.9418123
