event_sleeping:
  end: 1685498980.4706945
  start: 1685498942.9428186
