event_sleeping:
  end: 1685499175.53259
  start: 1685499036.7727418
