event_sleeping_wait_all:
  end: 1685599009.3961587
  start: 1685598578.8782372
