event_sleeping_wait_all:
  end: 1685598526.9344366
  start: 1685598383.9067028
