event_sleeping_wait_all:
  end: 1685598331.9638412
  start: 1685598188.828786
