event_sleeping:
  end: 1685597764.4639072
  start: 1685597569.3723912
