event_sleeping_wait_all:
  end: 1685599204.4632745
  start: 1685599061.3366115
