event_sleeping_wait_all:
  end: 1685598136.8975718
  start: 1685598103.8481677
