event_sleeping_wait_all:
  end: 1685598051.8761387
  start: 1685597816.4390726
