event_sleeping_wait_all:
  end: 1685598721.963877
  start: 1685598493.5637057
