event_sleeping_wait_all:
  end: 1685598136.9640875
  start: 1685597798.5974813
