event_sleeping_wait_all:
  end: 1685599129.4638674
  start: 1685598773.6165152
