event_sleeping:
  end: 1685597569.372928
  start: 1685597569.3728735
