event_sleeping_wait_all:
  end: 1685598441.9081223
  start: 1685598188.648874
