event_sleeping:
  end: 1685597746.964632
  start: 1685597621.1062949
