event_sleeping:
  end: 1685597661.9564774
  start: 1685597569.3731372
