event_sleeping:
  end: 1685597856.887959
  start: 1685597713.622401
