event_sleeping_wait_all:
  end: 1685598526.9001868
  start: 1685598476.1379464
