event_sleeping_wait_all:
  end: 1685598424.4441452
  start: 1685598281.1697104
