event_sleeping_wait_all:
  end: 1685599026.9081075
  start: 1685598578.576236
