event_sleeping:
  end: 1685597941.8959823
  start: 1685597908.575942
