event_sleeping_wait_all:
  end: 1685599129.3907526
  start: 1685599078.5523942
