event_sleeping:
  end: 1685598229.452102
  start: 1685597993.5429425
