event_sleeping:
  end: 1685597661.9559677
  start: 1685597569.373538
