event_sleeping_wait_all:
  end: 1685599111.9152513
  start: 1685599061.1190453
