event_sleeping_wait_all:
  end: 1685599324.4643302
  start: 1685599163.565281
