event_sleeping_wait_all:
  end: 1685598831.9647875
  start: 1685598688.621196
