event_sleeping_wait_all:
  end: 1685598636.9643762
  start: 1685598298.5509076
