event_sleeping_wait_all:
  end: 1685599009.464077
  start: 1685598883.637849
