event_sleeping:
  end: 1685597839.463742
  start: 1685597713.5942051
