event_sleeping_wait_all:
  end: 1685598246.8761132
  start: 1685597891.1466534
