event_sleeping_wait_all:
  end: 1685601561.9643312
  start: 1685601308.499499
