event_sleeping_wait_all:
  end: 1685606734.4152446
  start: 1685606683.5120285
