event_sleeping_wait_all:
  end: 1685607606.9638085
  start: 1685607446.0028706
