event_sleeping_wait_all:
  end: 1685606631.9350622
  start: 1685606396.0122924
