event_sleeping_wait_all:
  end: 1685606046.9239657
  start: 1685605903.580043
