event_sleeping_wait_all:
  end: 1685608971.912572
  start: 1685608736.0627546
