event_sleeping_wait_all:
  end: 1685600196.9491444
  start: 1685599943.473316
