event_sleeping_wait_all:
  end: 1685607801.9645648
  start: 1685607658.55857
