event_sleeping_wait_all:
  end: 1685599399.453824
  start: 1685599163.565583
