event_sleeping_wait_all:
  end: 1685603511.9420235
  start: 1685603258.5130842
