event_sleeping_wait_all:
  end: 1685605639.420011
  start: 1685605421.0531301
