event_sleeping_wait_all:
  end: 1685605156.9645348
  start: 1685605031.078526
