event_sleeping_wait_all:
  end: 1685601256.9070637
  start: 1685600918.478022
