event_sleeping:
  end: 1685597661.879791
  start: 1685597569.3732808
