event_sleeping_wait_all:
  end: 1685600866.877294
  start: 1685600528.6063254
