event_sleeping_wait_all:
  end: 1685604681.9642212
  start: 1685604343.537809
