event_sleeping_wait_all:
  end: 1685607996.964336
  start: 1685607853.5676737
