event_sleeping_wait_all:
  end: 1685604784.4119081
  start: 1685604733.5805461
