event_sleeping_wait_all:
  end: 1685608684.463962
  start: 1685608133.4780872
