event_sleeping:
  end: 1685597764.4119232
  start: 1685597713.4973674
