event_sleeping_wait_all:
  end: 1685599611.9644833
  start: 1685599451.0735114
