event_sleeping_wait_all:
  end: 1685602536.887963
  start: 1685602198.4619002
