event_sleeping_wait_all:
  end: 1685599696.8977973
  start: 1685599663.537415
