event_sleeping_wait_all:
  end: 1685606241.9340396
  start: 1685606098.5649683
