event_sleeping_wait_all:
  end: 1685605851.9375129
  start: 1685605691.0651553
