event_sleeping_wait_all:
  end: 1685600476.9641376
  start: 1685600248.5205889
