event_sleeping_wait_all:
  end: 1685603206.9118161
  start: 1685603155.9806528
