event_sleeping_wait_all:
  end: 1685598544.464259
  start: 1685598401.072269
