event_sleeping_wait_all:
  end: 1685605369.4644322
  start: 1685605208.554735
