event_sleeping_wait_all:
  end: 1685598349.4639862
  start: 1685597816.0648263
