event_sleeping_wait_all:
  end: 1685599111.9640734
  start: 1685598596.080347
