event_sleeping_wait_all:
  end: 1685599891.8651652
  start: 1685599748.4844363
