event_sleeping_wait_all:
  end: 1685606911.9514034
  start: 1685606785.9701872
