event_sleeping_wait_all:
  end: 1685608081.8958368
  start: 1685608048.6133988
