event_sleeping_wait_all:
  end: 1685601739.4642086
  start: 1685601613.5675416
