event_sleeping_wait_all:
  end: 1685604291.9639664
  start: 1685603563.5439055
