event_sleeping_wait_all:
  end: 1685601859.432794
  start: 1685601791.0736864
