event_sleeping_wait_all:
  end: 1685602621.8958833
  start: 1685602588.5120122
