event_sleeping_wait_all:
  end: 1685606344.4119895
  start: 1685606293.5347128
