event_sleeping_wait_all:
  end: 1685602146.876028
  start: 1685601910.9879196
