event_sleeping_wait_all:
  end: 1685603104.3678448
  start: 1685602868.5843892
