event_sleeping_wait_all:
  end: 1685607394.40395
  start: 1685607158.5939288
