event_sleeping_wait_all:
  end: 1685607106.9576886
  start: 1685606963.5484228
