event_sleeping_wait_all:
  end: 1685602816.9493976
  start: 1685602673.5125453
