event_sleeping_wait_all:
  end: 1685604979.463971
  start: 1685604836.028155
