event_sleeping:
  end: 1685598581.9080956
  start: 1685598439.0255291
