event_sleeping:
  end: 1685598971.8840282
  start: 1685598829.0009928
