event_sleeping:
  end: 1685597801.9644282
  start: 1685597658.9752512
