event_sleeping:
  end: 1685597606.9027433
  start: 1685597569.3683953
