event_sleeping:
  end: 1685598191.9640856
  start: 1685597853.9675462
