event_sleeping:
  end: 1685598386.9647732
  start: 1685598243.9387634
