event_sleeping:
  end: 1685598776.9647157
  start: 1685598633.9304416
