event_sleeping:
  end: 1685599166.8760693
  start: 1685599024.018279
