event_sleeping_wait_all:
  end: 1685599361.9482784
  start: 1685599218.9149885
