event_sleeping_wait_all:
  end: 1685536898.7680304
  start: 1685536663.2155695
