event_sleeping:
  end: 1685534253.817419
  start: 1685534058.761877
