event_sleeping_wait_all:
  end: 1685536313.8526604
  start: 1685535780.8173535
