event_sleeping:
  end: 1685534661.296899
  start: 1685534610.8193827
