event_sleeping_wait_all:
  end: 1685536611.2967942
  start: 1685536543.2243924
