event_sleeping_wait_all:
  end: 1685535728.8528109
  start: 1685535585.7706368
