event_sleeping:
  end: 1685534558.8525898
  start: 1685534305.7703667
