event_sleeping_wait_all:
  end: 1685535033.8645303
  start: 1685534908.2209282
