event_sleeping_wait_all:
  end: 1685537586.2640822
  start: 1685536950.7446241
