event_sleeping_wait_all:
  end: 1685535533.8518684
  start: 1685535085.8203142
