event_sleeping_wait_all:
  end: 1685534856.2841494
  start: 1685534713.2957945
