event_sleeping_wait_all:
  end: 1685536491.2560198
  start: 1685536365.7996166
