event_sleeping:
  end: 1685535228.8526452
  start: 1685535000.513416
