event_sleeping:
  end: 1685534253.816632
  start: 1685534110.3985114
