event_sleeping_wait_all:
  end: 1685537288.7569861
  start: 1685537035.4227736
