event_sleeping_wait_all:
  end: 1685537958.852065
  start: 1685537815.453858
