event_sleeping_wait_all:
  end: 1685539823.804103
  start: 1685539570.4363117
