event_sleeping_wait_all:
  end: 1685538348.7590787
  start: 1685538315.492133
