event_sleeping_wait_all:
  end: 1685537763.771917
  start: 1685537730.5014682
