event_sleeping:
  end: 1685535618.8518991
  start: 1685535280.5347977
