event_sleeping_wait_all:
  end: 1685540196.339628
  start: 1685539875.4771812
