event_sleeping_wait_all:
  end: 1685537483.8528059
  start: 1685537340.4047325
