event_sleeping:
  end: 1685535906.3534703
  start: 1685535670.492676
