event_sleeping_wait_all:
  end: 1685539238.8525796
  start: 1685539095.427046
