event_sleeping_wait_all:
  end: 1685538653.7601492
  start: 1685538400.46654
