event_sleeping_wait_all:
  end: 1685539043.7679913
  start: 1685538705.458923
