event_sleeping_wait_all:
  end: 1685536788.8281808
  start: 1685536450.5036478
