event_sleeping:
  end: 1685534058.7570512
  start: 1685534058.756665
