event_sleeping_wait_all:
  end: 1685536008.8032897
  start: 1685535958.052086
