event_sleeping:
  end: 1685534948.8529246
  start: 1685534695.5017364
