event_sleeping_wait_all:
  end: 1685538263.8528476
  start: 1685538010.5263953
