event_sleeping_wait_all:
  end: 1685536398.852084
  start: 1685536060.4939795
