event_sleeping_wait_all:
  end: 1685539518.780127
  start: 1685539290.5228639
