event_sleeping_wait_all:
  end: 1685537678.8529375
  start: 1685537535.539324
