event_sleeping:
  end: 1685534643.8519247
  start: 1685534305.4595425
