event_sleeping_wait_all:
  end: 1685536983.7663972
  start: 1685536840.5216858
