event_sleeping_wait_all:
  end: 1685537288.8525913
  start: 1685536840.5221004
