event_sleeping:
  end: 1685534931.2918987
  start: 1685534805.499895
