event_sleeping_wait_all:
  end: 1685539536.3040237
  start: 1685539485.5158222
