event_sleeping_wait_all:
  end: 1685537373.7719893
  start: 1685537340.5155032
