event_sleeping_wait_all:
  end: 1685538933.8432713
  start: 1685538790.4318173
