event_sleeping_wait_all:
  end: 1685538543.7861986
  start: 1685538510.4189935
