event_sleeping_wait_all:
  end: 1685535533.76008
  start: 1685535085.4502208
