event_sleeping_wait_all:
  end: 1685539128.7536545
  start: 1685538985.5250728
