event_sleeping_wait_all:
  end: 1685536593.8527205
  start: 1685536348.0463595
