event_sleeping_wait_all:
  end: 1685535636.3036168
  start: 1685535585.4402325
