event_sleeping:
  end: 1685534753.844023
  start: 1685534500.4559352
