event_sleeping_wait_all:
  end: 1685535033.8037179
  start: 1685534982.970156
