event_sleeping_wait_all:
  end: 1685538738.7670538
  start: 1685538595.483572
