event_sleeping_wait_all:
  end: 1685538458.7679956
  start: 1685537425.4094405
