event_sleeping_wait_all:
  end: 1685536118.8445234
  start: 1685535958.0323076
