event_sleeping_wait_all:
  end: 1685539433.8525229
  start: 1685539180.3903253
