event_sleeping:
  end: 1685534448.7860255
  start: 1685534415.53868
