event_sleeping_wait_all:
  end: 1685536788.8716505
  start: 1685536645.4942348
