event_sleeping:
  end: 1685534168.8440273
  start: 1685534058.7615452
