event_sleeping:
  end: 1685534363.8526838
  start: 1685534220.4946423
