event_sleeping_wait_all:
  end: 1685536296.3527822
  start: 1685536170.4961557
