event_sleeping_wait_all:
  end: 1685536101.3499582
  start: 1685535865.500667
