event_sleeping:
  end: 1685535143.756109
  start: 1685534805.5061438
