event_sleeping_wait_all:
  end: 1685536203.7864518
  start: 1685536153.0493035
