event_sleeping:
  end: 1685534753.8525448
  start: 1685534415.5705411
