event_sleeping:
  end: 1685535321.315985
  start: 1685535195.424577
