event_sleeping:
  end: 1685534168.8281205
  start: 1685534058.7617397
