event_sleeping_wait_all:
  end: 1685535813.8529232
  start: 1685535670.4065807
