event_sleeping_wait_all:
  end: 1685536491.256359
  start: 1685536255.4602613
