event_sleeping:
  end: 1685534363.853098
  start: 1685534220.534216
