event_sleeping_wait_all:
  end: 1685535618.783866
  start: 1685535585.4084122
