event_sleeping_wait_all:
  end: 1685536686.3518655
  start: 1685536542.936576
