event_sleeping:
  end: 1685535923.852761
  start: 1685535670.42595
