event_sleeping:
  end: 1685536398.770391
  start: 1685536255.4074953
