event_sleeping:
  end: 1685535033.8042428
  start: 1685534890.4871874
