event_sleeping:
  end: 1685534253.7858427
  start: 1685534220.4847374
