event_sleeping:
  end: 1685534168.8442547
  start: 1685534058.7620022
