event_sleeping:
  end: 1685536686.3520515
  start: 1685536450.3616583
