event_sleeping:
  end: 1685536118.8526568
  start: 1685535975.481375
