event_sleeping:
  end: 1685534838.8527746
  start: 1685534305.361941
