event_sleeping:
  end: 1685535618.85225
  start: 1685535085.4145746
