event_sleeping:
  end: 1685536203.786157
  start: 1685536170.4629405
