event_sleeping:
  end: 1685534893.8528364
  start: 1685534750.9123006
