event_sleeping_wait_all:
  end: 1685538598.852739
  start: 1685538455.8205073
