event_sleeping:
  end: 1685535868.7572742
  start: 1685535725.7904565
