event_sleeping_wait_all:
  end: 1685539378.852567
  start: 1685539040.8106916
