event_sleeping_wait_all:
  end: 1685538793.8333356
  start: 1685538650.860164
