event_sleeping:
  end: 1685536648.8527296
  start: 1685536505.8834677
