event_sleeping_wait_all:
  end: 1685538208.8526452
  start: 1685537870.8467772
