event_sleeping_wait_all:
  end: 1685537623.8041608
  start: 1685537480.8556924
