event_sleeping:
  end: 1685536258.7802215
  start: 1685536115.899158
