event_sleeping:
  end: 1685535283.8528109
  start: 1685535140.8886552
