event_sleeping:
  end: 1685536453.8403306
  start: 1685536310.781646
