event_sleeping:
  end: 1685535478.8528857
  start: 1685535335.8981078
