event_sleeping:
  end: 1685536063.8120818
  start: 1685535920.7645767
