event_sleeping_wait_all:
  end: 1685538988.7800114
  start: 1685538845.8612297
