event_sleeping:
  end: 1685535088.8525112
  start: 1685534945.8665714
