event_sleeping_wait_all:
  end: 1685540158.852512
  start: 1685539625.856479
