event_sleeping:
  end: 1685534113.8039908
  start: 1685534058.7551749
