event_sleeping:
  end: 1685534698.8525624
  start: 1685534360.8783188
