event_sleeping_wait_all:
  end: 1685537038.8527873
  start: 1685536700.881599
