event_sleeping_wait_all:
  end: 1685538403.7720573
  start: 1685538260.8309233
