event_sleeping_wait_all:
  end: 1685537818.8528993
  start: 1685537675.7858813
