event_sleeping_wait_all:
  end: 1685539573.8528535
  start: 1685539430.8732464
