event_sleeping:
  end: 1685535673.7839825
  start: 1685535530.9181483
