event_sleeping_wait_all:
  end: 1685537233.8527963
  start: 1685537090.8777416
