event_sleeping:
  end: 1685534308.8525205
  start: 1685534165.8412201
