event_sleeping_wait_all:
  end: 1685537428.8528342
  start: 1685537285.8674412
