event_sleeping:
  end: 1684827332.763999
  start: 1684827137.7285273
