event_sleeping:
  end: 1684827350.3076153
  start: 1684827189.3812864
