event_sleeping:
  end: 1684827137.7279062
  start: 1684827137.7276974
