event_sleeping:
  end: 1684827247.828841
  start: 1684827137.7264752
