event_sleeping:
  end: 1684827230.3147926
  start: 1684827137.7279797
