event_sleeping:
  end: 1684827247.7960007
  start: 1684827137.7281346
