event_sleeping:
  end: 1684827387.7874112
  start: 1684827244.448416
