event_sleeping:
  end: 1684827192.7771676
  start: 1684827137.7245502
