event_sleeping:
  end: 1684934207.780432
  start: 1684933954.685509
