event_sleeping_wait_all:
  end: 1684936260.230787
  start: 1684936209.6740081
