event_sleeping_wait_all:
  end: 1684935165.2813513
  start: 1684934752.1864758
