event_sleeping:
  end: 1684933902.7447784
  start: 1684933725.1925778
