event_sleeping:
  end: 1684934292.7133932
  start: 1684934259.7254786
