event_sleeping_wait_all:
  end: 1684936157.756097
  start: 1684936014.719292
