event_sleeping:
  end: 1684934505.2761881
  start: 1684934344.5932145
