event_sleeping_wait_all:
  end: 1684934700.2241433
  start: 1684934557.2435482
