event_sleeping_wait_all:
  end: 1684935377.780824
  start: 1684935217.2070684
