event_sleeping_wait_all:
  end: 1684935962.7799115
  start: 1684935429.6947145
