event_sleeping_wait_all:
  end: 1684934292.779861
  start: 1684933954.4244175
