event_sleeping_wait_all:
  end: 1684935572.780124
  start: 1684935336.9054892
