event_sleeping_wait_all:
  end: 1684935675.2119982
  start: 1684935624.358772
