event_sleeping_wait_all:
  end: 1684934580.2440717
  start: 1684934344.4433613
