event_sleeping_wait_all:
  end: 1684935285.218012
  start: 1684934946.9537303
