event_sleeping_wait_all:
  end: 1684934895.2803872
  start: 1684934631.926936
