event_sleeping_wait_all:
  end: 1684936065.2803776
  start: 1684935726.887985
