event_sleeping:
  end: 1684933902.7799046
  start: 1684933776.8713784
