event_sleeping:
  end: 1684933725.1909804
  start: 1684933725.1908078
