event_sleeping_wait_all:
  end: 1684935750.2810388
  start: 1684935606.9340296
