event_sleeping:
  end: 1684933995.2805493
  start: 1684933869.4139192
