event_sleeping_wait_all:
  end: 1684935962.6920679
  start: 1684935801.9529722
