event_sleeping_wait_all:
  end: 1684934597.7805352
  start: 1684934454.4493184
