event_sleeping_wait_all:
  end: 1684934682.7010124
  start: 1684934649.4458094
