event_sleeping_wait_all:
  end: 1684934402.7800658
  start: 1684934149.3927994
