event_sleeping_wait_all:
  end: 1684934097.7312455
  start: 1684934046.9739032
