event_sleeping_wait_all:
  end: 1684935182.7480597
  start: 1684934734.310741
