event_sleeping_wait_all:
  end: 1684936260.231116
  start: 1684936014.3383555
