event_sleeping_wait_all:
  end: 1684935267.7137406
  start: 1684935234.4263566
