event_sleeping_wait_all:
  end: 1684935555.280833
  start: 1684935319.3677444
