event_sleeping:
  end: 1684933817.7520394
  start: 1684933725.191495
