event_sleeping_wait_all:
  end: 1684934012.7799587
  start: 1684933851.9205916
