event_sleeping_wait_all:
  end: 1684936140.2621906
  start: 1684935904.3916562
