event_sleeping_wait_all:
  end: 1684935852.731308
  start: 1684935801.9283407
