event_sleeping_wait_all:
  end: 1684935165.2806137
  start: 1684935039.4145918
