event_sleeping_wait_all:
  end: 1684934402.729341
  start: 1684934064.4563408
