event_sleeping_wait_all:
  end: 1684935285.232017
  start: 1684935216.9301715
