event_sleeping_wait_all:
  end: 1684935462.7806792
  start: 1684935336.95133
