event_sleeping_wait_all:
  end: 1684935750.2806358
  start: 1684935514.4968948
