event_sleeping:
  end: 1684933800.2574034
  start: 1684933725.1921349
