event_sleeping_wait_all:
  end: 1684934987.780833
  start: 1684934844.4156685
