event_sleeping_wait_all:
  end: 1684934792.7320898
  start: 1684934454.4068692
