event_sleeping:
  end: 1684935267.71411
  start: 1684934734.2708254
