event_sleeping:
  end: 1684933817.7827668
  start: 1684933725.1924179
