event_sleeping:
  end: 1684933902.7136948
  start: 1684933869.3712325
