event_sleeping:
  end: 1684935572.7440333
  start: 1684935319.297815
