event_sleeping:
  end: 1684934682.6920524
  start: 1684934539.437448
