event_sleeping:
  end: 1684935767.7719522
  start: 1684935624.3307219
