event_sleeping:
  end: 1684934487.7803438
  start: 1684933954.2802703
