event_sleeping:
  end: 1684935870.2316391
  start: 1684935819.356059
