event_sleeping:
  end: 1684934542.7480793
  start: 1684934399.6857057
