event_sleeping:
  end: 1684934737.6919026
  start: 1684934594.8384619
