event_sleeping:
  end: 1684935517.6831725
  start: 1684935374.7101192
