event_sleeping:
  end: 1684934347.7431796
  start: 1684934009.8068655
