event_sleeping:
  end: 1684933957.7438507
  start: 1684933814.6855218
