event_sleeping:
  end: 1684935907.6879067
  start: 1684935764.768245
