event_sleeping:
  end: 1684935127.7806702
  start: 1684934984.7183573
