event_sleeping:
  end: 1684934932.7070858
  start: 1684934789.699348
