event_sleeping:
  end: 1684935712.7806234
  start: 1684935569.6925166
