event_sleeping:
  end: 1684935322.716118
  start: 1684935179.882758
