event_sleeping_wait_all:
  end: 1684936297.7481964
  start: 1684936154.8226836
