event_sleeping:
  end: 1684933762.6841784
  start: 1684933725.1866376
