event_sleeping_wait_all:
  end: 1684936102.7749403
  start: 1684935959.723923
