event_sleeping_wait_all:
  end: 1684081106.2516844
  start: 1684081072.9588315
