event_sleeping_wait_all:
  end: 1684080631.3314955
  start: 1684080487.938263
