event_sleeping_wait_all:
  end: 1684083166.331403
  start: 1684082717.9714153
