event_sleeping_wait_all:
  end: 1684083928.831657
  start: 1684083497.986475
