event_sleeping_wait_all:
  end: 1684082276.2355056
  start: 1684082242.903915
