event_sleeping_wait_all:
  end: 1684081588.8322072
  start: 1684081352.9553545
