event_sleeping_wait_all:
  end: 1684082666.331585
  start: 1684082327.8925672
