event_sleeping_wait_all:
  end: 1684082191.2791746
  start: 1684081937.8864112
