event_sleeping_wait_all:
  end: 1684080436.281369
  start: 1684080200.554093
