event_sleeping:
  end: 1684080148.8316445
  start: 1684079597.9384923
