event_sleeping_wait_all:
  end: 1684081301.3313613
  start: 1684081157.8818393
