event_sleeping_wait_all:
  end: 1684080826.3314505
  start: 1684080683.014443
