event_sleeping:
  end: 1684079461.3339431
  start: 1684079351.2446058
