event_sleeping:
  end: 1684079546.2650456
  start: 1684079512.9702673
