event_sleeping_wait_all:
  end: 1684081021.284189
  start: 1684080877.958672
