event_sleeping_wait_all:
  end: 1684081691.2834585
  start: 1684081640.4708805
