event_sleeping_wait_all:
  end: 1684081886.2466426
  start: 1684081742.9523478
