event_sleeping_wait_all:
  end: 1684083446.33146
  start: 1684083217.954047
