event_sleeping_wait_all:
  end: 1684081496.3314414
  start: 1684081352.9210799
