event_sleeping:
  end: 1684079351.243254
  start: 1684079351.2431998
