event_sleeping_wait_all:
  end: 1684081301.2638123
  start: 1684081250.5059743
