event_sleeping_wait_all:
  end: 1684080808.8316693
  start: 1684080572.9910169
