event_sleeping:
  end: 1684080343.8316276
  start: 1684079402.8863685
