event_sleeping_wait_all:
  end: 1684082191.278768
  start: 1684081852.9674256
