event_sleeping_wait_all:
  end: 1684082758.8335912
  start: 1684082633.0288925
