event_sleeping_wait_all:
  end: 1684082581.3315432
  start: 1684082242.946244
