event_sleeping_wait_all:
  end: 1684081021.3433511
  start: 1684080860.485825
