event_sleeping_wait_all:
  end: 1684081198.8317168
  start: 1684081072.9708242
