event_sleeping_wait_all:
  end: 1684080521.3315632
  start: 1684080395.5284886
