event_sleeping_wait_all:
  end: 1684081801.3116348
  start: 1684081547.986188
