event_sleeping:
  end: 1684080826.2476854
  start: 1684080377.9930897
