event_sleeping:
  end: 1684079546.255501
  start: 1684079512.9682255
