event_sleeping:
  end: 1684081003.83166
  start: 1684080877.878515
