event_sleeping_wait_all:
  end: 1684081216.2781672
  start: 1684081055.4940732
