event_sleeping_wait_all:
  end: 1684081496.2634466
  start: 1684081462.9191763
