event_sleeping_wait_all:
  end: 1684082098.8315508
  start: 1684081852.9923575
