event_sleeping:
  end: 1684080326.3314846
  start: 1684079987.9497037
