event_sleeping:
  end: 1684079936.3315294
  start: 1684079597.9134195
