event_sleeping_wait_all:
  end: 1684081411.2795434
  start: 1684081267.9043717
