event_sleeping_wait_all:
  end: 1684081801.3440285
  start: 1684081547.8557513
