event_sleeping:
  end: 1684079461.334782
  start: 1684079351.243514
