event_sleeping:
  end: 1684080826.2474463
  start: 1684080377.8982754
