event_sleeping:
  end: 1684079741.331462
  start: 1684079351.2482882
