event_sleeping_wait_all:
  end: 1684082471.3316007
  start: 1684082242.9636214
