event_sleeping:
  end: 1684080326.2555182
  start: 1684080292.9287589
