event_sleeping_wait_all:
  end: 1684081996.323904
  start: 1684081852.9804647
