event_sleeping:
  end: 1684081588.821287
  start: 1684081157.9364161
