event_sleeping_wait_all:
  end: 1684081801.3434355
  start: 1684081640.4648669
