event_sleeping_wait_all:
  end: 1684083073.8115819
  start: 1684082827.9318333
