event_sleeping_wait_all:
  end: 1684082776.2669334
  start: 1684082522.9833872
