event_sleeping:
  end: 1684081021.2846096
  start: 1684080877.8401933
