event_sleeping_wait_all:
  end: 1684082191.3341658
  start: 1684082047.9859867
