event_sleeping:
  end: 1684081106.265461
  start: 1684081072.9630518
