event_sleeping:
  end: 1684080241.2559452
  start: 1684079793.0331907
