event_sleeping_wait_all:
  end: 1684081903.8029828
  start: 1684081742.9168627
