event_sleeping:
  end: 1684080343.7435408
  start: 1684080182.863518
