event_sleeping_wait_all:
  end: 1684081198.735685
  start: 1684080860.3147771
