event_sleeping_wait_all:
  end: 1684081588.8205233
  start: 1684081250.3557599
