event_sleeping_wait_all:
  end: 1684081691.2841632
  start: 1684081640.4505463
