event_sleeping_wait_all:
  end: 1684083446.2671077
  start: 1684083412.8953502
