event_sleeping:
  end: 1684079851.2878213
  start: 1684079597.8419328
