event_sleeping:
  end: 1684079546.2558103
  start: 1684079402.8311775
