event_sleeping_wait_all:
  end: 1684080808.7475746
  start: 1684080395.3263836
