event_sleeping_wait_all:
  end: 1684082861.3315208
  start: 1684082522.8274567
