event_sleeping_wait_all:
  end: 1684083361.3126948
  start: 1684082912.9303815
