event_sleeping:
  end: 1684079351.2448142
  start: 1684079351.244774
