event_sleeping:
  end: 1684080046.3314211
  start: 1684079902.872636
