event_sleeping_wait_all:
  end: 1684083733.8030865
  start: 1684083497.872768
