event_sleeping_wait_all:
  end: 1684082386.3313775
  start: 1684081955.39801
