event_sleeping_wait_all:
  end: 1684082471.2669163
  start: 1684082437.9336987
