event_sleeping:
  end: 1684080131.2567253
  start: 1684080097.9388964
