event_sleeping:
  end: 1684081551.3336043
  start: 1684081408.2953508
