event_sleeping:
  end: 1684081356.3107295
  start: 1684081213.3195307
