event_sleeping_wait_all:
  end: 1684083111.2436035
  start: 1684082773.2853992
