event_sleeping:
  end: 1684082136.3335402
  start: 1684081993.3038032
