event_sleeping_wait_all:
  end: 1684082721.3333752
  start: 1684082188.2987885
