event_sleeping:
  end: 1684079406.2874522
  start: 1684079351.2395191
