event_sleeping:
  end: 1684080381.2956207
  start: 1684080238.3093975
