event_sleeping_wait_all:
  end: 1684083696.311497
  start: 1684083553.3328512
