event_sleeping:
  end: 1684081941.3315537
  start: 1684081603.3983274
