event_sleeping_wait_all:
  end: 1684083891.2790372
  start: 1684083748.3257892
