event_sleeping:
  end: 1684080771.2635074
  start: 1684080433.32175
