event_sleeping:
  end: 1684080186.3315291
  start: 1684079458.283192
