event_sleeping:
  end: 1684080966.2515473
  start: 1684080823.2803063
