event_sleeping_wait_all:
  end: 1684083501.331536
  start: 1684083163.2136786
