event_sleeping:
  end: 1684081161.3315034
  start: 1684081018.3106036
