event_sleeping:
  end: 1684929023.1439414
  start: 1684928845.5595741
