event_sleeping_wait_all:
  end: 1684931278.0600383
  start: 1684931135.0609562
