event_sleeping_wait_all:
  end: 1684929413.0547252
  start: 1684929380.0616114
