event_sleeping_wait_all:
  end: 1684929820.5242064
  start: 1684929677.541828
