event_sleeping_wait_all:
  end: 1684930285.5322073
  start: 1684929872.4830484
