event_sleeping_wait_all:
  end: 1684929328.1086912
  start: 1684929075.0790458
