event_sleeping_wait_all:
  end: 1684930498.0894618
  start: 1684930337.4644198
