event_sleeping_wait_all:
  end: 1684931083.1004298
  start: 1684930550.039886
