event_sleeping_wait_all:
  end: 1684931380.5229402
  start: 1684931330.0012953
