event_sleeping_wait_all:
  end: 1684929625.6071117
  start: 1684929464.9727104
