event_sleeping:
  end: 1684928845.5273244
  start: 1684928845.5265987
