event_sleeping_wait_all:
  end: 1684932040.6070733
  start: 1684931804.801795
