event_sleeping_wait_all:
  end: 1684930405.5328023
  start: 1684930067.196662
