event_sleeping_wait_all:
  end: 1684930015.5240903
  start: 1684929752.2826183
