event_sleeping_wait_all:
  end: 1684930693.0480108
  start: 1684930457.2433083
