event_sleeping_wait_all:
  end: 1684929700.6141634
  start: 1684929464.7471342
