event_sleeping_wait_all:
  end: 1684931753.1160083
  start: 1684931609.7618747
