event_sleeping_wait_all:
  end: 1684930795.5515008
  start: 1684930744.723942
