event_sleeping_wait_all:
  end: 1684931185.6201363
  start: 1684930847.2402947
