event_sleeping_wait_all:
  end: 1684929413.093407
  start: 1684929074.6962833
