event_sleeping_wait_all:
  end: 1684931558.1198356
  start: 1684931237.2980797
