event_sleeping_wait_all:
  end: 1684929023.0373642
  start: 1684928897.1719682
