event_sleeping_wait_all:
  end: 1684929803.0359044
  start: 1684929769.76531
