event_sleeping_wait_all:
  end: 1684930675.621731
  start: 1684930439.6994414
