event_sleeping_wait_all:
  end: 1684929718.0926697
  start: 1684929574.7118776
