event_sleeping_wait_all:
  end: 1684929523.0881684
  start: 1684929269.6842155
