event_sleeping_wait_all:
  end: 1684931380.621631
  start: 1684931134.7765942
