event_sleeping:
  end: 1684928938.118623
  start: 1684928845.5318365
