event_sleeping_wait_all:
  end: 1684929218.0240903
  start: 1684929167.2885098
