event_sleeping_wait_all:
  end: 1684930303.0361044
  start: 1684929854.7082005
