event_sleeping_wait_all:
  end: 1684930870.588126
  start: 1684930727.276769
