event_sleeping_wait_all:
  end: 1684931083.1000764
  start: 1684930922.2419107
