event_sleeping_wait_all:
  end: 1684929115.621723
  start: 1684928989.8076992
