event_sleeping_wait_all:
  end: 1684930388.0550284
  start: 1684930354.6771863
