event_sleeping_wait_all:
  end: 1684932533.0960784
  start: 1684932304.7602756
