event_sleeping_wait_all:
  end: 1684930405.5321245
  start: 1684930337.2425098
