event_sleeping_wait_all:
  end: 1684932253.100075
  start: 1684931999.7248354
