event_sleeping_wait_all:
  end: 1684929523.1211886
  start: 1684929184.6995463
