event_sleeping_wait_all:
  end: 1684929133.0922976
  start: 1684928972.295619
