event_sleeping_wait_all:
  end: 1684929913.12003
  start: 1684929574.7530787
