event_sleeping_wait_all:
  end: 1684931948.027614
  start: 1684931914.702858
