event_sleeping_wait_all:
  end: 1684930870.620834
  start: 1684930634.7834365
