event_sleeping_wait_all:
  end: 1684932838.1217878
  start: 1684932584.7703695
