event_sleeping_wait_all:
  end: 1684930973.0723825
  start: 1684930922.3053033
