event_sleeping_wait_all:
  end: 1684933600.62182
  start: 1684932889.7778761
