event_sleeping_wait_all:
  end: 1684931260.6070552
  start: 1684931024.7223675
