event_sleeping_wait_all:
  end: 1684930108.0816646
  start: 1684929964.7667696
