event_sleeping:
  end: 1684928920.6000323
  start: 1684928845.5361223
