event_sleeping_wait_all:
  end: 1684930285.5440736
  start: 1684930159.761824
