event_sleeping_wait_all:
  end: 1684930583.0882473
  start: 1684930457.2430491
