event_sleeping_wait_all:
  end: 1684931473.024043
  start: 1684931312.285738
