event_sleeping_wait_all:
  end: 1684931863.0360699
  start: 1684931524.6334257
