event_sleeping:
  end: 1684928938.1171823
  start: 1684928845.5355804
