event_sleeping_wait_all:
  end: 1684929803.0689735
  start: 1684929659.7064881
