event_sleeping_wait_all:
  end: 1684930990.556174
  start: 1684930939.6904883
