event_sleeping_wait_all:
  end: 1684930693.0483484
  start: 1684930439.6792588
