event_sleeping_wait_all:
  end: 1684930888.092322
  start: 1684930744.6709156
