event_sleeping_wait_all:
  end: 1684931185.532149
  start: 1684931042.1432545
