event_sleeping_wait_all:
  end: 1684930388.055381
  start: 1684929854.6671443
