event_sleeping_wait_all:
  end: 1684929023.0278807
  start: 1684928989.692718
