event_sleeping_wait_all:
  end: 1684929608.1131275
  start: 1684929074.6195552
