event_sleeping_wait_all:
  end: 1684931473.1052518
  start: 1684931237.1829395
