event_sleeping_wait_all:
  end: 1684931770.6216161
  start: 1684931524.669465
