event_sleeping:
  end: 1684931223.0881975
  start: 1684931080.0851495
