event_sleeping:
  end: 1684929663.0881193
  start: 1684929520.0491276
