event_sleeping:
  end: 1684929468.103197
  start: 1684929130.0573785
