event_sleeping_wait_all:
  end: 1684933368.1215491
  start: 1684933225.1600194
