event_sleeping:
  end: 1684930053.1033313
  start: 1684929910.0860949
