event_sleeping:
  end: 1684928883.0359378
  start: 1684928845.534125
