event_sleeping_wait_all:
  end: 1684932198.043947
  start: 1684932055.1093986
