event_sleeping_wait_all:
  end: 1684932588.0279622
  start: 1684932445.02023
