event_sleeping:
  end: 1684931418.0721927
  start: 1684931275.1536405
