event_sleeping:
  end: 1684930833.1211205
  start: 1684930690.0746276
