event_sleeping_wait_all:
  end: 1684932393.0320692
  start: 1684932250.0503418
