event_sleeping:
  end: 1684930638.1026518
  start: 1684930495.023179
