event_sleeping_wait_all:
  end: 1684933563.0359495
  start: 1684933420.122086
