event_sleeping:
  end: 1684930248.1218603
  start: 1684930105.1033375
