event_sleeping_wait_all:
  end: 1684933173.116007
  start: 1684933030.0556931
