event_sleeping_wait_all:
  end: 1684932003.1218567
  start: 1684931860.1093628
