event_sleeping:
  end: 1684931028.0320106
  start: 1684930885.0784526
