event_sleeping:
  end: 1684930443.0680165
  start: 1684930300.1184602
