event_sleeping_wait_all:
  end: 1684932978.0480893
  start: 1684932640.0376132
