event_sleeping:
  end: 1684929078.1030238
  start: 1684928950.477257
