event_sleeping:
  end: 1684929858.076135
  start: 1684929715.0717926
