event_sleeping_wait_all:
  end: 1684931808.0682552
  start: 1684931470.0752969
