event_sleeping_wait_all:
  end: 1684869940.5721533
  start: 1684869797.4602618
