event_sleeping_wait_all:
  end: 1684869660.5761902
  start: 1684869424.9830766
