event_sleeping_wait_all:
  end: 1684870135.5764267
  start: 1684869992.524149
