event_sleeping:
  end: 1684869373.0615904
  start: 1684869177.988005
