event_sleeping_wait_all:
  end: 1684870813.0439644
  start: 1684870669.8790207
