event_sleeping_wait_all:
  end: 1684870617.980978
  start: 1684870187.4612076
