event_sleeping_wait_all:
  end: 1684869745.509282
  start: 1684869712.5392594
