event_sleeping_wait_all:
  end: 1684869745.5759706
  start: 1684869407.2388365
