event_sleeping_wait_all:
  end: 1684870738.075916
  start: 1684870382.1930707
