event_sleeping:
  end: 1684869177.9834461
  start: 1684869177.982335
