event_sleeping_wait_all:
  end: 1684870330.5400777
  start: 1684870102.2606378
