event_sleeping_wait_all:
  end: 1684869355.5762463
  start: 1684869229.6564145
