event_sleeping_wait_all:
  end: 1684870050.575963
  start: 1684869797.2607026
