event_sleeping_wait_all:
  end: 1684869550.5095692
  start: 1684869517.2136881
