event_sleeping_wait_all:
  end: 1684870635.5760796
  start: 1684870187.1675904
