event_sleeping_wait_all:
  end: 1684869838.0765786
  start: 1684869602.1935794
