event_sleeping_wait_all:
  end: 1684869465.5761673
  start: 1684869322.1950295
