event_sleeping_wait_all:
  end: 1684870033.075972
  start: 1684869889.734533
