event_sleeping_wait_all:
  end: 1684870738.027153
  start: 1684870687.1942947
