event_sleeping:
  end: 1684869270.5681708
  start: 1684869177.9853148
