event_sleeping_wait_all:
  end: 1684870135.490745
  start: 1684870084.7874863
