event_sleeping_wait_all:
  end: 1684870440.5720694
  start: 1684870302.7534225
