event_sleeping_wait_all:
  end: 1684869448.0759223
  start: 1684869322.1451163
