event_sleeping_wait_all:
  end: 1684870720.5080934
  start: 1684870669.6735737
