event_sleeping_wait_all:
  end: 1684870617.9802268
  start: 1684870492.199686
