event_sleeping_wait_all:
  end: 1684870245.5759501
  start: 1684869907.2041576
