event_sleeping_wait_all:
  end: 1684870933.0761456
  start: 1684870772.1845443
