event_sleeping:
  end: 1684869270.4799826
  start: 1684869177.982661
