event_sleeping_wait_all:
  end: 1684869855.5718963
  start: 1684869499.6967804
