event_sleeping_wait_all:
  end: 1684869373.0272217
  start: 1684869322.1379466
