event_sleeping_wait_all:
  end: 1684870153.0202308
  start: 1684870009.7394888
