event_sleeping_wait_all:
  end: 1684869958.0759928
  start: 1684869424.679492
