event_sleeping:
  end: 1684869270.5678942
  start: 1684869177.9850998
