event_sleeping_wait_all:
  end: 1684870720.5760593
  start: 1684870204.6109617
