event_sleeping_wait_all:
  end: 1684871008.0762784
  start: 1684870772.1465428
