event_sleeping:
  end: 1684870190.5241225
  start: 1684870047.61905
