event_sleeping:
  end: 1684869800.5748901
  start: 1684869473.7268043
