event_sleeping:
  end: 1684869215.511955
  start: 1684869177.9807494
