event_sleeping:
  end: 1684870385.5764093
  start: 1684870242.5906491
