event_sleeping:
  end: 1684869410.5240495
  start: 1684869267.2373555
