event_sleeping_wait_all:
  end: 1684870970.5690866
  start: 1684870827.527349
