event_sleeping:
  end: 1684870775.516039
  start: 1684870632.6670058
