event_sleeping:
  end: 1684870580.576391
  start: 1684870437.5549045
