event_sleeping:
  end: 1684869995.5764027
  start: 1684869852.5543084
