event_sleeping:
  end: 1682997676.4753816
  start: 1682997462.881691
