event_sleeping_wait_all:
  end: 1682998438.9715104
  start: 1682998295.6256838
