event_sleeping_wait_all:
  end: 1682998243.971515
  start: 1682998100.5885832
