event_sleeping_wait_all:
  end: 1682999116.4735568
  start: 1682998973.183243
