event_sleeping_wait_all:
  end: 1682998048.9070938
  start: 1682998015.5677133
