event_sleeping_wait_all:
  end: 1682998633.9715533
  start: 1682998405.6116295
