event_sleeping:
  end: 1682997481.3919997
  start: 1682997462.8779845
