event_sleeping:
  end: 1682997573.9736555
  start: 1682997462.8785203
