event_sleeping_wait_all:
  end: 1682998336.4715168
  start: 1682998193.3684092
