event_sleeping_wait_all:
  end: 1682997768.8795722
  start: 1682997625.9756224
