event_sleeping_wait_all:
  end: 1682999041.3756082
  start: 1682998990.9452667
