event_sleeping_wait_all:
  end: 1682998938.971505
  start: 1682998490.8241317
