event_sleeping_wait_all:
  end: 1682998548.9715285
  start: 1682998210.622606
