event_sleeping_wait_all:
  end: 1682997751.4395978
  start: 1682997625.6196997
