event_sleeping_wait_all:
  end: 1682998261.3916445
  start: 1682997728.1722791
