event_sleeping_wait_all:
  end: 1682999023.9714947
  start: 1682998508.1449766
