event_sleeping_wait_all:
  end: 1682997676.424448
  start: 1682997625.8226058
