event_sleeping:
  end: 1682997573.973453
  start: 1682997462.8815446
