event_sleeping:
  end: 1682999078.9529495
  start: 1682998935.572559
