event_sleeping:
  end: 1682997518.9276917
  start: 1682997462.880173
