event_sleeping:
  end: 1682998298.9594743
  start: 1682998159.9893556
