event_sleeping:
  end: 1682998883.9736176
  start: 1682998740.4948852
