event_sleeping:
  end: 1682998103.9740238
  start: 1682997765.5740895
