event_sleeping:
  end: 1685011426.4806979
  start: 1685011231.3960257
