event_sleeping:
  end: 1685011833.9337568
  start: 1685011782.5734851
