event_sleeping:
  end: 1685012706.4441674
  start: 1685012257.5855184
