event_sleeping:
  end: 1685016216.4814758
  start: 1685015877.5848954
