event_sleeping:
  end: 1685016996.489155
  start: 1685016742.508421
