event_sleeping:
  end: 1685014936.480617
  start: 1685014810.064962
