event_sleeping:
  end: 1685014758.9649003
  start: 1685014122.5165727
