event_sleeping:
  end: 1685015131.4799254
  start: 1685014987.5431888
