event_sleeping:
  end: 1685015631.4825227
  start: 1685015487.5604022
