event_sleeping:
  end: 1685013486.437771
  start: 1685012952.583319
