event_sleeping:
  end: 1685016691.4053738
  start: 1685016547.5296566
