event_sleeping:
  end: 1685016411.4798772
  start: 1685016267.5448349
