event_sleeping:
  end: 1685014071.4199917
  start: 1685013834.9963598
