event_sleeping:
  end: 1685017581.4889708
  start: 1685017327.5393429
