event_sleeping:
  end: 1685012028.9822872
  start: 1685011885.0101323
