event_sleeping:
  end: 1685016496.4159596
  start: 1685016462.5048125
