event_sleeping:
  end: 1685017276.482212
  start: 1685017047.5525947
