event_sleeping:
  end: 1685018166.4826345
  start: 1685017717.5015247
