event_sleeping:
  end: 1685012206.4805179
  start: 1685012080.0823145
