event_sleeping:
  end: 1685017666.415875
  start: 1685017632.566294
