event_sleeping:
  end: 1685015436.4680984
  start: 1685015182.5549169
