event_sleeping:
  end: 1685013783.9000964
  start: 1685013714.9348462
