event_sleeping:
  end: 1685015826.4828768
  start: 1685015682.6058543
