event_sleeping:
  end: 1685013663.8840885
  start: 1685013537.4851909
