event_sleeping:
  end: 1685011731.4760509
  start: 1685011482.3779347
