event_sleeping:
  end: 1685012901.4824653
  start: 1685012757.4880435
