event_sleeping:
  end: 1685012121.482554
  start: 1685011867.251365
