event_sleeping:
  end: 1685012401.4823718
  start: 1685012172.2572317
