event_sleeping:
  end: 1685015131.4097874
  start: 1685014987.1432989
