event_sleeping:
  end: 1685017368.9826791
  start: 1685017047.254567
