event_sleeping:
  end: 1685018056.4799876
  start: 1685017734.7048485
