event_sleeping:
  end: 1685016691.4798355
  start: 1685016462.264055
