event_sleeping:
  end: 1685013571.4799123
  start: 1685013232.2603354
