event_sleeping:
  end: 1685017683.9318557
  start: 1685017632.279162
