event_sleeping:
  end: 1685011426.472282
  start: 1685011291.4675527
