event_sleeping:
  end: 1685014851.479979
  start: 1685014707.2668045
