event_sleeping:
  end: 1685014461.4732523
  start: 1685014207.2409706
