event_sleeping:
  end: 1685011231.388898
  start: 1685011231.3887973
