event_sleeping:
  end: 1685014156.4798565
  start: 1685014012.2953606
