event_sleeping:
  end: 1685016996.4281468
  start: 1685016742.2690055
