event_sleeping:
  end: 1685013181.434194
  start: 1685013129.8048036
