event_sleeping:
  end: 1685015826.4822333
  start: 1685015572.1894925
