event_sleeping:
  end: 1685014656.48003
  start: 1685014512.272015
