event_sleeping:
  end: 1685014936.416336
  start: 1685014902.2755792
