event_sleeping:
  end: 1685012791.4799936
  start: 1685012452.278714
