event_sleeping:
  end: 1685015521.3923986
  start: 1685015487.2914627
