event_sleeping:
  end: 1685015436.4969983
  start: 1685015182.229523
