event_sleeping:
  end: 1685017581.4634886
  start: 1685017419.783804
