event_sleeping:
  end: 1685016411.4800057
  start: 1685016267.269522
