event_sleeping:
  end: 1685013078.9806023
  start: 1685012842.254379
