event_sleeping:
  end: 1685011816.4799736
  start: 1685011477.2657626
