event_sleeping:
  end: 1685013961.4822114
  start: 1685013622.3008738
