event_sleeping:
  end: 1685016216.4821408
  start: 1685015877.282978
