event_sleeping:
  end: 1685012103.932061
  start: 1685011977.2295697
