event_sleeping:
  end: 1685016301.4799733
  start: 1685016157.1694999
