event_sleeping:
  end: 1685012808.9055736
  start: 1685012757.2473972
