event_sleeping:
  end: 1685016708.9340253
  start: 1685016657.256968
