event_sleeping:
  end: 1685018166.482097
  start: 1685017632.2794018
