event_sleeping:
  end: 1685016606.4799373
  start: 1685016352.2707915
