event_sleeping:
  end: 1685011341.4887815
  start: 1685011231.3945758
