event_sleeping:
  end: 1685017581.4637103
  start: 1685017419.7832272
