event_sleeping:
  end: 1685013961.4824867
  start: 1685013817.2794497
