event_sleeping:
  end: 1685016106.383911
  start: 1685015962.3139007
