event_sleeping:
  end: 1685017368.9821603
  start: 1685017132.2187998
