event_sleeping:
  end: 1685011621.4163234
  start: 1685011587.266066
