event_sleeping:
  end: 1685014546.4159887
  start: 1685014512.2737136
