event_sleeping:
  end: 1685014461.4734802
  start: 1685014012.3132603
