event_sleeping:
  end: 1685015631.4821947
  start: 1685014597.180296
