event_sleeping:
  end: 1685015716.415951
  start: 1685015682.2981544
