event_sleeping:
  end: 1685013468.8884125
  start: 1685013342.2107263
