event_sleeping:
  end: 1685015911.4756272
  start: 1685015767.2039163
