event_sleeping:
  end: 1685011536.4820902
  start: 1685011392.2866542
