event_sleeping:
  end: 1685017081.4166372
  start: 1685017047.2542775
