event_sleeping:
  end: 1685012206.4321194
  start: 1685012154.711105
