event_sleeping:
  end: 1685016996.4284267
  start: 1685016759.7452712
