event_sleeping:
  end: 1685013766.4799826
  start: 1685013519.7006953
