event_sleeping:
  end: 1685012706.48745
  start: 1685012257.2610333
