event_sleeping:
  end: 1685013078.979966
  start: 1685012859.7090387
