event_sleeping:
  end: 1685011926.432437
  start: 1685011672.2411206
