event_sleeping:
  end: 1685018166.4823902
  start: 1685017734.77237
