event_sleeping:
  end: 1685012316.3881044
  start: 1685011977.2698612
