event_sleeping:
  end: 1685016216.4824545
  start: 1685016072.18436
