event_sleeping:
  end: 1685013273.982501
  start: 1685013037.2996306
