event_sleeping:
  end: 1685013663.9823356
  start: 1685013427.236623
