event_sleeping:
  end: 1685011926.4820669
  start: 1685011587.273368
