event_sleeping:
  end: 1685016606.3839166
  start: 1685016267.2754195
