event_sleeping:
  end: 1685012706.4439766
  start: 1685012544.8168995
