event_sleeping:
  end: 1685014936.4803166
  start: 1685014707.2502477
