event_sleeping:
  end: 1685011536.4824262
  start: 1685011392.280747
