event_sleeping:
  end: 1685011341.4602103
  start: 1685011231.3958156
