event_sleeping:
  end: 1685016021.3880174
  start: 1685015292.2446408
