event_sleeping:
  end: 1685012791.4166253
  start: 1685012757.1905308
