event_sleeping:
  end: 1685015241.4528935
  start: 1685014987.2701612
