event_sleeping:
  end: 1685017191.3881667
  start: 1685016937.2587283
