event_sleeping:
  end: 1685013858.9799888
  start: 1685013714.8100731
