event_sleeping:
  end: 1685012493.9825659
  start: 1685012367.2134147
