event_sleeping:
  end: 1685016886.446353
  start: 1685016657.1729271
