event_sleeping:
  end: 1685013376.4480267
  start: 1685013324.8088646
