event_sleeping:
  end: 1685014351.3875499
  start: 1685014317.279305
