event_sleeping:
  end: 1685014266.482242
  start: 1685013909.745157
