event_sleeping:
  end: 1685017683.9798362
  start: 1685017437.243063
