event_sleeping:
  end: 1685012986.4823399
  start: 1685012842.2302277
