event_sleeping:
  end: 1685017386.460113
  start: 1685017242.2206366
