event_sleeping:
  end: 1685016513.9703214
  start: 1685016352.185246
