event_sleeping:
  end: 1685013571.412882
  start: 1685013427.1904192
