event_sleeping:
  end: 1685015418.9760416
  start: 1685015292.1816459
