event_sleeping:
  end: 1685015826.396019
  start: 1685015572.148745
