event_sleeping:
  end: 1685013096.476018
  start: 1685012842.2310524
