event_sleeping:
  end: 1685012791.4884512
  start: 1685012257.2590415
