event_sleeping:
  end: 1685016886.415937
  start: 1685016852.1726937
