event_sleeping:
  end: 1685015241.4526722
  start: 1685014987.152971
