event_sleeping:
  end: 1685016801.415095
  start: 1685016564.6993723
