event_sleeping:
  end: 1685012206.479918
  start: 1685012062.2019684
