event_sleeping:
  end: 1685011426.4158592
  start: 1685011392.211075
