event_sleeping:
  end: 1685014936.479887
  start: 1685014597.1460762
