event_sleeping:
  end: 1685013858.9042976
  start: 1685013622.1569722
