event_sleeping:
  end: 1685016198.9821677
  start: 1685015877.1303093
