event_sleeping:
  end: 1685015521.3925102
  start: 1685015469.7139504
