event_sleeping:
  end: 1685017971.4826968
  start: 1685017242.2202966
