event_sleeping:
  end: 1685012011.4744785
  start: 1685011477.1462755
