event_sleeping:
  end: 1685016301.4343085
  start: 1685016249.7263334
