event_sleeping:
  end: 1685017191.4824038
  start: 1685016937.1501129
