event_sleeping:
  end: 1685013291.4800327
  start: 1685013147.224157
