event_sleeping:
  end: 1685011341.4880512
  start: 1685011231.394773
