event_sleeping:
  end: 1685014156.47996
  start: 1685013909.6109834
