event_sleeping:
  end: 1685014546.3879766
  start: 1685014207.1920753
