event_sleeping:
  end: 1685013376.4163935
  start: 1685013342.2182882
