event_sleeping:
  end: 1685013041.435948
  start: 1685012897.6298425
