event_sleeping:
  end: 1685017331.4798744
  start: 1685016797.6004956
