event_sleeping:
  end: 1685015576.4479506
  start: 1685015432.606464
