event_sleeping:
  end: 1685011481.4824488
  start: 1685011337.232557
