event_sleeping:
  end: 1685014406.4824977
  start: 1685014262.6246812
