event_sleeping:
  end: 1685012651.3880045
  start: 1685012507.5968451
