event_sleeping:
  end: 1685015966.4823482
  start: 1685015822.5978441
