event_sleeping:
  end: 1685011871.4820755
  start: 1685011532.5853114
