event_sleeping:
  end: 1685015771.4821587
  start: 1685015627.595523
