event_sleeping:
  end: 1685011286.3961976
  start: 1685011231.3881552
