event_sleeping:
  end: 1685012456.4200768
  start: 1685012312.6010873
