event_sleeping:
  end: 1685013626.4799309
  start: 1685013482.622825
