event_sleeping:
  end: 1685013821.4822676
  start: 1685013677.6176183
