event_sleeping:
  end: 1685012846.4800177
  start: 1685012702.55837
