event_sleeping:
  end: 1685014601.4041195
  start: 1685014457.6581228
