event_sleeping:
  end: 1685017721.460961
  start: 1685017382.6215606
