event_sleeping:
  end: 1685012261.4821942
  start: 1685012117.6001918
