event_sleeping:
  end: 1685014796.4723363
  start: 1685014652.5489326
