event_sleeping:
  end: 1685013236.4799602
  start: 1685013092.583942
