event_sleeping:
  end: 1685014991.452075
  start: 1685014847.6486647
