event_sleeping:
  end: 1685016161.4804316
  start: 1685016017.588508
