event_sleeping:
  end: 1685012066.4824443
  start: 1685011922.6172166
