event_sleeping:
  end: 1685016551.3880823
  start: 1685016212.5574918
