event_sleeping:
  end: 1685016746.4599705
  start: 1685016602.5355728
