event_sleeping:
  end: 1685013431.48231
  start: 1685013287.6357143
