event_sleeping:
  end: 1685014211.4800642
  start: 1685013872.6338444
