event_sleeping:
  end: 1685015381.4680834
  start: 1685015042.5623765
