event_sleeping:
  end: 1685103589.8815024
  start: 1685103140.9577482
