event_sleeping:
  end: 1685106319.871923
  start: 1685106065.9390392
