event_sleeping:
  end: 1685107879.873789
  start: 1685107625.972276
