event_sleeping:
  end: 1685103089.825572
  start: 1685102963.4283965
