event_sleeping:
  end: 1685102309.8724122
  start: 1685102114.7825065
