event_sleeping:
  end: 1685107294.873893
  start: 1685107150.9318159
