event_sleeping:
  end: 1685103784.8734713
  start: 1685103640.9055417
