event_sleeping:
  end: 1685105819.8081586
  start: 1685105693.4609895
