event_sleeping:
  end: 1685107379.8075275
  start: 1685107345.9712553
