event_sleeping:
  end: 1685104667.3081126
  start: 1685104598.4638922
