event_sleeping:
  end: 1685102912.3720086
  start: 1685102768.435074
