event_sleeping:
  end: 1685106709.8720481
  start: 1685106565.867804
