event_sleeping:
  end: 1685102614.8737247
  start: 1685102360.948615
