event_sleeping:
  end: 1685104954.795989
  start: 1685104718.3870094
