event_sleeping:
  end: 1685108549.807428
  start: 1685108515.8734756
