event_sleeping:
  end: 1685106014.8733377
  start: 1685105870.90706
