event_sleeping:
  end: 1685107574.8737805
  start: 1685107430.89327
