event_sleeping:
  end: 1685109049.7739089
  start: 1685108600.8950286
