event_sleeping:
  end: 1685104547.3736324
  start: 1685104420.9740942
