event_sleeping:
  end: 1685106514.8090568
  start: 1685106370.9369361
