event_sleeping:
  end: 1685105642.3675387
  start: 1685105005.9281805
