event_sleeping:
  end: 1685107099.8726196
  start: 1685106760.9685612
