event_sleeping:
  end: 1685108159.7738361
  start: 1685107930.9516141
