event_sleeping:
  end: 1685102717.3239732
  start: 1685102665.9838827
