event_sleeping:
  end: 1685108464.7948606
  start: 1685108210.9068654
