event_sleeping:
  end: 1685103284.8600814
  start: 1685103055.6456976
