event_sleeping:
  end: 1685105344.8737888
  start: 1685105090.636939
