event_sleeping:
  end: 1685103962.317528
  start: 1685103725.698003
