event_sleeping:
  end: 1685108567.325248
  start: 1685108515.6526299
