event_sleeping:
  end: 1685107574.8735218
  start: 1685107345.6979938
