event_sleeping:
  end: 1685106014.8678896
  start: 1685105870.6013522
