event_sleeping:
  end: 1685102309.8719602
  start: 1685102165.5975137
