event_sleeping:
  end: 1685106319.8721316
  start: 1685106065.6851428
