event_sleeping:
  end: 1685107879.8735719
  start: 1685107625.6886654
