event_sleeping:
  end: 1685107099.8187346
  start: 1685106760.685896
