event_sleeping:
  end: 1685103674.8719184
  start: 1685103335.638148
