event_sleeping:
  end: 1685107294.8735971
  start: 1685107150.6213455
