event_sleeping:
  end: 1685103004.8718438
  start: 1685102750.6368072
