event_sleeping:
  end: 1685106709.872589
  start: 1685106455.5750244
