event_sleeping:
  end: 1685104454.8720295
  start: 1685104115.6498437
