event_sleeping:
  end: 1685105734.7840233
  start: 1685105590.6298923
