event_sleeping:
  end: 1685105039.8361447
  start: 1685104895.6710067
