event_sleeping:
  end: 1685102699.833322
  start: 1685102360.6561444
