event_sleeping:
  end: 1685102114.7813632
  start: 1685102114.7811134
