event_sleeping:
  end: 1685104064.8253708
  start: 1685104013.139129
