event_sleeping:
  end: 1685106404.8039033
  start: 1685106370.6939204
