event_sleeping:
  end: 1685108939.868198
  start: 1685108618.1557455
