event_sleeping:
  end: 1685104844.8738751
  start: 1685104505.6460693
