event_sleeping:
  end: 1685105819.8079724
  start: 1685105785.602612
