event_sleeping:
  end: 1685108252.2869563
  start: 1685107930.7093012
