event_sleeping:
  end: 1685108464.8719566
  start: 1685108303.08008
