event_sleeping:
  end: 1685105539.804099
  start: 1685105395.7088504
