event_sleeping:
  end: 1685102419.820002
  start: 1685102275.6733267
