event_sleeping:
  end: 1685102987.300616
  start: 1685102860.6803863
