event_sleeping:
  end: 1685106989.872077
  start: 1685106845.63591
