event_sleeping:
  end: 1685103692.3240142
  start: 1685103640.6745863
