event_sleeping:
  end: 1685104352.3721602
  start: 1685104225.6408353
