event_sleeping:
  end: 1685107184.8720446
  start: 1685107040.678823
