event_sleeping:
  end: 1685104649.8080385
  start: 1685104403.1879787
