event_sleeping:
  end: 1685107489.8521469
  start: 1685107235.6754856
