event_sleeping:
  end: 1685106599.7827067
  start: 1685106565.670797
