event_sleeping:
  end: 1685108252.3718529
  start: 1685108015.6308615
