event_sleeping:
  end: 1685107592.3239424
  start: 1685107540.6749806
