event_sleeping:
  end: 1685104844.8735816
  start: 1685104700.600431
