event_sleeping:
  end: 1685106514.8719628
  start: 1685105480.6140206
