event_sleeping:
  end: 1685108464.8723152
  start: 1685108303.1267328
