event_sleeping:
  end: 1685103962.3432207
  start: 1685103743.1531913
