event_sleeping:
  end: 1685105429.807594
  start: 1685105395.6660948
