event_sleeping:
  end: 1685103089.8252826
  start: 1685103038.148034
