event_sleeping:
  end: 1685107879.874175
  start: 1685107643.1367335
