event_sleeping:
  end: 1685104174.8440976
  start: 1685104013.1270766
