event_sleeping:
  end: 1685102504.8079088
  start: 1685102470.5946891
