event_sleeping:
  end: 1685103589.8827612
  start: 1685103140.6398911
