event_sleeping:
  end: 1685102224.8762517
  start: 1685102114.78175
