event_sleeping:
  end: 1685107964.8075376
  start: 1685107930.725235
