event_sleeping:
  end: 1685102809.8521175
  start: 1685102555.6033056
