event_sleeping:
  end: 1685105344.8734984
  start: 1685104895.673815
