event_sleeping:
  end: 1685109049.7736878
  start: 1685108515.6606336
