event_sleeping:
  end: 1685106794.844069
  start: 1685106650.5676606
