event_sleeping:
  end: 1685108567.3719351
  start: 1685108320.589005
