event_sleeping:
  end: 1685108074.8322873
  start: 1685107820.6229067
