event_sleeping:
  end: 1685105149.8130565
  start: 1685104793.1788979
