event_sleeping:
  end: 1685103199.7985837
  start: 1685102860.6790667
