event_sleeping:
  end: 1685104742.371923
  start: 1685104598.085112
