event_sleeping:
  end: 1685104259.8040726
  start: 1685104208.1906953
