event_sleeping:
  end: 1685105234.807711
  start: 1685105200.6547487
