event_sleeping:
  end: 1685106904.8584576
  start: 1685106175.6727605
