event_sleeping:
  end: 1685103869.871874
  start: 1685103725.6333702
