event_sleeping:
  end: 1685102419.7734745
  start: 1685102275.6757214
