event_sleeping:
  end: 1685107769.8139472
  start: 1685107540.7128687
