event_sleeping:
  end: 1685107099.871978
  start: 1685106955.6446714
