event_sleeping:
  end: 1685103674.808306
  start: 1685103640.6748712
