event_sleeping:
  end: 1685103589.85214
  start: 1685103428.1764934
