event_sleeping:
  end: 1685107489.8857956
  start: 1685107150.621835
