event_sleeping:
  end: 1685103377.35379
  start: 1685103250.6140118
