event_sleeping:
  end: 1685108269.7880676
  start: 1685108125.686666
