event_sleeping:
  end: 1685102224.875884
  start: 1685102114.7822652
