event_sleeping:
  end: 1685105819.872091
  start: 1685105590.7015083
