event_sleeping:
  end: 1685102809.8826346
  start: 1685102470.5745249
