event_sleeping:
  end: 1685106124.877499
  start: 1685105870.6241255
