event_sleeping:
  end: 1685104157.3735754
  start: 1685103920.5999336
