event_sleeping:
  end: 1685109049.8719904
  start: 1685108618.1725912
