event_sleeping:
  end: 1685104547.294573
  start: 1685104310.5754864
