event_sleeping:
  end: 1685105539.8680158
  start: 1685105285.6115136
