event_sleeping:
  end: 1685103979.8119307
  start: 1685103725.6224554
