event_sleeping:
  end: 1685104742.3164003
  start: 1685104505.5493288
