event_sleeping:
  end: 1685106709.8079295
  start: 1685106455.5748923
