event_sleeping:
  end: 1685107082.332029
  start: 1685106760.56735
