event_sleeping:
  end: 1685105429.8719618
  start: 1685105090.610705
