event_sleeping:
  end: 1685103674.8723276
  start: 1685103140.641534
