event_sleeping:
  end: 1685103089.8884056
  start: 1685102945.6115415
