event_sleeping:
  end: 1685106124.8452208
  start: 1685105870.59934
