event_sleeping:
  end: 1685104174.8754108
  start: 1685104030.5883918
