event_sleeping:
  end: 1685107684.8720267
  start: 1685107448.0593255
