event_sleeping:
  end: 1685102894.8734713
  start: 1685102360.5428681
