event_sleeping:
  end: 1685102224.874336
  start: 1685102114.7824204
