event_sleeping:
  end: 1685104454.8194153
  start: 1685104310.5708745
