event_sleeping:
  end: 1685107397.3081307
  start: 1685107235.5361652
