event_sleeping:
  end: 1685106404.8336492
  start: 1685106353.0301893
