event_sleeping:
  end: 1685108854.7735846
  start: 1685108125.5928097
