event_sleeping:
  end: 1685105819.8718204
  start: 1685105480.6015005
