event_sleeping:
  end: 1685106302.2873952
  start: 1685106175.5669534
