event_sleeping:
  end: 1685107769.7839935
  start: 1685107735.6155586
