event_sleeping:
  end: 1685104259.8079257
  start: 1685104225.6189752
