event_sleeping:
  end: 1685108074.8320498
  start: 1685107820.5211744
