event_sleeping:
  end: 1685102309.7879064
  start: 1685102275.5939617
