event_sleeping:
  end: 1685107184.793151
  start: 1685107133.0808845
