event_sleeping:
  end: 1685105039.8740578
  start: 1685104793.0550146
