event_sleeping:
  end: 1685108604.8736815
  start: 1685108266.0258765
