event_sleeping:
  end: 1685105289.8741004
  start: 1685105146.0407686
