event_sleeping:
  end: 1685102364.8737528
  start: 1685102220.700377
