event_sleeping:
  end: 1685105679.807699
  start: 1685105536.0509758
