event_sleeping:
  end: 1685103924.873695
  start: 1685103781.009194
