event_sleeping:
  end: 1685107434.8160682
  start: 1685107096.0286112
