event_sleeping:
  end: 1685105874.8240817
  start: 1685105730.9620786
