event_sleeping:
  end: 1685106264.803567
  start: 1685105925.9622226
