event_sleeping:
  end: 1685104509.8735693
  start: 1685104365.9248567
