event_sleeping:
  end: 1685104314.7948158
  start: 1685104171.013887
