event_sleeping:
  end: 1685104119.8736925
  start: 1685103976.0259001
