event_sleeping:
  end: 1685102754.7901578
  start: 1685102415.973615
