event_sleeping:
  end: 1685105484.873747
  start: 1685105341.0224261
