event_sleeping:
  end: 1685107629.8736472
  start: 1685107485.9280727
