event_sleeping:
  end: 1685102169.8201456
  start: 1685102114.7789972
