event_sleeping:
  end: 1685102949.8607311
  start: 1685102805.9286082
