event_sleeping:
  end: 1685108214.872019
  start: 1685107681.0457408
