event_sleeping:
  end: 1685105094.8718328
  start: 1685104755.916833
