event_sleeping:
  end: 1685103729.8738816
  start: 1685103585.986449
