event_sleeping:
  end: 1685107044.8684125
  start: 1685106900.9217026
