event_sleeping:
  end: 1685106849.7908447
  start: 1685106705.9793296
