event_sleeping:
  end: 1685104704.7904015
  start: 1685104561.0156095
