event_sleeping:
  end: 1685103534.805586
  start: 1685103391.002922
