event_sleeping:
  end: 1685103144.8281372
  start: 1685103001.027168
