event_sleeping:
  end: 1685103339.8739076
  start: 1685103195.948465
