event_sleeping:
  end: 1685106459.7736125
  start: 1685106315.9287608
