event_sleeping:
  end: 1685106654.8719485
  start: 1685106510.8994393
