event_sleeping_wait_all:
  end: 1684084855.0553775
  start: 1684084711.7425086
