event_sleeping_wait_all:
  end: 1684086295.0554018
  start: 1684085974.1654234
