event_sleeping_wait_all:
  end: 1684085227.5555565
  start: 1684085101.691491
