event_sleeping_wait_all:
  end: 1684085515.0557232
  start: 1684085279.195742
