event_sleeping:
  end: 1684084660.0555563
  start: 1684084057.469666
