event_sleeping_wait_all:
  end: 1684085050.0557184
  start: 1684084906.66414
