event_sleeping_wait_all:
  end: 1684085710.0553517
  start: 1684085566.6776917
