event_sleeping_wait_all:
  end: 1684085922.511453
  start: 1684085761.695825
