event_sleeping_wait_all:
  end: 1684085532.4955814
  start: 1684084889.20501
