event_sleeping:
  end: 1684084269.9995763
  start: 1684084057.465877
