event_sleeping_wait_all:
  end: 1684085905.0315952
  start: 1684085584.1209464
