event_sleeping_wait_all:
  end: 1684084837.5558498
  start: 1684084711.6204593
