event_sleeping_wait_all:
  end: 1684084660.0067375
  start: 1684084609.2404513
