event_sleeping_wait_all:
  end: 1684084557.5515594
  start: 1684084321.6509547
