event_sleeping_wait_all:
  end: 1684084362.544033
  start: 1684084219.1941335
