event_sleeping_wait_all:
  end: 1684085635.003375
  start: 1684085584.1771426
