event_sleeping_wait_all:
  end: 1684085905.063027
  start: 1684085686.6074557
