event_sleeping_wait_all:
  end: 1684084735.0553854
  start: 1684084414.2112906
