event_sleeping_wait_all:
  end: 1684085050.0239444
  start: 1684084981.6996975
