event_sleeping_wait_all:
  end: 1684084930.0555596
  start: 1684084786.6773322
