event_sleeping_wait_all:
  end: 1684085532.5555522
  start: 1684085101.7000108
