event_sleeping:
  end: 1684084167.5434783
  start: 1684084057.4616044
