event_sleeping_wait_all:
  end: 1684085635.0293787
  start: 1684085566.7113626
