event_sleeping_wait_all:
  end: 1684086099.9676785
  start: 1684085686.6763792
