event_sleeping_wait_all:
  end: 1684084947.4795597
  start: 1684084499.1326325
