event_sleeping_wait_all:
  end: 1684085515.055414
  start: 1684085371.7240682
