event_sleeping_wait_all:
  end: 1684085320.0556145
  start: 1684084999.117375
