event_sleeping:
  end: 1684084150.0475273
  start: 1684084057.4655182
