event_sleeping_wait_all:
  end: 1684084362.543591
  start: 1684084201.6895542
