event_sleeping_wait_all:
  end: 1684084447.4887218
  start: 1684084414.2135406
