event_sleeping_wait_all:
  end: 1684086685.0556526
  start: 1684086364.1315022
