event_sleeping_wait_all:
  end: 1684086312.5555766
  start: 1684086059.1098433
