event_sleeping_wait_all:
  end: 1684085050.0561068
  start: 1684084889.0812273
