event_sleeping_wait_all:
  end: 1684085532.5561864
  start: 1684085279.079084
