event_sleeping_wait_all:
  end: 1684085617.489187
  start: 1684085584.1393633
