event_sleeping:
  end: 1684084057.4610922
  start: 1684084057.4603603
