event_sleeping_wait_all:
  end: 1684084837.5195634
  start: 1684084109.0183036
