event_sleeping_wait_all:
  end: 1684086007.5235868
  start: 1684085669.0688515
