event_sleeping_wait_all:
  end: 1684085227.475426
  start: 1684085101.6479516
