event_sleeping:
  end: 1684085477.5214002
  start: 1684085334.5203001
