event_sleeping_wait_all:
  end: 1684086257.5554473
  start: 1684086114.5250509
