event_sleeping:
  end: 1684084112.5087132
  start: 1684084057.464572
