event_sleeping:
  end: 1684085672.4955463
  start: 1684085529.5131526
