event_sleeping_wait_all:
  end: 1684086647.5559337
  start: 1684086504.5193932
