event_sleeping_wait_all:
  end: 1684086452.5435638
  start: 1684086309.4985707
