event_sleeping:
  end: 1684084892.47373
  start: 1684084749.4677608
