event_sleeping:
  end: 1684085282.4869306
  start: 1684085139.592677
