event_sleeping_wait_all:
  end: 1684086062.511595
  start: 1684085919.499395
