event_sleeping:
  end: 1684085087.53565
  start: 1684084944.4351273
