event_sleeping:
  end: 1684084697.487678
  start: 1684084359.5215929
