event_sleeping:
  end: 1684084307.5356474
  start: 1684084179.9454336
