event_sleeping:
  end: 1684085867.4595904
  start: 1684085724.4822187
