event_sleeping:
  end: 1682975021.0595262
  start: 1682974878.3076699
