event_sleeping:
  end: 1682974741.0595233
  start: 1682974239.9687536
