event_sleeping:
  end: 1682974825.9914272
  start: 1682974792.7143705
