event_sleeping:
  end: 1682974826.0635474
  start: 1682974239.9697137
