event_sleeping:
  end: 1682975131.0556452
  start: 1682974877.7309663
