event_sleeping:
  end: 1682974631.0554557
  start: 1682974239.9692085
