event_sleeping:
  end: 1682974918.5436988
  start: 1682974683.0006897
