event_sleeping:
  end: 1682974936.0155478
  start: 1682974239.9698653
