event_sleeping:
  end: 1682975038.5436063
  start: 1682974239.97055
