event_sleeping:
  end: 1682974881.063572
  start: 1682974239.9682555
