event_sleeping:
  end: 1682975076.059516
  start: 1682974932.6233637
