event_sleeping:
  end: 1682975270.991505
  start: 1682975127.6006215
