event_sleeping:
  end: 1685753671.85149
  start: 1685753476.7608342
