event_sleeping:
  end: 1685753476.7554326
  start: 1685753476.7553368
