event_sleeping:
  end: 1685753569.3363113
  start: 1685753476.7547066
