event_sleeping:
  end: 1685753569.335975
  start: 1685753476.7512355
