event_sleeping:
  end: 1685753569.25205
  start: 1685753476.756592
