event_sleeping:
  end: 1685753709.3438635
  start: 1685753566.0009623
