event_sleeping:
  end: 1685753514.286128
  start: 1685753476.7573073
