event_sleeping:
  end: 1686161331.1499302
  start: 1686161187.2538807
