event_sleeping:
  end: 1686160848.6181855
  start: 1686160814.6840837
