event_sleeping:
  end: 1686160763.6078598
  start: 1686160602.2298913
