event_sleeping:
  end: 1686159891.1235504
  start: 1686159747.2804444
