event_sleeping:
  end: 1686162426.1403115
  start: 1686161874.676406
