event_sleeping:
  end: 1686161451.1316392
  start: 1686161382.1846895
