event_sleeping:
  end: 1686161136.175286
  start: 1686160899.6750145
