event_sleeping:
  end: 1686161823.6178133
  start: 1686161789.7752516
