event_sleeping:
  end: 1686159696.1845024
  start: 1686159552.1824768
