event_sleeping:
  end: 1686162713.6745267
  start: 1686162477.2391546
