event_sleeping:
  end: 1686160356.1362674
  start: 1686159942.2361882
