event_sleeping:
  end: 1686160551.1664124
  start: 1686160407.2110887
