event_sleeping:
  end: 1686159288.6840675
  start: 1686158898.60494
