event_sleeping:
  end: 1686161738.6842453
  start: 1686161502.180315
