event_sleeping:
  end: 1686159501.0917733
  start: 1686159339.730641
