event_sleeping:
  end: 1686160866.151518
  start: 1686160797.2329943
