event_sleeping:
  end: 1686161433.6076674
  start: 1686161289.810624
