event_sleeping:
  end: 1686159873.608749
  start: 1686159552.1935298
