event_sleeping:
  end: 1686160568.655465
  start: 1686160314.7103674
