event_sleeping:
  end: 1686159398.6595724
  start: 1686159162.2798254
