event_sleeping:
  end: 1686161628.683666
  start: 1686161484.6389072
