event_sleeping:
  end: 1686160178.631631
  start: 1686159924.676489
