event_sleeping:
  end: 1686161043.6835315
  start: 1686160917.2269845
