event_sleeping:
  end: 1686162798.5995922
  start: 1686162672.2916594
