event_sleeping:
  end: 1686162621.1842196
  start: 1686161679.7374854
