event_sleeping:
  end: 1686159111.1842299
  start: 1686158949.3920095
