event_sleeping:
  end: 1686160263.618036
  start: 1686160229.7060626
