event_sleeping:
  end: 1686159501.0924144
  start: 1686159449.7155216
