event_sleeping:
  end: 1686160746.1834095
  start: 1686160619.6995027
