event_sleeping:
  end: 1686158898.5945854
  start: 1686158898.5945513
