event_sleeping:
  end: 1686161238.6843498
  start: 1686161094.746022
