event_sleeping:
  end: 1686163103.5960512
  start: 1686162654.7816622
