event_sleeping:
  end: 1686160746.123735
  start: 1686160527.1967063
