event_sleeping:
  end: 1686162213.6234324
  start: 1686161874.7230601
