event_sleeping:
  end: 1686162603.6835732
  start: 1686162264.73394
