event_sleeping:
  end: 1686158898.59399
  start: 1686158898.5936327
