event_sleeping:
  end: 1686159771.1276495
  start: 1686159627.1870277
