event_sleeping:
  end: 1686159576.0996382
  start: 1686158949.408589
