event_sleeping:
  end: 1686160263.6183531
  start: 1686159942.222423
