event_sleeping:
  end: 1686160476.1076405
  start: 1686160314.712724
