event_sleeping:
  end: 1686161823.6180487
  start: 1686161789.773786
