event_sleeping:
  end: 1686161136.1435945
  start: 1686160899.7046697
