event_sleeping:
  end: 1686160848.6472814
  start: 1686160797.197774
