event_sleeping:
  end: 1686159891.123795
  start: 1686159822.1942093
