event_sleeping:
  end: 1686161348.6834548
  start: 1686161187.2053676
