event_sleeping:
  end: 1686161451.1417944
  start: 1686161399.7493346
