event_sleeping:
  end: 1686161738.6845212
  start: 1686161502.1889703
