event_sleeping:
  end: 1686163103.673107
  start: 1686162654.6849432
