event_sleeping:
  end: 1686161526.1836486
  start: 1686161382.2592232
