event_sleeping:
  end: 1686162603.6177626
  start: 1686162569.7725623
