event_sleeping:
  end: 1686159678.6515143
  start: 1686159534.752904
