event_sleeping:
  end: 1686160476.15146
  start: 1686160407.2165403
