event_sleeping:
  end: 1686158991.1404357
  start: 1686158898.5959551
