event_sleeping:
  end: 1686162518.6839705
  start: 1686162069.740038
