event_sleeping:
  end: 1686159483.6843417
  start: 1686159339.703188
