event_sleeping:
  end: 1686160941.09563
  start: 1686160527.190807
