event_sleeping:
  end: 1686161331.1846414
  start: 1686161112.1804698
