event_sleeping:
  end: 1686160356.135639
  start: 1686160212.2360072
