event_sleeping:
  end: 1686160161.184268
  start: 1686159924.778766
