event_sleeping:
  end: 1686161061.1376777
  start: 1686160992.1501677
