event_sleeping:
  end: 1686159873.6835153
  start: 1686159729.7414918
