event_sleeping:
  end: 1686162018.6834416
  start: 1686161577.26075
