event_sleeping:
  end: 1686159288.6183295
  start: 1686159042.1924777
