event_sleeping:
  end: 1686158898.5968146
  start: 1686158898.596714
