event_sleeping:
  end: 1686160178.6835995
  start: 1686159942.1092918
