event_sleeping:
  end: 1686161526.099433
  start: 1686161204.6508975
