event_sleeping:
  end: 1686163086.183687
  start: 1686162672.1892762
