event_sleeping:
  end: 1686159288.6181648
  start: 1686159254.6805975
