event_sleeping:
  end: 1686159891.1133363
  start: 1686159839.6370323
