event_sleeping:
  end: 1686162128.6795526
  start: 1686161874.6138482
