event_sleeping:
  end: 1686160958.6114383
  start: 1686160704.611576
