event_sleeping:
  end: 1686162621.1847959
  start: 1686162459.5982103
