event_sleeping:
  end: 1686161628.6358593
  start: 1686161577.0619755
