event_sleeping:
  end: 1686159203.6840563
  start: 1686158949.3502815
