event_sleeping:
  end: 1686160373.604616
  start: 1686160229.6507995
