event_sleeping:
  end: 1686162323.6844718
  start: 1686162179.6515846
