event_sleeping:
  end: 1686162408.6178665
  start: 1686162374.6982656
