event_sleeping:
  end: 1686161153.659905
  start: 1686161009.5898795
