event_sleeping:
  end: 1686160653.6396232
  start: 1686160424.550582
