event_sleeping:
  end: 1686161823.6182325
  start: 1686161679.609254
