event_sleeping:
  end: 1686159788.6840155
  start: 1686159339.6374326
