event_sleeping:
  end: 1686158953.642583
  start: 1686158898.5956254
