event_sleeping:
  end: 1686161098.6220462
  start: 1686160954.769468
