event_sleeping:
  end: 1686160123.6405642
  start: 1686159979.6917908
