event_sleeping:
  end: 1686162463.653976
  start: 1686161734.776758
