event_sleeping:
  end: 1686159148.6779807
  start: 1686159004.4659212
