event_sleeping:
  end: 1686162658.6843038
  start: 1686162514.7342813
