event_sleeping:
  end: 1686159538.6835651
  start: 1686159394.7517035
