event_sleeping:
  end: 1686161488.6845214
  start: 1686161344.7955582
