event_sleeping:
  end: 1686161293.6842043
  start: 1686161149.7210362
