event_sleeping:
  end: 1686159733.6843278
  start: 1686159589.7942097
