event_sleeping:
  end: 1686160513.671602
  start: 1686160369.7705016
