event_sleeping:
  end: 1686159343.6580706
  start: 1686159199.7805138
