event_sleeping:
  end: 1686159928.5942435
  start: 1686159784.80086
