event_sleeping:
  end: 1686160318.6631489
  start: 1686160174.77275
