event_sleeping:
  end: 1686161683.6842167
  start: 1686161539.8013105
