event_sleeping:
  end: 1686160708.5915973
  start: 1686160615.0949306
