event_sleeping:
  end: 1686160903.684091
  start: 1686160759.66453
