event_sleeping_wait_all:
  end: 1684862107.9494338
  start: 1684861854.8621998
