event_sleeping_wait_all:
  end: 1684862405.404174
  start: 1684862244.7724254
