event_sleeping_wait_all:
  end: 1684862600.4499562
  start: 1684862457.3243349
