event_sleeping_wait_all:
  end: 1684863862.9048774
  start: 1684863329.7307694
