event_sleeping_wait_all:
  end: 1684863065.4484277
  start: 1684862652.407004
