event_sleeping_wait_all:
  end: 1684862192.85593
  start: 1684862159.8655672
