event_sleeping_wait_all:
  end: 1684864057.9497063
  start: 1684863914.825433
