event_sleeping_wait_all:
  end: 1684863277.8521073
  start: 1684863117.3937101
