event_sleeping_wait_all:
  end: 1684864160.4000185
  start: 1684864109.8502579
