event_sleeping:
  end: 1684861802.9482486
  start: 1684861625.359974
