event_sleeping_wait_all:
  end: 1684863575.3559928
  start: 1684863524.5752416
