event_sleeping_wait_all:
  end: 1684864820.396444
  start: 1684864584.5834258
