event_sleeping_wait_all:
  end: 1684863472.924184
  start: 1684863236.997529
