event_sleeping_wait_all:
  end: 1684861802.9479113
  start: 1684861677.0411077
