event_sleeping_wait_all:
  end: 1684862795.3985903
  start: 1684862532.118133
