event_sleeping_wait_all:
  end: 1684864337.9496229
  start: 1684864017.083906
