event_sleeping:
  end: 1684861625.3550313
  start: 1684861625.3547518
