event_sleeping_wait_all:
  end: 1684863185.3725252
  start: 1684862847.0428808
