event_sleeping_wait_all:
  end: 1684862480.4501379
  start: 1684862244.560319
