event_sleeping_wait_all:
  end: 1684863965.4200845
  start: 1684863627.0347042
