event_sleeping_wait_all:
  end: 1684864532.8943012
  start: 1684864389.6132727
