event_sleeping_wait_all:
  end: 1684862192.886638
  start: 1684861854.579349
