event_sleeping_wait_all:
  end: 1684863650.4497552
  start: 1684863507.07051
