event_sleeping_wait_all:
  end: 1684862582.871826
  start: 1684862549.617618
