event_sleeping_wait_all:
  end: 1684863167.8864949
  start: 1684863134.5613678
