event_sleeping:
  end: 1684861717.9401457
  start: 1684861625.357627
