event_sleeping_wait_all:
  end: 1684861997.9005566
  start: 1684861947.089143
