event_sleeping_wait_all:
  end: 1684861895.4164968
  start: 1684861769.6059704
