event_sleeping_wait_all:
  end: 1684864160.447865
  start: 1684863914.613953
