event_sleeping_wait_all:
  end: 1684863455.4202948
  start: 1684863219.5084684
