event_sleeping_wait_all:
  end: 1684862497.9497864
  start: 1684862354.5530374
