event_sleeping_wait_all:
  end: 1684863082.8961549
  start: 1684862634.508001
