event_sleeping_wait_all:
  end: 1684862302.9081142
  start: 1684862049.580573
