event_sleeping_wait_all:
  end: 1684863862.948025
  start: 1684863702.0995533
