event_sleeping_wait_all:
  end: 1684864040.449743
  start: 1684863804.5021343
