event_sleeping_wait_all:
  end: 1684862302.9479845
  start: 1684861964.6138864
