event_sleeping_wait_all:
  end: 1684865032.8761644
  start: 1684864779.5424614
