event_sleeping_wait_all:
  end: 1684864727.8825028
  start: 1684864694.597743
