event_sleeping_wait_all:
  end: 1684862887.8681567
  start: 1684862744.5752454
