event_sleeping_wait_all:
  end: 1684861912.9498532
  start: 1684861752.0602643
