event_sleeping_wait_all:
  end: 1684865617.8724298
  start: 1684865364.522915
