event_sleeping_wait_all:
  end: 1684864642.9494905
  start: 1684864304.595353
