event_sleeping:
  end: 1684861700.4121406
  start: 1684861625.3551507
