event_sleeping_wait_all:
  end: 1684864252.9240932
  start: 1684864092.0824466
