event_sleeping_wait_all:
  end: 1684866380.3880725
  start: 1684865669.5170348
