event_sleeping_wait_all:
  end: 1684863065.398254
  start: 1684862939.544259
