event_sleeping_wait_all:
  end: 1684865312.8597012
  start: 1684865084.5509572
