event_sleeping_wait_all:
  end: 1684863752.852065
  start: 1684863702.1035144
