event_sleeping_wait_all:
  end: 1684862692.9495237
  start: 1684862354.592362
