event_sleeping_wait_all:
  end: 1684863362.940125
  start: 1684863237.0190923
