event_sleeping_wait_all:
  end: 1684863185.3720365
  start: 1684863117.0403702
