event_sleeping_wait_all:
  end: 1684863650.4331272
  start: 1684863414.6221793
