event_sleeping_wait_all:
  end: 1684862582.9022841
  start: 1684862439.541359
