event_sleeping_wait_all:
  end: 1684863667.949701
  start: 1684863524.5454507
