event_sleeping_wait_all:
  end: 1684863770.400703
  start: 1684863719.507563
