event_sleeping_wait_all:
  end: 1684863472.9245899
  start: 1684863219.4573398
