event_sleeping_wait_all:
  end: 1684861802.8829737
  start: 1684861769.5382807
