event_sleeping_wait_all:
  end: 1684864550.4498153
  start: 1684864304.5124168
