event_sleeping_wait_all:
  end: 1684862387.9492517
  start: 1684861854.4801009
