event_sleeping:
  end: 1684861717.9408355
  start: 1684861625.3577828
