event_sleeping_wait_all:
  end: 1684864252.9515939
  start: 1684864017.0455656
