event_sleeping_wait_all:
  end: 1684863965.4506032
  start: 1684863822.0459979
