event_sleeping_wait_all:
  end: 1684863167.8494346
  start: 1684862634.4678617
