event_sleeping:
  end: 1684862832.8601913
  start: 1684862689.8669095
