event_sleeping_wait_all:
  end: 1684866147.8680482
  start: 1684866004.926711
