event_sleeping_wait_all:
  end: 1684865757.9132304
  start: 1684865419.957546
