event_sleeping_wait_all:
  end: 1684865952.9285474
  start: 1684865809.9142685
