event_sleeping_wait_all:
  end: 1684865172.9497268
  start: 1684865029.9531944
