event_sleeping:
  end: 1684863417.9496617
  start: 1684863274.882428
