event_sleeping:
  end: 1684863612.8823378
  start: 1684863469.9426148
