event_sleeping:
  end: 1684862442.8822644
  start: 1684862299.8512352
