event_sleeping_wait_all:
  end: 1684865367.9498537
  start: 1684865224.92568
