event_sleeping:
  end: 1684861857.9481268
  start: 1684861718.6035056
