event_sleeping:
  end: 1684861662.8840506
  start: 1684861625.3543012
