event_sleeping:
  end: 1684864197.884153
  start: 1684864054.9410694
