event_sleeping_wait_all:
  end: 1684866342.8759477
  start: 1684866199.8210433
