event_sleeping_wait_all:
  end: 1684864782.8587189
  start: 1684864639.9033725
