event_sleeping:
  end: 1684863807.9497764
  start: 1684863664.889608
