event_sleeping:
  end: 1684862247.8884683
  start: 1684861909.9391418
