event_sleeping:
  end: 1684864002.949576
  start: 1684863859.987395
