event_sleeping:
  end: 1684863027.8760297
  start: 1684862884.8103323
