event_sleeping_wait_all:
  end: 1684864587.9485757
  start: 1684864249.8654482
