event_sleeping_wait_all:
  end: 1684864977.949523
  start: 1684864834.8746214
