event_sleeping:
  end: 1684862637.8841105
  start: 1684862494.8545315
