event_sleeping:
  end: 1684863222.9141352
  start: 1684863079.8906045
