event_sleeping:
  end: 1684824589.5321023
  start: 1684824394.496161
