event_sleeping:
  end: 1684824394.4874487
  start: 1684824394.4873369
