event_sleeping:
  end: 1684824487.0110097
  start: 1684824394.4895656
