event_sleeping:
  end: 1684824487.0768034
  start: 1684824394.4938214
