event_sleeping:
  end: 1684824487.0773888
  start: 1684824394.4929454
