event_sleeping:
  end: 1684824627.0806258
  start: 1684824483.7544844
