event_sleeping:
  end: 1684824432.0199897
  start: 1684824394.490444
