event_sleeping:
  end: 1686205383.50379
  start: 1686205314.6580675
