event_sleeping:
  end: 1686205671.0784597
  start: 1686205434.5930774
