event_sleeping:
  end: 1686204781.0104058
  start: 1686204747.1339915
