event_sleeping:
  end: 1686206358.5357656
  start: 1686205807.0512288
