event_sleeping:
  end: 1686206646.0769227
  start: 1686206409.5852795
