event_sleeping:
  end: 1686203433.5756013
  start: 1686203272.1049287
