event_sleeping:
  end: 1686204288.4972088
  start: 1686203874.6261957
