event_sleeping:
  end: 1686203628.5675852
  start: 1686203484.6045644
