event_sleeping:
  end: 1686204483.5755067
  start: 1686204339.5798979
