event_sleeping:
  end: 1686205263.5839896
  start: 1686205119.606262
