event_sleeping:
  end: 1686205756.0103374
  start: 1686205722.1573102
