event_sleeping:
  end: 1686203221.075522
  start: 1686202830.990739
