event_sleeping:
  end: 1686204696.021385
  start: 1686204534.6432767
