event_sleeping:
  end: 1686205068.551544
  start: 1686204832.1126146
