event_sleeping:
  end: 1686204196.0106242
  start: 1686204162.1459641
