event_sleeping:
  end: 1686203331.0768876
  start: 1686203094.6428685
