event_sleeping:
  end: 1686204501.0694222
  start: 1686204247.1175048
