event_sleeping:
  end: 1686204111.076906
  start: 1686203857.2062066
