event_sleeping:
  end: 1686205170.9836855
  start: 1686205027.1072793
