event_sleeping:
  end: 1686203043.538724
  start: 1686202881.81581
