event_sleeping:
  end: 1686203806.0771596
  start: 1686203484.6011608
