event_sleeping:
  end: 1686206553.4796855
  start: 1686205612.1218674
