event_sleeping:
  end: 1686206731.047625
  start: 1686206604.5594954
