event_sleeping:
  end: 1686204975.9887228
  start: 1686204849.6299167
