event_sleeping:
  end: 1686202830.9835734
  start: 1686202830.9834752
