event_sleeping:
  end: 1686205561.0756674
  start: 1686205417.0867937
