event_sleeping:
  end: 1686204798.5125046
  start: 1686204729.6791043
