event_sleeping:
  end: 1686204678.5773768
  start: 1686204552.1568766
