event_sleeping:
  end: 1686203433.4796977
  start: 1686203382.1972203
