event_sleeping:
  end: 1686206536.010603
  start: 1686206197.1455734
