event_sleeping:
  end: 1686204408.547638
  start: 1686204247.1187298
