event_sleeping:
  end: 1686203703.4956698
  start: 1686203559.607077
