event_sleeping:
  end: 1686204196.0108025
  start: 1686203874.5918388
