event_sleeping:
  end: 1686204678.5767336
  start: 1686204459.6703165
