event_sleeping:
  end: 1686205671.0476556
  start: 1686205434.5933516
