event_sleeping:
  end: 1686202830.9896855
  start: 1686202830.9896526
