event_sleeping:
  end: 1686206146.0237808
  start: 1686205807.0870326
