event_sleeping:
  end: 1686204780.9796197
  start: 1686204729.683935
