event_sleeping:
  end: 1686205383.5383558
  start: 1686205332.1118948
