event_sleeping:
  end: 1686203823.4957304
  start: 1686203754.63151
