event_sleeping:
  end: 1686207035.987918
  start: 1686206587.1054366
