event_sleeping:
  end: 1686205281.0184135
  start: 1686205119.6064277
