event_sleeping:
  end: 1686203508.5457125
  start: 1686202881.827457
