event_sleeping:
  end: 1686205068.5860484
  start: 1686204832.1095824
