event_sleeping:
  end: 1686205756.010447
  start: 1686205722.1582947
