event_sleeping:
  end: 1686204093.5757008
  start: 1686203857.171611
