event_sleeping:
  end: 1686203416.0756135
  start: 1686203272.1210008
