event_sleeping:
  end: 1686205458.577207
  start: 1686205314.6582763
