event_sleeping:
  end: 1686204993.5295146
  start: 1686204924.6217399
