event_sleeping:
  end: 1686203806.0769467
  start: 1686203662.0868618
