event_sleeping:
  end: 1686203221.0759656
  start: 1686202974.6870136
