event_sleeping:
  end: 1686205263.5744574
  start: 1686205044.6603124
