event_sleeping:
  end: 1686207036.0768812
  start: 1686206587.1023185
