event_sleeping:
  end: 1686204408.5456443
  start: 1686204339.6508698
