event_sleeping:
  end: 1686206536.0103967
  start: 1686206502.193849
