event_sleeping:
  end: 1686202923.5675166
  start: 1686202830.9901047
