event_sleeping:
  end: 1686206451.076839
  start: 1686206002.0947936
