event_sleeping:
  end: 1686203610.979654
  start: 1686203467.1564822
