event_sleeping:
  end: 1686204873.5767572
  start: 1686204459.6411984
