event_sleeping:
  end: 1686205950.9838507
  start: 1686205509.6709936
