event_sleeping:
  end: 1686204288.5754864
  start: 1686204144.6879547
