event_sleeping:
  end: 1686203721.0636775
  start: 1686203272.0023844
