event_sleeping:
  end: 1686205086.0556948
  start: 1686204941.9926798
