event_sleeping:
  end: 1686205561.027898
  start: 1686205509.57373
