event_sleeping:
  end: 1686204111.0771744
  start: 1686203874.5054421
