event_sleeping:
  end: 1686203823.5370352
  start: 1686203772.0664392
