event_sleeping:
  end: 1686207018.576714
  start: 1686206604.5567412
