event_sleeping:
  end: 1686206340.9995074
  start: 1686206307.0046043
