event_sleeping:
  end: 1686205756.0105765
  start: 1686205612.0082827
