event_sleeping:
  end: 1686204586.0225408
  start: 1686204357.039966
