event_sleeping:
  end: 1686206553.5754743
  start: 1686206391.9987826
