event_sleeping:
  end: 1686205458.5769553
  start: 1686205137.0364485
