event_sleeping:
  end: 1686204890.9960382
  start: 1686204637.045829
