event_sleeping:
  end: 1686203135.9876175
  start: 1686202881.7796044
