event_sleeping:
  end: 1686203220.9995034
  start: 1686203186.9690301
