event_sleeping:
  end: 1686206256.007644
  start: 1686206112.0425558
