event_sleeping:
  end: 1686206061.0769453
  start: 1686205807.0124493
