event_sleeping:
  end: 1686202830.9902806
  start: 1686202830.989964
