event_sleeping:
  end: 1686204306.0754087
  start: 1686204162.0977247
