event_sleeping:
  end: 1686203081.0767584
  start: 1686202936.873142
