event_sleeping:
  end: 1686204446.009412
  start: 1686204302.1082153
