event_sleeping:
  end: 1686204250.999595
  start: 1686204107.1796696
