event_sleeping:
  end: 1686205031.0769765
  start: 1686204887.0948343
