event_sleeping:
  end: 1686204641.070066
  start: 1686204547.515918
