event_sleeping:
  end: 1686203666.0155067
  start: 1686203522.141563
