event_sleeping:
  end: 1686204056.071448
  start: 1686203912.1774647
