event_sleeping:
  end: 1686202886.0236392
  start: 1686202830.987983
