event_sleeping:
  end: 1686206396.0769224
  start: 1686205667.2014604
