event_sleeping:
  end: 1686204835.9808564
  start: 1686204692.1742876
