event_sleeping:
  end: 1686203276.0396302
  start: 1686203132.182884
