event_sleeping:
  end: 1686203471.0156677
  start: 1686203327.1401646
