event_sleeping:
  end: 1686206591.0756142
  start: 1686206447.1769614
