event_sleeping:
  end: 1686203861.0736382
  start: 1686203717.102035
