event_sleeping:
  end: 1686205226.0769372
  start: 1686205082.1995533
