event_sleeping:
  end: 1686205616.076605
  start: 1686205472.1428275
