event_sleeping:
  end: 1686205421.0556393
  start: 1686205277.1929874
