event_sleeping_wait_all:
  end: 1684910411.5601482
  start: 1684910286.020888
