event_sleeping_wait_all:
  end: 1684911971.4839208
  start: 1684911938.5445118
