event_sleeping_wait_all:
  end: 1684915396.560064
  start: 1684915058.5053635
