event_sleeping_wait_all:
  end: 1684917524.060845
  start: 1684917398.4784622
