event_sleeping_wait_all:
  end: 1684917346.5610497
  start: 1684917093.5145948
