event_sleeping_wait_all:
  end: 1684914701.5321023
  start: 1684914558.4910395
