event_sleeping_wait_all:
  end: 1684916176.560939
  start: 1684916033.495037
