event_sleeping_wait_all:
  end: 1684911886.4681554
  start: 1684911743.4829369
