event_sleeping_wait_all:
  end: 1684908376.5132062
  start: 1684908233.5049195
