event_sleeping_wait_all:
  end: 1684915786.4680178
  start: 1684915533.4152005
