event_sleeping_wait_all:
  end: 1684912166.5561762
  start: 1684912023.394749
