event_sleeping:
  end: 1684907504.0609093
  start: 1684907366.9777827
