event_sleeping_wait_all:
  end: 1684914031.5607827
  start: 1684913693.4368062
