event_sleeping:
  end: 1684907206.5604594
  start: 1684906953.4287462
