event_sleeping_wait_all:
  end: 1684907681.5001137
  start: 1684907556.0024028
