event_sleeping_wait_all:
  end: 1684914226.56093
  start: 1684914083.5303812
