event_sleeping_wait_all:
  end: 1684910234.0606773
  start: 1684909598.458584
