event_sleeping_wait_all:
  end: 1684910911.5607853
  start: 1684910658.482572
