event_sleeping:
  end: 1684906901.4943671
  start: 1684906706.4727664
