event_sleeping_wait_all:
  end: 1684912751.560665
  start: 1684912523.4222007
