event_sleeping_wait_all:
  end: 1684914506.560043
  start: 1684914278.504926
