event_sleeping_wait_all:
  end: 1684908181.5605576
  start: 1684907733.425278
