event_sleeping_wait_all:
  end: 1684915981.56075
  start: 1684915838.4056208
