event_sleeping_wait_all:
  end: 1684909546.560548
  start: 1684909311.0125494
