event_sleeping_wait_all:
  end: 1684911301.52609
  start: 1684911158.4271967
