event_sleeping_wait_all:
  end: 1684911691.524777
  start: 1684911353.4261808
