event_sleeping_wait_all:
  end: 1684915481.4938037
  start: 1684915448.4962819
