event_sleeping_wait_all:
  end: 1684911106.5240636
  start: 1684910963.499588
