event_sleeping_wait_all:
  end: 1684917041.560753
  start: 1684916618.4765854
