event_sleeping_wait_all:
  end: 1684916566.5598805
  start: 1684916313.4666812
