event_sleeping_wait_all:
  end: 1684913641.4680688
  start: 1684913193.4224358
