event_sleeping:
  end: 1684907309.011282
  start: 1684907258.5268357
