event_sleeping_wait_all:
  end: 1684909259.0288517
  start: 1684909190.9819298
