event_sleeping_wait_all:
  end: 1684916261.493608
  start: 1684916228.5385294
