event_sleeping_wait_all:
  end: 1684909139.061435
  start: 1684909013.419363
