event_sleeping_wait_all:
  end: 1684908961.4908593
  start: 1684908428.468711
