event_sleeping_wait_all:
  end: 1684912471.5599153
  start: 1684912218.4809027
