event_sleeping_wait_all:
  end: 1684913141.4680178
  start: 1684913108.5098186
