event_sleeping_wait_all:
  end: 1684915006.559891
  start: 1684914753.4708028
