event_sleeping_wait_all:
  end: 1684910606.5244055
  start: 1684910463.522708
