event_sleeping_wait_all:
  end: 1684913056.55992
  start: 1684912803.52832
