event_sleeping_wait_all:
  end: 1684910411.476011
  start: 1684910378.21717
