event_sleeping:
  end: 1684908266.5603495
  start: 1684907928.1585977
