event_sleeping_wait_all:
  end: 1684909631.516064
  start: 1684909488.1749313
