event_sleeping_wait_all:
  end: 1684910606.52412
  start: 1684910463.1184967
