event_sleeping_wait_all:
  end: 1684910911.5611513
  start: 1684910658.2094452
