event_sleeping:
  end: 1684906706.470717
  start: 1684906706.4697547
