event_sleeping_wait_all:
  end: 1684910996.476049
  start: 1684910963.2115793
