event_sleeping:
  end: 1684908554.0520287
  start: 1684908318.218575
