event_sleeping_wait_all:
  end: 1684910326.5280921
  start: 1684910183.219094
