event_sleeping_wait_all:
  end: 1684912471.4687004
  start: 1684912218.1204076
