event_sleeping_wait_all:
  end: 1684912843.964104
  start: 1684912523.1208067
