event_sleeping_wait_all:
  end: 1684910131.5609791
  start: 1684909988.1715329
