event_sleeping:
  end: 1684907596.5607853
  start: 1684907343.2157316
