event_sleeping_wait_all:
  end: 1684911691.5742853
  start: 1684911353.2326174
