event_sleeping_wait_all:
  end: 1684911301.5620217
  start: 1684911048.1261523
