event_sleeping:
  end: 1684907876.4679961
  start: 1684907648.233891
