event_sleeping:
  end: 1684907291.5161366
  start: 1684906953.2257538
