event_sleeping_wait_all:
  end: 1684912166.4640818
  start: 1684911938.1349952
