event_sleeping_wait_all:
  end: 1684908656.5080543
  start: 1684908605.693663
