event_sleeping_wait_all:
  end: 1684909046.5241287
  start: 1684908708.16626
