event_sleeping:
  end: 1684906901.5614882
  start: 1684906758.1367145
