event_sleeping_wait_all:
  end: 1684909936.508121
  start: 1684909683.1758566
