event_sleeping_wait_all:
  end: 1684909436.500534
  start: 1684909098.1788242
