event_sleeping_wait_all:
  end: 1684911886.4684837
  start: 1684911743.2056262
