event_sleeping_wait_all:
  end: 1684912844.0601096
  start: 1684912608.146297
