event_sleeping_wait_all:
  end: 1684908181.5602832
  start: 1684907733.207439
