event_sleeping_wait_all:
  end: 1684912471.4683397
  start: 1684912235.7084477
