event_sleeping_wait_all:
  end: 1684911776.560051
  start: 1684911633.2423992
