event_sleeping_wait_all:
  end: 1684908284.0114758
  start: 1684908233.2295954
