event_sleeping_wait_all:
  end: 1684909436.5000932
  start: 1684909293.2365766
