event_sleeping_wait_all:
  end: 1684908554.0525918
  start: 1684908335.705044
