event_sleeping:
  end: 1684906816.562211
  start: 1684906706.4717207
