event_sleeping_wait_all:
  end: 1684910021.4940126
  start: 1684909988.193826
