event_sleeping:
  end: 1684907579.0223382
  start: 1684907453.207122
