event_sleeping_wait_all:
  end: 1684907681.5137658
  start: 1684907630.716786
