event_sleeping_wait_all:
  end: 1684912081.532161
  start: 1684911828.2283313
