event_sleeping:
  end: 1684907011.559952
  start: 1684906868.2064774
