event_sleeping_wait_all:
  end: 1684912556.494281
  start: 1684912523.120596
