event_sleeping_wait_all:
  end: 1684911191.493737
  start: 1684911158.203439
