event_sleeping_wait_all:
  end: 1684912184.012255
  start: 1684912133.1792536
