event_sleeping_wait_all:
  end: 1684911386.5608025
  start: 1684911243.1419408
