event_sleeping_wait_all:
  end: 1684909241.5577471
  start: 1684908995.7914345
