event_sleeping:
  end: 1684907096.4919379
  start: 1684907063.1994045
