event_sleeping_wait_all:
  end: 1684908944.0609462
  start: 1684908818.1961954
