event_sleeping_wait_all:
  end: 1684909936.5600128
  start: 1684909488.1716008
