event_sleeping:
  end: 1684907401.5642412
  start: 1684907148.1600685
