event_sleeping_wait_all:
  end: 1684911581.5610502
  start: 1684911438.25182
