event_sleeping_wait_all:
  end: 1684911106.5601633
  start: 1684910073.1473925
