event_sleeping_wait_all:
  end: 1684909139.0607388
  start: 1684908903.1183045
