event_sleeping_wait_all:
  end: 1684908181.559915
  start: 1684908020.693277
