event_sleeping_wait_all:
  end: 1684909334.060049
  start: 1684909190.7610233
