event_sleeping:
  end: 1684907401.5321496
  start: 1684907063.1932602
