event_sleeping:
  end: 1684907791.5161605
  start: 1684907453.2019293
