event_sleeping_wait_all:
  end: 1684909741.5606515
  start: 1684909385.6744637
