event_sleeping_wait_all:
  end: 1684908266.4944758
  start: 1684908233.2290466
