event_sleeping_wait_all:
  end: 1684910131.5614147
  start: 1684909878.164612
