event_sleeping_wait_all:
  end: 1684912666.5612016
  start: 1684912413.1906703
