event_sleeping_wait_all:
  end: 1684911496.5607781
  start: 1684910768.2462034
