event_sleeping_wait_all:
  end: 1684908461.532061
  start: 1684908318.1410475
