event_sleeping_wait_all:
  end: 1684913159.036096
  start: 1684912913.2097692
