event_sleeping_wait_all:
  end: 1684912081.532566
  start: 1684911743.1672087
