event_sleeping_wait_all:
  end: 1684910716.5613818
  start: 1684910463.118311
