event_sleeping_wait_all:
  end: 1684910411.4763095
  start: 1684910183.220428
