event_sleeping:
  end: 1684907011.5161273
  start: 1684906868.1314337
