event_sleeping:
  end: 1684907969.0281246
  start: 1684907843.2120883
