event_sleeping_wait_all:
  end: 1684911691.516153
  start: 1684911548.23229
