event_sleeping:
  end: 1684906816.5079603
  start: 1684906706.472291
