event_sleeping_wait_all:
  end: 1684909826.491985
  start: 1684909793.1900995
