event_sleeping_wait_all:
  end: 1684908851.5138974
  start: 1684908800.7105715
