event_sleeping_wait_all:
  end: 1684908749.0464847
  start: 1684908513.2094147
