event_sleeping_wait_all:
  end: 1684912361.5598495
  start: 1684912133.1796265
