event_sleeping_wait_all:
  end: 1684916261.4949536
  start: 1684916118.1166136
