event_sleeping_wait_all:
  end: 1684915396.5608938
  start: 1684915253.139234
