event_sleeping_wait_all:
  end: 1684912276.5609121
  start: 1684912040.5740306
