event_sleeping_wait_all:
  end: 1684911989.0280762
  start: 1684911828.1315138
