event_sleeping:
  end: 1684909046.5604644
  start: 1684908903.079609
