event_sleeping_wait_all:
  end: 1684910894.0599208
  start: 1684910768.2078073
