event_sleeping:
  end: 1684908851.484041
  start: 1684908818.2496643
