event_sleeping_wait_all:
  end: 1684915201.5001664
  start: 1684915058.111475
