event_sleeping:
  end: 1684908766.4840336
  start: 1684908623.1274252
