event_sleeping:
  end: 1684909334.0598738
  start: 1684909098.1709123
