event_sleeping_wait_all:
  end: 1684910716.5608423
  start: 1684910463.1447465
