event_sleeping_wait_all:
  end: 1684916744.0610316
  start: 1684916618.0666988
