event_sleeping_wait_all:
  end: 1684913446.4881313
  start: 1684912718.148684
