event_sleeping:
  end: 1684906816.5081263
  start: 1684906706.4726608
