event_sleeping_wait_all:
  end: 1684911674.0605912
  start: 1684911353.178252
