event_sleeping_wait_all:
  end: 1684913836.5081081
  start: 1684913498.1468987
