event_sleeping_wait_all:
  end: 1684910996.5098598
  start: 1684910945.671016
