event_sleeping_wait_all:
  end: 1684916566.4921432
  start: 1684916313.0996642
