event_sleeping_wait_all:
  end: 1684909631.5601134
  start: 1684909385.6552794
