event_sleeping_wait_all:
  end: 1684914506.5241253
  start: 1684914363.1670053
