event_sleeping:
  end: 1684908266.559973
  start: 1684907733.1472776
