event_sleeping_wait_all:
  end: 1684911301.5634904
  start: 1684911048.0868165
