event_sleeping:
  end: 1684908571.5159905
  start: 1684908318.1314769
