event_sleeping:
  end: 1684906901.4940372
  start: 1684906868.0908546
