event_sleeping_wait_all:
  end: 1684916066.5240886
  start: 1684915923.114993
