event_sleeping_wait_all:
  end: 1684915786.5599415
  start: 1684915533.131947
