event_sleeping_wait_all:
  end: 1684914116.5607066
  start: 1684913973.1275375
