event_sleeping_wait_all:
  end: 1684915006.5182931
  start: 1684914863.1890445
