event_sleeping_wait_all:
  end: 1684912666.560708
  start: 1684912413.0752833
