event_sleeping_wait_all:
  end: 1684910021.5039206
  start: 1684909683.1569784
