event_sleeping_wait_all:
  end: 1684910411.5598857
  start: 1684910073.1466067
