event_sleeping:
  end: 1684907486.5241303
  start: 1684906953.0828452
