event_sleeping_wait_all:
  end: 1684912361.4942038
  start: 1684912328.1584268
