event_sleeping_wait_all:
  end: 1684914811.5613859
  start: 1684914558.1127205
