event_sleeping_wait_all:
  end: 1684915481.4940467
  start: 1684915448.175295
