event_sleeping:
  end: 1684907681.5751445
  start: 1684907538.118429
