event_sleeping_wait_all:
  end: 1684911776.5118332
  start: 1684911725.6484492
