event_sleeping_wait_all:
  end: 1684914311.5610409
  start: 1684914168.186275
