event_sleeping_wait_all:
  end: 1684915871.483864
  start: 1684915838.1728358
