event_sleeping_wait_all:
  end: 1684913921.4940915
  start: 1684913888.1337306
