event_sleeping:
  end: 1684911441.560705
  start: 1684911298.4574075
