event_sleeping_wait_all:
  end: 1684914561.560814
  start: 1684914418.490613
