event_sleeping_wait_all:
  end: 1684916901.4998834
  start: 1684916758.554821
