event_sleeping_wait_all:
  end: 1684915926.5040772
  start: 1684915588.499431
