event_sleeping_wait_all:
  end: 1684917096.5608103
  start: 1684916953.537639
