event_sleeping:
  end: 1684906761.5186691
  start: 1684906706.466821
