event_sleeping:
  end: 1684906956.508231
  start: 1684906813.5139024
