event_sleeping:
  end: 1684910271.5610895
  start: 1684910128.543396
