event_sleeping_wait_all:
  end: 1684916706.5512555
  start: 1684916563.5747912
