event_sleeping_wait_all:
  end: 1684913976.508126
  start: 1684913833.548599
