event_sleeping:
  end: 1684909296.5608609
  start: 1684909153.5587018
