event_sleeping:
  end: 1684910076.5081332
  start: 1684909933.5371153
