event_sleeping:
  end: 1684909101.5000684
  start: 1684908958.527629
