event_sleeping:
  end: 1684907931.5160944
  start: 1684907788.443663
