event_sleeping:
  end: 1684912221.5607316
  start: 1684912078.5725594
