event_sleeping:
  end: 1684909686.524085
  start: 1684909348.6716359
