event_sleeping:
  end: 1684909881.5320888
  start: 1684909738.522652
