event_sleeping:
  end: 1684908516.5081456
  start: 1684908373.4703686
