event_sleeping_wait_all:
  end: 1684917291.5604205
  start: 1684917148.5713851
