event_sleeping_wait_all:
  end: 1684914171.5160775
  start: 1684914028.5260537
