event_sleeping:
  end: 1684910856.516915
  start: 1684910518.5661912
