event_sleeping:
  end: 1684907736.476129
  start: 1684907593.602379
