event_sleeping:
  end: 1684911051.5610569
  start: 1684910908.5749974
