event_sleeping:
  end: 1684908906.4999526
  start: 1684908763.567533
