event_sleeping_wait_all:
  end: 1684914366.516099
  start: 1684914223.48522
