event_sleeping:
  end: 1684907541.513333
  start: 1684907398.5980444
