event_sleeping:
  end: 1684907346.5607028
  start: 1684907008.5395193
