event_sleeping:
  end: 1684912026.5241377
  start: 1684911688.5418403
