event_sleeping:
  end: 1684912806.5599573
  start: 1684912273.5066714
