event_sleeping:
  end: 1684908321.50792
  start: 1684908178.56067
