event_sleeping:
  end: 1684911246.5001295
  start: 1684911103.6172528
