event_sleeping_wait_all:
  end: 1684913781.5320573
  start: 1684913638.5773942
