event_sleeping_wait_all:
  end: 1684913586.5241313
  start: 1684913248.4219272
