event_sleeping:
  end: 1684910466.5121033
  start: 1684910323.6252654
