event_sleeping_wait_all:
  end: 1684913196.468167
  start: 1684912858.578663
