event_sleeping_wait_all:
  end: 1684917486.4836154
  start: 1684917343.6221306
