event_sleeping:
  end: 1684908711.5609803
  start: 1684908568.5221527
