event_sleeping_wait_all:
  end: 1684914756.5612087
  start: 1684914613.5391731
