event_sleeping_wait_all:
  end: 1684914951.484058
  start: 1684914808.6054082
