event_sleeping_wait_all:
  end: 1684916511.5608406
  start: 1684915978.5033767
