event_sleeping:
  end: 1684908126.5607977
  start: 1684907983.5594373
