event_sleeping_wait_all:
  end: 1684915536.5081456
  start: 1684915003.522117
