event_sleeping:
  end: 1684911636.47616
  start: 1684911493.528987
