event_sleeping_wait_all:
  end: 1685589086.4782133
  start: 1685588943.4345908
