event_sleeping_wait_all:
  end: 1685590348.9559507
  start: 1685589815.835091
