event_sleeping:
  end: 1685588288.976459
  start: 1685588111.3831673
