event_sleeping_wait_all:
  end: 1685588678.8799522
  start: 1685588645.8444564
