event_sleeping_wait_all:
  end: 1685588593.884122
  start: 1685588340.9354553
