event_sleeping_wait_all:
  end: 1685590646.4283204
  start: 1685590595.8923368
