event_sleeping_wait_all:
  end: 1685589763.8810666
  start: 1685589603.3328805
