event_sleeping_wait_all:
  end: 1685590543.9320755
  start: 1685590400.8889158
