event_sleeping_wait_all:
  end: 1685589551.3818667
  start: 1685589138.386323
