event_sleeping_wait_all:
  end: 1685588891.4201996
  start: 1685588730.8040044
