event_sleeping_wait_all:
  end: 1685588288.9759781
  start: 1685588163.0251653
