event_sleeping_wait_all:
  end: 1685591018.908007
  start: 1685590875.6068726
