event_sleeping_wait_all:
  end: 1685591306.4602268
  start: 1685591070.5621724
