event_sleeping_wait_all:
  end: 1685589281.4361947
  start: 1685589018.0382118
