event_sleeping_wait_all:
  end: 1685590451.4779534
  start: 1685590113.109873
