event_sleeping_wait_all:
  end: 1685590061.4029462
  start: 1685590010.6286862
