event_sleeping_wait_all:
  end: 1685589958.9721503
  start: 1685589723.0704713
