event_sleeping:
  end: 1685588111.3852918
  start: 1685588111.3852575
