event_sleeping_wait_all:
  end: 1685588966.3881137
  start: 1685588730.614862
