event_sleeping_wait_all:
  end: 1685589671.4450088
  start: 1685589333.0911775
