event_sleeping_wait_all:
  end: 1685588678.880281
  start: 1685588340.6286917
