event_sleeping_wait_all:
  end: 1685590823.9212816
  start: 1685590503.123815
