event_sleeping_wait_all:
  end: 1685590646.4639168
  start: 1685590400.6160123
