event_sleeping:
  end: 1685588203.9722126
  start: 1685588111.3849893
