event_sleeping_wait_all:
  end: 1685590136.3961174
  start: 1685589993.1361222
