event_sleeping_wait_all:
  end: 1685589568.9480853
  start: 1685589120.57117
