event_sleeping_wait_all:
  end: 1685588788.9775832
  start: 1685588535.5819075
