event_sleeping_wait_all:
  end: 1685589653.9111109
  start: 1685589620.556761
