event_sleeping_wait_all:
  end: 1685588381.4520874
  start: 1685588255.659128
