event_sleeping_wait_all:
  end: 1685590348.9563057
  start: 1685590188.0590415
