event_sleeping_wait_all:
  end: 1685588483.9288166
  start: 1685588433.1058452
