event_sleeping_wait_all:
  end: 1685589068.8977177
  start: 1685589035.5945773
