event_sleeping_wait_all:
  end: 1685589941.460087
  start: 1685589705.565813
