event_sleeping_wait_all:
  end: 1685588983.9453728
  start: 1685588840.6433387
