event_sleeping_wait_all:
  end: 1685588788.9771864
  start: 1685588450.6258788
