event_sleeping_wait_all:
  end: 1685589178.9759622
  start: 1685588840.5968268
