event_sleeping_wait_all:
  end: 1685592103.9080663
  start: 1685591850.6443996
