event_sleeping_wait_all:
  end: 1685590738.970023
  start: 1685590578.1273906
