event_sleeping_wait_all:
  end: 1685590136.4761603
  start: 1685589900.58716
