event_sleeping:
  end: 1685588186.4519827
  start: 1685588111.385763
