event_sleeping_wait_all:
  end: 1685589848.9240975
  start: 1685589723.0842283
