event_sleeping_wait_all:
  end: 1685590526.477862
  start: 1685590290.6005216
