event_sleeping_wait_all:
  end: 1685589551.4761326
  start: 1685589425.6140487
