event_sleeping_wait_all:
  end: 1685589671.4467056
  start: 1685589603.1525104
