event_sleeping_wait_all:
  end: 1685591128.9584453
  start: 1685590790.63332
