event_sleeping_wait_all:
  end: 1685592866.4175527
  start: 1685592155.5935287
