event_sleeping_wait_all:
  end: 1685591518.9756525
  start: 1685591265.550882
