event_sleeping_wait_all:
  end: 1685589373.9511979
  start: 1685589230.6293597
