event_sleeping_wait_all:
  end: 1685588398.9781315
  start: 1685588238.147714
