event_sleeping_wait_all:
  end: 1685591798.978113
  start: 1685591570.6645246
