event_sleeping_wait_all:
  end: 1685590238.928833
  start: 1685590188.152666
