event_sleeping_wait_all:
  end: 1685591036.4781651
  start: 1685590790.5839849
