event_sleeping_wait_all:
  end: 1685589653.976028
  start: 1685589120.5814857
