event_sleeping_wait_all:
  end: 1685589958.9812868
  start: 1685589705.5655556
