event_sleeping_wait_all:
  end: 1685588873.9760158
  start: 1685588340.5299988
