event_sleeping_wait_all:
  end: 1685590451.478325
  start: 1685590308.0234466
