event_sleeping_wait_all:
  end: 1685589068.9760015
  start: 1685588925.5632362
