event_sleeping_wait_all:
  end: 1685590153.9522524
  start: 1685590010.5832715
