event_sleeping_wait_all:
  end: 1685590738.9626534
  start: 1685590503.0743027
