event_sleeping_wait_all:
  end: 1685590256.428694
  start: 1685590205.5445445
