event_sleeping:
  end: 1685588203.971537
  start: 1685588111.3860447
