event_sleeping_wait_all:
  end: 1685588288.9114356
  start: 1685588255.577941
