event_sleeping_wait_all:
  end: 1685591463.9779322
  start: 1685591320.920062
