event_sleeping_wait_all:
  end: 1685592438.977873
  start: 1685592296.0051525
