event_sleeping:
  end: 1685589708.929474
  start: 1685589565.9198174
