event_sleeping_wait_all:
  end: 1685591658.9693642
  start: 1685591515.9943576
