event_sleeping:
  end: 1685590293.9783823
  start: 1685590150.9518588
