event_sleeping:
  end: 1685588343.9759881
  start: 1685588204.5873878
