event_sleeping:
  end: 1685588148.882524
  start: 1685588111.3826606
