event_sleeping:
  end: 1685589318.9758687
  start: 1685589176.0070753
