event_sleeping:
  end: 1685589513.920056
  start: 1685589371.0078006
