event_sleeping:
  end: 1685589903.951954
  start: 1685589760.942545
