event_sleeping:
  end: 1685590098.9402435
  start: 1685589955.9641154
