event_sleeping:
  end: 1685590488.9784238
  start: 1685590346.037304
