event_sleeping_wait_all:
  end: 1685591268.94011
  start: 1685591125.9922776
