event_sleeping:
  end: 1685590683.977932
  start: 1685590541.0804176
