event_sleeping_wait_all:
  end: 1685591073.9780388
  start: 1685590735.9240217
