event_sleeping_wait_all:
  end: 1685592828.9240606
  start: 1685592685.9413466
