event_sleeping:
  end: 1685588928.8840766
  start: 1685588785.9961116
