event_sleeping_wait_all:
  end: 1685591853.9781647
  start: 1685591711.0107396
