event_sleeping:
  end: 1685588733.9691174
  start: 1685588395.9819605
