event_sleeping:
  end: 1685589123.978075
  start: 1685588980.9285247
