event_sleeping_wait_all:
  end: 1685592243.9760556
  start: 1685591905.9878395
