event_sleeping_wait_all:
  end: 1685592633.8954194
  start: 1685592490.9974275
