event_sleeping:
  end: 1684941510.5399494
  start: 1684940907.95861
