event_sleeping_wait_all:
  end: 1684942078.010268
  start: 1684941952.5295677
