event_sleeping_wait_all:
  end: 1684942365.54419
  start: 1684942129.9309478
