event_sleeping_wait_all:
  end: 1684941900.5451794
  start: 1684941757.4999275
