event_sleeping:
  end: 1684941705.5071123
  start: 1684941568.4610584
