event_sleeping:
  end: 1684941120.5468972
  start: 1684940907.957587
