event_sleeping_wait_all:
  end: 1684942755.5061455
  start: 1684942434.5961576
