event_sleeping_wait_all:
  end: 1684942382.980513
  start: 1684941739.7154353
