event_sleeping_wait_all:
  end: 1684941688.0442727
  start: 1684941562.1360137
