event_sleeping:
  end: 1684941407.9799683
  start: 1684941181.2469964
