event_sleeping_wait_all:
  end: 1684941510.493205
  start: 1684941459.6395922
