event_sleeping_wait_all:
  end: 1684942382.9721148
  start: 1684941952.1582181
