event_sleeping:
  end: 1684941585.493101
  start: 1684941264.6887052
