event_sleeping_wait_all:
  end: 1684941900.5123463
  start: 1684941832.1987183
