event_sleeping:
  end: 1684941213.0201173
  start: 1684941069.6177063
