event_sleeping_wait_all:
  end: 1684941780.5444038
  start: 1684941637.17628
