event_sleeping_wait_all:
  end: 1684942485.4761536
  start: 1684942434.5840538
