event_sleeping:
  end: 1684941017.9660642
  start: 1684940907.955861
