event_sleeping_wait_all:
  end: 1684941798.0207682
  start: 1684941349.622452
