event_sleeping_wait_all:
  end: 1684942170.5440874
  start: 1684941849.6978614
