event_sleeping_wait_all:
  end: 1684941213.0524142
  start: 1684941052.248936
