event_sleeping:
  end: 1684941000.5401032
  start: 1684940907.9567397
