event_sleeping_wait_all:
  end: 1684941297.9450681
  start: 1684941264.6883028
