event_sleeping_wait_all:
  end: 1684943535.4750164
  start: 1684943214.6259534
