event_sleeping_wait_all:
  end: 1684943163.003091
  start: 1684942909.5772176
