event_sleeping_wait_all:
  end: 1684942383.0438924
  start: 1684942129.5468564
