event_sleeping_wait_all:
  end: 1684942467.9774141
  start: 1684942434.6163542
