event_sleeping:
  end: 1684941900.510499
  start: 1684941739.6072283
