event_sleeping:
  end: 1684940907.9578724
  start: 1684940907.9577405
