event_sleeping_wait_all:
  end: 1684942077.9719355
  start: 1684941952.1245298
