event_sleeping_wait_all:
  end: 1684942857.9560757
  start: 1684942519.560806
