event_sleeping:
  end: 1684941688.0281694
  start: 1684940959.5293663
