event_sleeping_wait_all:
  end: 1684942718.0442145
  start: 1684942575.0342221
