event_sleeping_wait_all:
  end: 1684943498.0440018
  start: 1684943355.0688975
