event_sleeping_wait_all:
  end: 1684942913.044252
  start: 1684942770.0038803
