event_sleeping_wait_all:
  end: 1684943303.036171
  start: 1684943159.976658
