event_sleeping_wait_all:
  end: 1684942523.004113
  start: 1684942380.0617273
