event_sleeping:
  end: 1684941548.0281804
  start: 1684941210.034276
