event_sleeping:
  end: 1684941938.0444567
  start: 1684941794.9294207
