event_sleeping_wait_all:
  end: 1684942133.0440445
  start: 1684941990.0603695
