event_sleeping_wait_all:
  end: 1684943108.043808
  start: 1684942964.996273
