event_sleeping:
  end: 1684941742.9536521
  start: 1684941600.0971985
