event_sleeping:
  end: 1684941158.0444152
  start: 1684941014.9525902
