event_sleeping:
  end: 1684940962.999157
  start: 1684940907.946809
