event_sleeping_wait_all:
  end: 1684942328.0439463
  start: 1684942185.000508
