event_sleeping:
  end: 1686208569.610548
  start: 1686208155.6032486
