event_sleeping:
  end: 1686208764.5520349
  start: 1686208620.7182205
