event_sleeping:
  end: 1686207714.607442
  start: 1686207553.179764
