event_sleeping:
  end: 1686207502.1114151
  start: 1686207112.0197315
