event_sleeping:
  end: 1686208104.512362
  start: 1686207960.7037978
