event_sleeping:
  end: 1686207909.607442
  start: 1686207765.676911
