event_sleeping:
  end: 1686207714.561795
  start: 1686207663.201744
