event_sleeping:
  end: 1686208087.0836093
  start: 1686207765.660222
