event_sleeping:
  end: 1686207112.0203962
  start: 1686207112.01886
