event_sleeping:
  end: 1686208477.0443723
  start: 1686208443.1333349
