event_sleeping:
  end: 1686207324.6104605
  start: 1686207163.1105335
