event_sleeping:
  end: 1686207612.095664
  start: 1686207375.71824
