event_sleeping:
  end: 1686208392.0400066
  start: 1686208138.1595128
