event_sleeping:
  end: 1686208782.1100838
  start: 1686208528.1755419
