event_sleeping:
  end: 1686207984.6080067
  start: 1686207840.6596563
