event_sleeping:
  end: 1686208689.5437133
  start: 1686208528.1758564
