event_sleeping:
  end: 1686207112.0201602
  start: 1686207112.0194302
