event_sleeping:
  end: 1686207789.5848904
  start: 1686207163.0877655
