event_sleeping:
  end: 1686208959.6105492
  start: 1686208740.6517708
