event_sleeping:
  end: 1686208104.511748
  start: 1686208035.6955063
