event_sleeping:
  end: 1686208477.1076176
  start: 1686208155.6084068
