event_sleeping:
  end: 1686207697.1105537
  start: 1686207553.1870737
