event_sleeping:
  end: 1686208087.1138227
  start: 1686207943.2230408
