event_sleeping:
  end: 1686207204.6034758
  start: 1686207112.0214047
