event_sleeping:
  end: 1686209154.599651
  start: 1686208740.6618261
