event_sleeping:
  end: 1686207502.1102405
  start: 1686207255.6688502
