event_sleeping:
  end: 1686208689.576457
  start: 1686208620.7196987
