event_sleeping:
  end: 1686208374.6105962
  start: 1686208138.224532
