event_sleeping:
  end: 1686208569.610304
  start: 1686208425.6998258
