event_sleeping:
  end: 1686207892.110392
  start: 1686207748.1930282
