event_sleeping:
  end: 1686208002.1105483
  start: 1686207553.0452478
