event_sleeping:
  end: 1686208867.079744
  start: 1686208638.0109007
