event_sleeping:
  end: 1686207502.0443625
  start: 1686207468.1094184
