event_sleeping:
  end: 1686208587.034012
  start: 1686208443.0300722
