event_sleeping:
  end: 1686208392.0396554
  start: 1686208155.5386474
