event_sleeping:
  end: 1686208104.5817528
  start: 1686208053.1217473
