event_sleeping:
  end: 1686207112.0212035
  start: 1686207112.0210962
