event_sleeping:
  end: 1686207417.1076236
  start: 1686207163.0384548
