event_sleeping:
  end: 1686208532.03234
  start: 1686208388.2477653
