event_sleeping:
  end: 1686208142.0852287
  start: 1686207998.2015858
