event_sleeping:
  end: 1686208727.11077
  start: 1686208583.163901
