event_sleeping:
  end: 1686207167.063512
  start: 1686207112.0125568
