event_sleeping:
  end: 1686207947.0838494
  start: 1686207803.2259264
