event_sleeping:
  end: 1686207752.1035602
  start: 1686207608.1576478
