event_sleeping:
  end: 1686208337.110439
  start: 1686208193.210467
