event_sleeping:
  end: 1686207362.06133
  start: 1686207217.9015572
