event_sleeping:
  end: 1686207557.0516253
  start: 1686207413.2183201
