event_sleeping:
  end: 1684828451.2041225
  start: 1684828273.6150632
