event_sleeping:
  end: 1684828273.613658
  start: 1684828273.6135712
