event_sleeping:
  end: 1684828451.1521282
  start: 1684828325.7058597
