event_sleeping:
  end: 1684828366.140102
  start: 1684828273.6158388
