event_sleeping:
  end: 1684828348.6835096
  start: 1684828273.6183817
