event_sleeping:
  end: 1684828366.1405613
  start: 1684828273.6186538
