event_sleeping:
  end: 1684828311.1321466
  start: 1684828273.6143107
