event_sleeping:
  end: 1684828506.177028
  start: 1684828362.862061
