event_sleeping:
  end: 1685273162.816009
  start: 1685272967.729142
