event_sleeping:
  end: 1685273960.31629
  start: 1685273816.37429
