event_sleeping:
  end: 1685273765.3158524
  start: 1685273621.2816613
