event_sleeping:
  end: 1685275205.3191688
  start: 1685274671.3981116
