event_sleeping:
  end: 1685273570.235989
  start: 1685273518.930134
