event_sleeping:
  end: 1685274620.3193521
  start: 1685274476.3923023
