event_sleeping:
  end: 1685273467.8195653
  start: 1685273218.6586385
