event_sleeping:
  end: 1685274425.3201215
  start: 1685274011.40655
