event_sleeping:
  end: 1685273570.316079
  start: 1685273231.1343563
