event_sleeping:
  end: 1685273180.314016
  start: 1685273027.7084613
