event_sleeping:
  end: 1685274527.7320807
  start: 1685274188.6479058
