event_sleeping:
  end: 1685272967.72582
  start: 1685272967.7257447
