event_sleeping:
  end: 1685274137.8194158
  start: 1685273908.6140552
