event_sleeping:
  end: 1685274815.3195782
  start: 1685274578.5116198
