event_sleeping:
  end: 1685273357.753576
  start: 1685273323.625864
