event_sleeping:
  end: 1685273272.8196344
  start: 1685273128.551127
