event_sleeping:
  end: 1685274545.2339277
  start: 1685274493.5834138
