event_sleeping:
  end: 1685273960.281004
  start: 1685273891.067382
