event_sleeping:
  end: 1685273840.2742407
  start: 1685273696.0305567
