event_sleeping:
  end: 1685274815.319203
  start: 1685274596.0184186
