event_sleeping:
  end: 1685274442.8107338
  start: 1685274011.0980108
