event_sleeping:
  end: 1685273645.2429948
  start: 1685273408.5167165
