event_sleeping:
  end: 1685273077.7263806
  start: 1685272967.7267697
