event_sleeping:
  end: 1685274425.3194528
  start: 1685274281.1103683
