event_sleeping:
  end: 1685274545.285186
  start: 1685274476.1152246
