event_sleeping:
  end: 1685273060.3107653
  start: 1685272967.727353
