event_sleeping:
  end: 1685274722.7480772
  start: 1685274596.0902717
