event_sleeping:
  end: 1685273272.720041
  start: 1685273111.1503217
