event_sleeping:
  end: 1685274052.7481582
  start: 1685273713.6171134
