event_sleeping:
  end: 1685274230.2681413
  start: 1685274103.5492566
