event_sleeping:
  end: 1685273960.3173645
  start: 1685273798.5510108
