event_sleeping:
  end: 1685274832.756718
  start: 1685274578.5102034
