event_sleeping:
  end: 1685273162.7479703
  start: 1685273128.5629957
