event_sleeping:
  end: 1685274527.8158798
  start: 1685274011.0986726
