event_sleeping:
  end: 1685273747.8191874
  start: 1685273213.4644291
