event_sleeping:
  end: 1685273077.8200083
  start: 1685272967.7288733
