event_sleeping:
  end: 1685274387.756133
  start: 1685274243.9513478
