event_sleeping:
  end: 1685273997.793087
  start: 1685273853.8688579
