event_sleeping:
  end: 1685274582.815868
  start: 1685274438.8923802
