event_sleeping:
  end: 1685274192.8152225
  start: 1685274048.932317
