event_sleeping:
  end: 1685273022.778089
  start: 1685272967.7254303
