event_sleeping:
  end: 1685273607.7616751
  start: 1685273268.9275541
