event_sleeping:
  end: 1685273802.726405
  start: 1685273658.9203582
