event_sleeping:
  end: 1685273217.8193524
  start: 1685273073.623692
