event_sleeping_wait_all:
  end: 1684889495.907906
  start: 1684889352.8273585
