event_sleeping_wait_all:
  end: 1684890368.4079475
  start: 1684890225.2656295
