event_sleeping:
  end: 1684888893.408034
  start: 1684888698.3183677
