event_sleeping:
  end: 1684889198.4080105
  start: 1684888945.3694124
