event_sleeping_wait_all:
  end: 1684889673.3369963
  start: 1684889547.8880284
