event_sleeping:
  end: 1684889300.8586824
  start: 1684889250.35068
