event_sleeping_wait_all:
  end: 1684890173.3484073
  start: 1684889725.2881875
