event_sleeping_wait_all:
  end: 1684890953.407711
  start: 1684890420.3780317
