event_sleeping_wait_all:
  end: 1684891538.364015
  start: 1684891302.8165338
