event_sleeping_wait_all:
  end: 1684892225.9078238
  start: 1684891590.2791293
