event_sleeping_wait_all:
  end: 1684891250.8756936
  start: 1684891182.813547
