event_sleeping_wait_all:
  end: 1684892988.3409348
  start: 1684892955.0707085
