event_sleeping_wait_all:
  end: 1684893878.3319771
  start: 1684893735.096807
