event_sleeping_wait_all:
  end: 1684890648.358887
  start: 1684890597.6072085
