event_sleeping_wait_all:
  end: 1684893683.4077382
  start: 1684893345.0368574
