event_sleeping_wait_all:
  end: 1684891038.3320625
  start: 1684890700.0198028
