event_sleeping_wait_all:
  end: 1684892598.3105829
  start: 1684892454.9706995
