event_sleeping_wait_all:
  end: 1684892318.407888
  start: 1684892175.0892797
