event_sleeping_wait_all:
  end: 1684891928.404132
  start: 1684891675.0140092
