event_sleeping:
  end: 1684888893.3081203
  start: 1684888749.9859023
