event_sleeping_wait_all:
  end: 1684891623.3728442
  start: 1684891480.0861723
