event_sleeping_wait_all:
  end: 1684894835.8361573
  start: 1684894515.0670702
