event_sleeping:
  end: 1684890258.3468783
  start: 1684889920.073105
