event_sleeping:
  end: 1684889283.4038858
  start: 1684888944.961508
