event_sleeping:
  end: 1684888698.3168845
  start: 1684888698.3167546
