event_sleeping_wait_all:
  end: 1684892403.323998
  start: 1684892370.0819938
