event_sleeping:
  end: 1684890545.9078877
  start: 1684890309.9725769
