event_sleeping_wait_all:
  end: 1684891428.4040592
  start: 1684891089.9869413
