event_sleeping_wait_all:
  end: 1684892123.407918
  start: 1684891980.0515323
