event_sleeping_wait_all:
  end: 1684894463.4081194
  start: 1684894210.0590887
