event_sleeping_wait_all:
  end: 1684892903.3881211
  start: 1684892649.9891782
