event_sleeping_wait_all:
  end: 1684893293.3954687
  start: 1684893040.005895
