event_sleeping_wait_all:
  end: 1684894158.4078956
  start: 1684893929.9918444
