event_sleeping:
  end: 1684889588.407685
  start: 1684889335.0065515
