event_sleeping:
  end: 1684889868.4079463
  start: 1684889640.0742104
