event_sleeping_wait_all:
  end: 1684890173.3562396
  start: 1684889724.9970186
