event_sleeping_wait_all:
  end: 1684890758.3372853
  start: 1684890597.611203
