event_sleeping_wait_all:
  end: 1684890545.9083793
  start: 1684890327.566167
