event_sleeping_wait_all:
  end: 1684893573.3240876
  start: 1684893430.0553088
