event_sleeping_wait_all:
  end: 1684893098.4079418
  start: 1684892064.993505
