event_sleeping:
  end: 1684889003.3881626
  start: 1684888860.0860422
