event_sleeping_wait_all:
  end: 1684894073.3359509
  start: 1684893820.0765693
