event_sleeping_wait_all:
  end: 1684891233.3081093
  start: 1684890987.5655544
