event_sleeping_wait_all:
  end: 1684890935.876291
  start: 1684890809.9432774
