event_sleeping_wait_all:
  end: 1684892013.3412375
  start: 1684891980.0046136
