event_sleeping:
  end: 1684888808.4194887
  start: 1684888698.317358
