event_sleeping:
  end: 1684889393.4079235
  start: 1684889139.9448326
