event_sleeping_wait_all:
  end: 1684893183.3407977
  start: 1684893150.076516
