event_sleeping_wait_all:
  end: 1684890275.8589942
  start: 1684890225.0413964
