event_sleeping_wait_all:
  end: 1684893768.4036396
  start: 1684893624.9438434
