event_sleeping_wait_all:
  end: 1684889673.3252645
  start: 1684889622.5657754
