event_sleeping:
  end: 1684889570.9079175
  start: 1684889445.0230005
