event_sleeping_wait_all:
  end: 1684891428.407999
  start: 1684891284.9663668
