event_sleeping_wait_all:
  end: 1684891928.3161633
  start: 1684891480.0847888
