event_sleeping:
  end: 1684889088.3105066
  start: 1684889055.057665
