event_sleeping_wait_all:
  end: 1684894175.8589005
  start: 1684894124.9735076
