event_sleeping_wait_all:
  end: 1684893378.4079766
  start: 1684893235.0056286
