event_sleeping:
  end: 1684888808.3961465
  start: 1684888698.3179286
