event_sleeping_wait_all:
  end: 1684890173.347997
  start: 1684890012.5646088
