event_sleeping_wait_all:
  end: 1684890258.3079233
  start: 1684890225.0803142
