event_sleeping:
  end: 1684889393.3480284
  start: 1684889055.0458436
