event_sleeping:
  end: 1684889960.9080932
  start: 1684889835.0379646
