event_sleeping_wait_all:
  end: 1684890453.3920755
  start: 1684890309.9386091
