event_sleeping_wait_all:
  end: 1684890740.9081676
  start: 1684890505.0359907
