event_sleeping:
  end: 1684889003.4041948
  start: 1684888859.9985816
