event_sleeping_wait_all:
  end: 1684891325.8201077
  start: 1684891182.5854206
