event_sleeping_wait_all:
  end: 1684890843.3561313
  start: 1684890792.6104887
