event_sleeping:
  end: 1684889783.3479023
  start: 1684889444.9727645
