event_sleeping_wait_all:
  end: 1684891130.9038787
  start: 1684890894.978909
