event_sleeping:
  end: 1684890258.3457491
  start: 1684889725.1002808
