event_sleeping:
  end: 1684890843.339888
  start: 1684890809.9247856
