event_sleeping:
  end: 1684890758.336834
  start: 1684890614.9327245
