event_sleeping:
  end: 1684889478.4078279
  start: 1684888944.9536505
