event_sleeping:
  end: 1684890563.3475776
  start: 1684890309.9256835
