event_sleeping:
  end: 1684891038.4039245
  start: 1684890894.9178205
