event_sleeping:
  end: 1684888893.3454883
  start: 1684888859.9283962
