event_sleeping:
  end: 1684891325.9080286
  start: 1684891089.986425
