event_sleeping:
  end: 1684889673.324839
  start: 1684889530.0572925
