event_sleeping:
  end: 1684888808.3160694
  start: 1684888698.3186133
