event_sleeping:
  end: 1684891093.4080684
  start: 1684890950.4512925
