event_sleeping:
  end: 1684889338.407709
  start: 1684889000.4383552
