event_sleeping:
  end: 1684890898.4080465
  start: 1684890755.448928
