event_sleeping:
  end: 1684891288.4080265
  start: 1684891145.4033551
