event_sleeping_wait_all:
  end: 1684892848.4077108
  start: 1684892510.3510969
