event_sleeping:
  end: 1684889923.3304157
  start: 1684889780.367629
