event_sleeping_wait_all:
  end: 1684894213.3721292
  start: 1684894070.3999956
