event_sleeping_wait_all:
  end: 1684893238.330459
  start: 1684893095.4627006
