event_sleeping_wait_all:
  end: 1684893433.364068
  start: 1684893290.3975677
