event_sleeping_wait_all:
  end: 1684893043.4079504
  start: 1684892900.3980725
