event_sleeping:
  end: 1684890508.3489356
  start: 1684890365.2653952
