event_sleeping:
  end: 1684888753.3652534
  start: 1684888698.313123
