event_sleeping_wait_all:
  end: 1684891678.4079792
  start: 1684891340.4331355
