event_sleeping:
  end: 1684889728.4080887
  start: 1684889585.3233979
