event_sleeping:
  end: 1684890118.4079313
  start: 1684889975.3572767
