event_sleeping_wait_all:
  end: 1684892263.3882303
  start: 1684892120.3440294
