event_sleeping:
  end: 1684890313.3121316
  start: 1684890170.4553745
