event_sleeping_wait_all:
  end: 1684893628.3161278
  start: 1684893485.3733106
