event_sleeping:
  end: 1684890703.4076865
  start: 1684890560.399251
