event_sleeping_wait_all:
  end: 1684894798.4078145
  start: 1684894265.3274074
