event_sleeping_wait_all:
  end: 1684892068.348835
  start: 1684891925.372806
