event_sleeping:
  end: 1684888948.4078672
  start: 1684888805.3395505
