event_sleeping_wait_all:
  end: 1684892458.3825035
  start: 1684892315.4155278
