event_sleeping_wait_all:
  end: 1684891873.37203
  start: 1684891730.3756278
