event_sleeping_wait_all:
  end: 1684894018.3801148
  start: 1684893680.3062797
