event_sleeping:
  end: 1684889533.3081312
  start: 1684889390.3656962
