event_sleeping:
  end: 1685507168.8345976
  start: 1685506778.7550602
