event_sleeping:
  end: 1685506778.7492142
  start: 1685506778.7483604
