event_sleeping:
  end: 1685506991.2968712
  start: 1685506830.428506
