event_sleeping:
  end: 1685507456.3393798
  start: 1685506830.3841155
