event_sleeping:
  end: 1685506778.748881
  start: 1685506778.7486973
