event_sleeping:
  end: 1685506871.297162
  start: 1685506778.7512832
