event_sleeping:
  end: 1685507083.8394678
  start: 1685506830.3551402
