event_sleeping:
  end: 1685506778.7545347
  start: 1685506778.7544737
