event_sleeping:
  end: 1685507613.7799816
  start: 1685507474.3423629
