event_sleeping:
  end: 1685507223.8393764
  start: 1685507080.7946181
