event_sleeping:
  end: 1685506833.7948048
  start: 1685506778.74193
