event_sleeping:
  end: 1685507418.8358214
  start: 1685507275.8323321
