event_sleeping:
  end: 1685507028.835882
  start: 1685506885.5068765
