event_sleeping:
  end: 1685305172.2207696
  start: 1685305120.8866017
