event_sleeping:
  end: 1685294642.2207477
  start: 1685294590.8585093
