event_sleeping:
  end: 1685303314.7080545
  start: 1685303170.8627896
