event_sleeping:
  end: 1685298439.7121952
  start: 1685298295.8380108
