event_sleeping:
  end: 1685301559.7691295
  start: 1685301415.85063
