event_sleeping:
  end: 1685294837.269365
  start: 1685294693.3192801
