event_sleeping:
  end: 1685299304.7030878
  start: 1685299270.8217149
