event_sleeping:
  end: 1685303594.7016718
  start: 1685303560.778949
