event_sleeping:
  end: 1685305069.768378
  start: 1685304908.2643416
