event_sleeping:
  end: 1685299804.768165
  start: 1685299550.8032892
