event_sleeping:
  end: 1685299219.7679026
  start: 1685299075.853072
