event_sleeping:
  end: 1685302339.7691143
  start: 1685302085.74664
