event_sleeping:
  end: 1685302814.7001073
  start: 1685302780.8122602
