event_sleeping:
  end: 1685297939.6907406
  start: 1685297795.782157
