event_sleeping:
  end: 1685296592.2321038
  start: 1685296523.3262384
