event_sleeping:
  end: 1685296294.680251
  start: 1685295760.8572857
