event_sleeping:
  end: 1685299499.6935282
  start: 1685299355.7981436
