event_sleeping:
  end: 1685296472.2692008
  start: 1685296345.758543
