event_sleeping:
  end: 1685300474.673656
  start: 1685300440.8399322
