event_sleeping:
  end: 1685304374.7680776
  start: 1685303950.8296776
