event_sleeping:
  end: 1685302034.6763835
  start: 1685301890.7561512
