event_sleeping:
  end: 1685295709.7694862
  start: 1685295565.782843
