event_sleeping:
  end: 1685305654.769165
  start: 1685305510.7966714
