event_sleeping:
  end: 1685301364.7686853
  start: 1685301025.8107214
