event_sleeping:
  end: 1685295014.7678814
  start: 1685294888.3489447
