event_sleeping:
  end: 1685300389.7505155
  start: 1685300135.8329313
