event_sleeping:
  end: 1685298634.7489004
  start: 1685298490.777458
