event_sleeping:
  end: 1685297567.248863
  start: 1685296930.865667
