event_sleeping:
  end: 1685299024.7697697
  start: 1685298685.7937858
