event_sleeping:
  end: 1685300974.7681656
  start: 1685300525.725105
