event_sleeping:
  end: 1685302729.7203078
  start: 1685302390.838897
