event_sleeping:
  end: 1685304857.2096748
  start: 1685304730.8547263
