event_sleeping:
  end: 1685294234.768513
  start: 1685294039.6778562
