event_sleeping:
  end: 1685305459.7679267
  start: 1685305223.2855067
