event_sleeping:
  end: 1685297744.687332
  start: 1685297618.3088322
