event_sleeping:
  end: 1685296879.76928
  start: 1685296643.3484356
