event_sleeping:
  end: 1685304679.7676618
  start: 1685304425.88746
