event_sleeping:
  end: 1685294539.7694042
  start: 1685294285.8334558
