event_sleeping:
  end: 1685295514.7594557
  start: 1685295065.835353
