event_sleeping:
  end: 1685303119.784963
  start: 1685302865.7923145
