event_sleeping:
  end: 1685298244.768096
  start: 1685297990.7744071
