event_sleeping:
  end: 1685303509.7241485
  start: 1685303365.8178885
