event_sleeping:
  end: 1685301839.6761255
  start: 1685301610.8323507
