event_sleeping:
  end: 1685303899.768061
  start: 1685303645.7585642
