event_sleeping:
  end: 1685300084.735854
  start: 1685299855.8787632
