event_sleeping:
  end: 1685301754.7691877
  start: 1685301517.9974713
