event_sleeping:
  end: 1685304874.7693717
  start: 1685304620.461796
