event_sleeping:
  end: 1685297464.7551534
  start: 1685297320.5926256
