event_sleeping:
  end: 1685297744.7177613
  start: 1685297710.5338633
