event_sleeping:
  end: 1685299219.732011
  start: 1685299075.611083
