event_sleeping:
  end: 1685304959.6955135
  start: 1685304925.5998096
