event_sleeping:
  end: 1685301152.2691984
  start: 1685300915.5647168
