event_sleeping:
  end: 1685298329.7008383
  start: 1685298295.61287
