event_sleeping:
  end: 1685294624.7358532
  start: 1685294285.556128
