event_sleeping:
  end: 1685297659.7693312
  start: 1685297515.5776412
