event_sleeping:
  end: 1685300864.7359354
  start: 1685300543.028442
