event_sleeping:
  end: 1685299024.7691715
  start: 1685298685.5364828
