event_sleeping:
  end: 1685294039.6764038
  start: 1685294039.676373
