event_sleeping:
  end: 1685297939.7697616
  start: 1685297795.4978487
