event_sleeping:
  end: 1685296379.7693353
  start: 1685296040.4909933
