event_sleeping:
  end: 1685300177.2204552
  start: 1685299855.5898468
