event_sleeping:
  end: 1685302339.7693856
  start: 1685302085.5235431
