event_sleeping:
  end: 1685300389.7512674
  start: 1685300228.018622
