event_sleeping:
  end: 1685305349.7210412
  start: 1685305298.0742495
