event_sleeping:
  end: 1685295887.2700257
  start: 1685295650.4812555
