event_sleeping:
  end: 1685298244.7678397
  start: 1685297990.5614033
