event_sleeping:
  end: 1685294929.7080805
  start: 1685294675.569228
