event_sleeping:
  end: 1685297269.7681522
  start: 1685297015.4627306
