event_sleeping:
  end: 1685304484.7790468
  start: 1685303450.5424569
