event_sleeping:
  end: 1685305247.2601285
  start: 1685305010.505987
