event_sleeping:
  end: 1685300492.225742
  start: 1685300440.5469067
