event_sleeping:
  end: 1685303399.724728
  start: 1685303348.0682638
