event_sleeping:
  end: 1685295209.7415347
  start: 1685294980.5535233
