event_sleeping:
  end: 1685302729.7761805
  start: 1685302475.5414317
