event_sleeping:
  end: 1685295989.6935735
  start: 1685295938.094324
