event_sleeping:
  end: 1685295599.6939328
  start: 1685295260.49922
