event_sleeping:
  end: 1685304569.6924064
  start: 1685304535.5746348
