event_sleeping:
  end: 1685303009.7687144
  start: 1685302780.582332
