event_sleeping:
  end: 1685299804.7680478
  start: 1685299550.5497637
