event_sleeping:
  end: 1685301467.2099779
  start: 1685301415.479709
