event_sleeping:
  end: 1685302034.6760585
  start: 1685301805.6023774
