event_sleeping:
  end: 1685305544.7359083
  start: 1685305400.5152757
