event_sleeping:
  end: 1685302424.7044873
  start: 1685302390.538319
