event_sleeping:
  end: 1685294234.7680113
  start: 1685294090.446775
