event_sleeping:
  end: 1685298634.7056189
  start: 1685298380.4772067
