event_sleeping:
  end: 1685296769.7358942
  start: 1685296430.5286748
