event_sleeping:
  end: 1685296964.6913543
  start: 1685296820.5572405
