event_sleeping:
  end: 1685303297.2692437
  start: 1685303060.5417457
