event_sleeping:
  end: 1685299499.7680767
  start: 1685299270.5423121
