event_sleeping:
  end: 1685301364.6803071
  start: 1685301203.0707757
