event_sleeping:
  end: 1685294734.7672706
  start: 1685294480.5278916
