event_sleeping:
  end: 1685304959.695679
  start: 1685304620.5922494
