event_sleeping:
  end: 1685301754.769448
  start: 1685301500.440085
