event_sleeping:
  end: 1685305442.2678661
  start: 1685305205.5555243
