event_sleeping:
  end: 1685294149.724135
  start: 1685294039.6772683
