event_sleeping:
  end: 1685296769.7361743
  start: 1685296625.5845544
