event_sleeping:
  end: 1685303899.7694397
  start: 1685303755.6085541
