event_sleeping:
  end: 1685303009.735792
  start: 1685302780.596007
