event_sleeping:
  end: 1685298524.700048
  start: 1685298490.5375614
