event_sleeping:
  end: 1685298719.708115
  start: 1685298575.4813957
