event_sleeping:
  end: 1685302729.777352
  start: 1685302475.5584455
