event_sleeping:
  end: 1685296277.2604272
  start: 1685296150.5333517
