event_sleeping:
  end: 1685295617.1829748
  start: 1685295565.4965422
