event_sleeping:
  end: 1685301364.6800208
  start: 1685301220.5339947
