event_sleeping:
  end: 1685298914.7040725
  start: 1685298770.5339801
