event_sleeping:
  end: 1685294429.6935616
  start: 1685294395.5673187
