event_sleeping:
  end: 1685299109.7361765
  start: 1685298965.5228527
