event_sleeping:
  end: 1685294912.2693286
  start: 1685294785.5729668
