event_sleeping:
  end: 1685297269.6760345
  start: 1685296820.5719864
