event_sleeping:
  end: 1685297354.6759744
  start: 1685297320.435971
