event_sleeping:
  end: 1685299889.7031639
  start: 1685299855.5891275
