event_sleeping:
  end: 1685300974.7300918
  start: 1685300440.592371
