event_sleeping:
  end: 1685295014.719969
  start: 1685294963.064139
