event_sleeping:
  end: 1685294344.769719
  start: 1685294200.5121734
