event_sleeping:
  end: 1685301169.7563665
  start: 1685301025.5065866
