event_sleeping:
  end: 1685296099.7357168
  start: 1685295938.0200243
