event_sleeping:
  end: 1685303204.768001
  start: 1685303060.5390103
