event_sleeping:
  end: 1685300177.2680006
  start: 1685299940.5063074
