event_sleeping:
  end: 1685302144.768006
  start: 1685302000.5456438
