event_sleeping:
  end: 1685299804.7678895
  start: 1685299568.0022995
