event_sleeping:
  end: 1685296574.7516067
  start: 1685296328.0553486
