event_sleeping:
  end: 1685305154.7695134
  start: 1685305010.5029593
