event_sleeping:
  end: 1685301949.7635505
  start: 1685301805.603218
