event_sleeping:
  end: 1685298439.7678368
  start: 1685297405.47298
