event_sleeping:
  end: 1685304569.7679677
  start: 1685304145.5580778
