event_sleeping:
  end: 1685299517.2120824
  start: 1685299465.5671525
