event_sleeping:
  end: 1685302229.7002056
  start: 1685302195.5429692
