event_sleeping:
  end: 1685304094.7521584
  start: 1685303950.5548217
