event_sleeping:
  end: 1685300389.7508245
  start: 1685300228.1064725
