event_sleeping:
  end: 1685299414.7695777
  start: 1685299160.5378242
