event_sleeping:
  end: 1685303704.7682776
  start: 1685303255.5950718
