event_sleeping:
  end: 1685301449.7034087
  start: 1685301415.4804862
