event_sleeping:
  end: 1685295514.7356865
  start: 1685295065.4835799
