event_sleeping:
  end: 1685302424.768565
  start: 1685302280.487681
