event_sleeping:
  end: 1685295887.2302463
  start: 1685295667.9711537
