event_sleeping:
  end: 1685303899.735947
  start: 1685303755.6074119
