event_sleeping:
  end: 1685301839.768016
  start: 1685301695.5794492
