event_sleeping:
  end: 1685299999.737947
  start: 1685299745.5154855
