event_sleeping:
  end: 1685297159.6759741
  start: 1685297125.5731587
