event_sleeping:
  end: 1685294734.7675111
  start: 1685294395.5606241
