event_sleeping:
  end: 1685299024.6847124
  start: 1685298880.5271142
