event_sleeping:
  end: 1685298829.7359092
  start: 1685298100.4721496
