event_sleeping:
  end: 1685302924.722848
  start: 1685302670.5799031
