event_sleeping:
  end: 1685296667.1931176
  start: 1685296523.0860276
