event_sleeping:
  end: 1685304094.7524319
  start: 1685303950.5228987
