event_sleeping:
  end: 1685303704.7680032
  start: 1685303560.5569463
