event_sleeping:
  end: 1685294344.769423
  start: 1685294200.5123312
