event_sleeping:
  end: 1685295794.739969
  start: 1685295650.4816575
