event_sleeping:
  end: 1685297074.7480972
  start: 1685296718.003042
