event_sleeping:
  end: 1685294149.7499628
  start: 1685294039.6744337
