event_sleeping:
  end: 1685297464.7827306
  start: 1685297210.508444
