event_sleeping:
  end: 1685298049.6760423
  start: 1685297795.536033
