event_sleeping:
  end: 1685300194.6954207
  start: 1685300050.5886438
