event_sleeping:
  end: 1685296184.724923
  start: 1685296133.039914
