event_sleeping:
  end: 1685299694.7678936
  start: 1685299465.5666554
