event_sleeping:
  end: 1685301059.7031465
  start: 1685301025.5163608
