event_sleeping:
  end: 1685301449.7334204
  start: 1685301398.0453124
