event_sleeping:
  end: 1685296082.2679942
  start: 1685295845.507452
