event_sleeping:
  end: 1685295514.7678308
  start: 1685295353.0186923
