event_sleeping:
  end: 1685304484.7785554
  start: 1685304230.5500906
