event_sleeping:
  end: 1685296472.2698863
  start: 1685296235.4749541
