event_sleeping:
  end: 1685303509.767995
  start: 1685303273.026857
