event_sleeping:
  end: 1685301644.7677448
  start: 1685301500.4906807
