event_sleeping:
  end: 1685305349.7506444
  start: 1685305120.5689175
