event_sleeping:
  end: 1685300974.768902
  start: 1685300543.0303202
