event_sleeping:
  end: 1685299414.7693458
  start: 1685299075.4597406
