event_sleeping:
  end: 1685301347.2081122
  start: 1685301110.5234025
