event_sleeping:
  end: 1685302424.7679956
  start: 1685302280.5746477
