event_sleeping:
  end: 1685304764.7692094
  start: 1685304535.5740442
