event_sleeping:
  end: 1685305069.7680995
  start: 1685304815.5879185
