event_sleeping:
  end: 1685297744.7679262
  start: 1685297515.5803432
