event_sleeping:
  end: 1685295124.769128
  start: 1685294785.5769174
