event_sleeping:
  end: 1685304179.7033777
  start: 1685304145.604125
