event_sleeping:
  end: 1685295302.2034793
  start: 1685295175.6141477
