event_sleeping:
  end: 1685303222.2280307
  start: 1685302975.5102992
