event_sleeping:
  end: 1685302619.7692733
  start: 1685302475.5615027
