event_sleeping:
  end: 1685300492.2161858
  start: 1685300245.5398767
