event_sleeping:
  end: 1685302229.7680435
  start: 1685302085.520822
