event_sleeping:
  end: 1685295599.7041004
  start: 1685295565.5239766
