event_sleeping:
  end: 1685302034.6767874
  start: 1685301890.5940013
