event_sleeping:
  end: 1685302339.7697232
  start: 1685302195.4691334
