event_sleeping:
  end: 1685299007.2601652
  start: 1685298685.4280164
