event_sleeping:
  end: 1685302534.735735
  start: 1685302390.5385406
