event_sleeping:
  end: 1685301169.756069
  start: 1685300830.4875398
