event_sleeping:
  end: 1685304484.7560756
  start: 1685304322.9979384
