event_sleeping:
  end: 1685304077.2468224
  start: 1685303950.5238962
