event_sleeping:
  end: 1685296667.2678952
  start: 1685296430.4836519
