event_sleeping:
  end: 1685295904.7680295
  start: 1685295650.4803138
