event_sleeping:
  end: 1685301449.7725945
  start: 1685301305.4303427
