event_sleeping:
  end: 1685298634.7053251
  start: 1685298380.4422066
