event_sleeping:
  end: 1685304569.6925182
  start: 1685304535.4663444
