event_sleeping:
  end: 1685299609.7694438
  start: 1685299373.006447
