event_sleeping:
  end: 1685303594.6912806
  start: 1685303450.445337
