event_sleeping:
  end: 1685299322.2693155
  start: 1685299160.432126
