event_sleeping:
  end: 1685300779.740102
  start: 1685300050.470307
