event_sleeping:
  end: 1685296184.7049718
  start: 1685296150.531813
