event_sleeping:
  end: 1685296964.7697635
  start: 1685296718.0019395
