event_sleeping:
  end: 1685303399.6935544
  start: 1685303255.4125972
