event_sleeping:
  end: 1685297354.7679255
  start: 1685297015.5111701
