event_sleeping:
  end: 1685301839.768623
  start: 1685301695.4704952
