event_sleeping:
  end: 1685296099.7629905
  start: 1685295955.5029037
