event_sleeping:
  end: 1685294234.690717
  start: 1685294200.5104942
