event_sleeping:
  end: 1685299694.7033577
  start: 1685299660.4771256
