event_sleeping:
  end: 1685298049.768104
  start: 1685297795.4983132
