event_sleeping:
  end: 1685303119.752081
  start: 1685302865.4056613
