event_sleeping:
  end: 1685298329.6933951
  start: 1685298277.8895686
