event_sleeping:
  end: 1685299109.7059164
  start: 1685299058.0043955
