event_sleeping:
  end: 1685303899.7687185
  start: 1685303645.4605465
