event_sleeping:
  end: 1685304272.2694538
  start: 1685304127.9867904
