event_sleeping:
  end: 1685305442.2190073
  start: 1685305205.4856663
