event_sleeping:
  end: 1685303204.7035363
  start: 1685303170.4992063
