event_sleeping:
  end: 1685302729.7200007
  start: 1685302585.5122228
