event_sleeping:
  end: 1685302814.6909678
  start: 1685302780.4236662
