event_sleeping:
  end: 1685296379.7695947
  start: 1685296235.4343848
