event_sleeping:
  end: 1685299999.7376668
  start: 1685299745.4263809
