event_sleeping:
  end: 1685295014.7683883
  start: 1685294870.544587
