event_sleeping:
  end: 1685301254.6998553
  start: 1685301220.4937057
