event_sleeping:
  end: 1685297744.7684307
  start: 1685297405.5010858
