event_sleeping:
  end: 1685305154.769184
  start: 1685304620.4325807
