event_sleeping:
  end: 1685302144.7358713
  start: 1685301890.5516682
