event_sleeping:
  end: 1685298227.17704
  start: 1685298100.4780743
