event_sleeping:
  end: 1685294149.7774403
  start: 1685294039.6774807
