event_sleeping:
  end: 1685301644.7359805
  start: 1685301500.502723
