event_sleeping:
  end: 1685294289.7694185
  start: 1685294145.5453746
