event_sleeping:
  end: 1685302089.7694051
  start: 1685301945.9061356
