event_sleeping:
  end: 1685298384.7080233
  start: 1685298240.9421403
