event_sleeping:
  end: 1685295069.7081072
  start: 1685294925.8176358
