event_sleeping:
  end: 1685301309.6916192
  start: 1685301165.8290508
