event_sleeping:
  end: 1685297799.7409139
  start: 1685297655.817002
