event_sleeping:
  end: 1685297604.701654
  start: 1685297460.8996344
