event_sleeping:
  end: 1685294679.7607386
  start: 1685294340.920271
