event_sleeping:
  end: 1685300139.688075
  start: 1685299605.883363
