event_sleeping:
  end: 1685296629.7259583
  start: 1685296485.8404577
