event_sleeping:
  end: 1685296239.6920245
  start: 1685296095.8403726
