event_sleeping:
  end: 1685298189.7693412
  start: 1685297850.8964808
