event_sleeping:
  end: 1685299359.7000508
  start: 1685299020.860086
