event_sleeping:
  end: 1685303844.7692556
  start: 1685303310.9001584
