event_sleeping:
  end: 1685294094.7246196
  start: 1685294039.6738272
