event_sleeping:
  end: 1685295264.7358398
  start: 1685295120.8280993
