event_sleeping:
  end: 1685297019.7692337
  start: 1685296680.8395479
