event_sleeping:
  end: 1685304234.735892
  start: 1685304090.9004922
