event_sleeping:
  end: 1685294874.7160215
  start: 1685294730.9178338
