event_sleeping:
  end: 1685298579.7358904
  start: 1685298435.813524
