event_sleeping:
  end: 1685296044.68403
  start: 1685295900.851563
