event_sleeping:
  end: 1685304819.7400177
  start: 1685304675.9434538
