event_sleeping:
  end: 1685295459.7678251
  start: 1685295315.827084
