event_sleeping:
  end: 1685304039.7679772
  start: 1685303895.8776135
