event_sleeping:
  end: 1685301699.7084947
  start: 1685301555.8880107
