event_sleeping:
  end: 1685301114.672102
  start: 1685300970.9125516
