event_sleeping:
  end: 1685298969.7399805
  start: 1685298825.9099047
