event_sleeping:
  end: 1685298774.7480342
  start: 1685298630.8687065
