event_sleeping:
  end: 1685305209.7167864
  start: 1685304870.867515
