event_sleeping:
  end: 1685297409.7693684
  start: 1685297265.877071
