event_sleeping:
  end: 1685296434.6840768
  start: 1685296290.8187368
