event_sleeping:
  end: 1685299554.7691681
  start: 1685299410.852999
