event_sleeping:
  end: 1685300919.7358434
  start: 1685300631.5057964
