event_sleeping:
  end: 1685295654.7690794
  start: 1685295510.9053378
