event_sleeping:
  end: 1685297214.7360215
  start: 1685297070.890199
