event_sleeping:
  end: 1685304429.7027793
  start: 1685304285.9104147
