event_sleeping:
  end: 1685305404.7358975
  start: 1685305260.8658245
