event_sleeping:
  end: 1685301894.7692802
  start: 1685301750.8382359
