event_sleeping:
  end: 1685302284.7693913
  start: 1685302140.9221141
