event_sleeping:
  end: 1685302869.7693567
  start: 1685302335.9347265
