event_sleeping:
  end: 1685301504.7692816
  start: 1685301360.823321
