event_sleeping:
  end: 1685295849.7359219
  start: 1685295705.9156196
