event_sleeping:
  end: 1685303259.7359211
  start: 1685302920.9478822
