event_sleeping:
  end: 1685304624.769574
  start: 1685304480.8307362
