event_sleeping:
  end: 1685300529.7358906
  start: 1685300190.8498306
