event_sleeping:
  end: 1682981193.0395503
  start: 1682980997.0253587
