event_sleeping:
  end: 1682980998.0191414
  start: 1682980997.0254738
