event_sleeping:
  end: 1682981108.117784
  start: 1682980997.0240402
