event_sleeping:
  end: 1682981078.0985126
  start: 1682980997.02569
