event_sleeping:
  end: 1682981108.1174378
  start: 1682980997.0255957
