event_sleeping:
  end: 1682981248.1154878
  start: 1682981104.649113
