event_sleeping:
  end: 1682981053.074735
  start: 1682980997.0249875
