event_sleeping:
  end: 1682976696.0223572
  start: 1682976695.027972
