event_sleeping:
  end: 1682976696.022211
  start: 1682976695.0301824
