event_sleeping:
  end: 1682976946.119456
  start: 1682976818.993553
