event_sleeping:
  end: 1682977141.1199994
  start: 1682976998.4263413
