event_sleeping:
  end: 1684876195.2040887
  start: 1684875942.0336099
