event_sleeping:
  end: 1684875890.1081738
  start: 1684875695.1243165
