event_sleeping:
  end: 1684876297.6546829
  start: 1684876247.1434112
