event_sleeping_wait_all:
  end: 1684876687.7041116
  start: 1684876544.639904
