event_sleeping:
  end: 1684875907.6321259
  start: 1684875746.8083367
