event_sleeping_wait_all:
  end: 1684877542.620167
  start: 1684877306.8233178
