event_sleeping_wait_all:
  end: 1684877255.1480744
  start: 1684876916.8291943
