event_sleeping_wait_all:
  end: 1684876297.7001863
  start: 1684875959.322843
