event_sleeping:
  end: 1684875695.115469
  start: 1684875695.1153216
