event_sleeping_wait_all:
  end: 1684876865.187733
  start: 1684876636.80701
