event_sleeping_wait_all:
  end: 1684876585.1208098
  start: 1684876349.3875098
