event_sleeping_wait_all:
  end: 1684876687.671858
  start: 1684876619.3111389
