event_sleeping:
  end: 1684875805.1755486
  start: 1684875695.117386
