event_sleeping:
  end: 1684876085.1358654
  start: 1684876051.8584132
