event_sleeping_wait_all:
  end: 1684876567.6440983
  start: 1684876424.3490777
