event_sleeping:
  end: 1684876000.2041976
  start: 1684875856.8088782
