event_sleeping:
  end: 1684876372.704545
  start: 1684876136.7838464
