event_sleeping:
  end: 1684875787.672165
  start: 1684875695.1195898
