event_sleeping_wait_all:
  end: 1684876000.2046437
  start: 1684875839.3628066
