event_sleeping_wait_all:
  end: 1684876957.7040377
  start: 1684876831.7614112
