event_sleeping_wait_all:
  end: 1684876780.1081033
  start: 1684876441.8668118
