event_sleeping_wait_all:
  end: 1684876390.1960046
  start: 1684876051.8807087
