event_sleeping:
  end: 1684875890.1376646
  start: 1684875856.7804086
