event_sleeping:
  end: 1684876475.1521008
  start: 1684875941.784914
