event_sleeping:
  end: 1684876687.606384
  start: 1684876526.7579122
