event_sleeping:
  end: 1684875805.206849
  start: 1684875695.1245804
