event_sleeping:
  end: 1684876725.2042458
  start: 1684876582.226347
