event_sleeping_wait_all:
  end: 1684877310.2042034
  start: 1684877167.2539356
