event_sleeping:
  end: 1684875945.16005
  start: 1684875802.1604428
