event_sleeping_wait_all:
  end: 1684877115.2040868
  start: 1684876972.2080274
