event_sleeping:
  end: 1684876335.196232
  start: 1684875997.117662
