event_sleeping_wait_all:
  end: 1684877505.204115
  start: 1684877362.140969
