event_sleeping_wait_all:
  end: 1684876920.2040462
  start: 1684876777.1806748
