event_sleeping:
  end: 1685315023.7760386
  start: 1685314489.8777099
