event_sleeping:
  end: 1685312998.7996814
  start: 1685312803.6899242
