event_sleeping:
  end: 1685313286.279927
  start: 1685313051.2908895
