event_sleeping:
  end: 1685314438.7681015
  start: 1685314294.8803952
