event_sleeping:
  end: 1685315338.7479916
  start: 1685315269.9038374
