event_sleeping:
  end: 1685315626.2360888
  start: 1685315389.8448548
