event_sleeping:
  end: 1685315218.780062
  start: 1685315074.872796
