event_sleeping:
  end: 1685314243.776543
  start: 1685313829.8840969
