event_sleeping:
  end: 1685313778.776507
  start: 1685313634.7882946
