event_sleeping:
  end: 1685313583.6840618
  start: 1685313439.7740047
