event_sleeping:
  end: 1685312998.7359314
  start: 1685312854.4893384
