event_sleeping:
  end: 1685314633.7804937
  start: 1685314414.5334325
