event_sleeping:
  end: 1685313676.2800927
  start: 1685313439.5800226
