event_sleeping:
  end: 1685313973.688082
  start: 1685313727.087823
