event_sleeping:
  end: 1685312803.688557
  start: 1685312803.6884418
