event_sleeping:
  end: 1685315143.7521608
  start: 1685314804.4607358
