event_sleeping:
  end: 1685313388.779603
  start: 1685313049.5271025
