event_sleeping:
  end: 1685315516.2852635
  start: 1685315194.5541518
