event_sleeping:
  end: 1685314363.736003
  start: 1685314024.549753
