event_sleeping:
  end: 1685314753.6799738
  start: 1685314684.57631
