event_sleeping:
  end: 1685315023.6927662
  start: 1685314879.499962
