event_sleeping:
  end: 1685315516.2520397
  start: 1685315389.5022535
