event_sleeping:
  end: 1685314243.7759593
  start: 1685313829.5081327
