event_sleeping:
  end: 1685314828.7001326
  start: 1685314684.5562367
