event_sleeping:
  end: 1685313658.7498078
  start: 1685313514.5878422
