event_sleeping:
  end: 1685313073.780107
  start: 1685312929.5174797
