event_sleeping:
  end: 1685314363.748021
  start: 1685314294.5736246
