event_sleeping:
  end: 1685313176.188019
  start: 1685313124.5989585
