event_sleeping:
  end: 1685315338.6841962
  start: 1685315074.487171
