event_sleeping:
  end: 1685313463.772374
  start: 1685313226.995193
