event_sleeping:
  end: 1685314633.7799144
  start: 1685314414.5524366
