event_sleeping:
  end: 1685313778.7359908
  start: 1685313709.5352523
