event_sleeping:
  end: 1685312878.7480948
  start: 1685312803.6888213
