event_sleeping:
  end: 1685314558.7799451
  start: 1685314414.5466833
