event_sleeping:
  end: 1685314363.7482846
  start: 1685314294.4836226
