event_sleeping:
  end: 1685313463.7721019
  start: 1685313142.032556
