event_sleeping:
  end: 1685314948.7357857
  start: 1685314879.5600507
