event_sleeping:
  end: 1685313091.2041717
  start: 1685312929.5203443
