event_sleeping:
  end: 1685314828.7788236
  start: 1685314609.6158102
