event_sleeping:
  end: 1685315413.7761223
  start: 1685315269.5870361
