event_sleeping:
  end: 1685315218.779744
  start: 1685314999.5472803
