event_sleeping:
  end: 1685314048.7799308
  start: 1685313904.5475712
