event_sleeping:
  end: 1685312878.7785578
  start: 1685312803.6870446
