event_sleeping:
  end: 1685314243.708152
  start: 1685314099.5760765
