event_sleeping:
  end: 1685313853.7799397
  start: 1685313514.5868099
