event_sleeping:
  end: 1685315413.7758634
  start: 1685315177.009695
