event_sleeping:
  end: 1685314633.7801938
  start: 1685314397.0311356
