event_sleeping:
  end: 1685313778.7759128
  start: 1685313634.5350876
