event_sleeping:
  end: 1685313583.7796705
  start: 1685313049.4854596
