event_sleeping:
  end: 1685312878.7793329
  start: 1685312803.689821
