event_sleeping:
  end: 1685314948.748399
  start: 1685314879.4517162
