event_sleeping:
  end: 1685314828.700416
  start: 1685314684.500003
