event_sleeping:
  end: 1685315126.2360358
  start: 1685314999.4926667
