event_sleeping:
  end: 1685312998.748705
  start: 1685312929.5247574
