event_sleeping:
  end: 1685314346.2803845
  start: 1685313829.5073836
