event_sleeping:
  end: 1685314986.2800624
  start: 1685314842.414665
