event_sleeping:
  end: 1685314011.2760909
  start: 1685313867.3213117
