event_sleeping:
  end: 1685313621.2067175
  start: 1685313477.333138
