event_sleeping:
  end: 1685312841.187942
  start: 1685312803.6895998
