event_sleeping:
  end: 1685315376.1874576
  start: 1685315232.4528255
