event_sleeping:
  end: 1685313816.1867359
  start: 1685313672.2781603
