event_sleeping:
  end: 1685314401.2760794
  start: 1685314257.3395803
