event_sleeping:
  end: 1685315181.2801843
  start: 1685315037.4242513
