event_sleeping:
  end: 1685314596.1880953
  start: 1685314472.2754138
