event_sleeping:
  end: 1685314206.2301574
  start: 1685314062.4509876
