event_sleeping:
  end: 1685313426.1832047
  start: 1685313087.4276118
