event_sleeping:
  end: 1685314791.2761931
  start: 1685314647.3428504
