event_sleeping:
  end: 1685313036.2760606
  start: 1685312892.0298703
