event_sleeping:
  end: 1683360563.2344825
  start: 1683360031.9418826
