event_sleeping:
  end: 1683359318.1994078
  start: 1683359176.975881
