event_sleeping:
  end: 1683359978.1992378
  start: 1683359836.9375908
