event_sleeping:
  end: 1683359783.2318077
  start: 1683359371.978081
