event_sleeping:
  end: 1683358825.7315135
  start: 1683358591.9534047
