event_sleeping:
  end: 1683358538.2318127
  start: 1683358343.142199
