event_sleeping:
  end: 1683359123.231491
  start: 1683358981.8838646
