event_sleeping:
  end: 1683358928.1682706
  start: 1683358879.455391
