event_sleeping:
  end: 1683360293.1989982
  start: 1683360226.9311552
