event_sleeping:
  end: 1683360683.2315948
  start: 1683360347.0109565
