event_sleeping:
  end: 1683360173.2185187
  start: 1683359956.9478204
