event_sleeping:
  end: 1683359513.2332008
  start: 1683359269.4966261
