event_sleeping:
  end: 1683358538.231416
  start: 1683358396.911704
