event_sleeping:
  end: 1683358343.1411529
  start: 1683358343.1405897
