event_sleeping:
  end: 1683358928.231432
  start: 1683358591.944806
