event_sleeping:
  end: 1683359903.2365081
  start: 1683359566.9793885
