event_sleeping:
  end: 1683359215.733016
  start: 1683358981.9746644
