event_sleeping:
  end: 1683359198.198694
  start: 1683359057.2554526
