event_sleeping:
  end: 1683360368.2428472
  start: 1683360227.3380153
