event_sleeping:
  end: 1683359783.231413
  start: 1683359372.2241743
