event_sleeping:
  end: 1683359318.1990135
  start: 1683359252.2408397
