event_sleeping:
  end: 1683359003.1993692
  start: 1683358769.7409203
