event_sleeping:
  end: 1683358613.2315276
  start: 1683358472.2980826
