event_sleeping:
  end: 1683359903.1860862
  start: 1683359837.2301059
