event_sleeping:
  end: 1683358715.6795435
  start: 1683358667.329943
