event_sleeping:
  end: 1683358418.199781
  start: 1683358343.139072
