event_sleeping:
  end: 1683360563.1998298
  start: 1683360422.3074584
