event_sleeping:
  end: 1683360173.2511287
  start: 1683359957.2055182
