event_sleeping:
  end: 1683360368.207555
  start: 1683360152.0964866
