event_sleeping:
  end: 1683360488.1355133
  start: 1683360421.931732
