event_sleeping:
  end: 1683358630.703633
  start: 1683358471.934719
