event_sleeping:
  end: 1683359393.2205942
  start: 1683359056.9130116
