event_sleeping:
  end: 1683359003.2327585
  start: 1683358684.494688
