event_sleeping:
  end: 1683359783.168391
  start: 1683359641.9775734
