event_sleeping:
  end: 1683359588.2189841
  start: 1683359446.9591103
