event_sleeping:
  end: 1683358418.2106237
  start: 1683358343.141492
