event_sleeping:
  end: 1683360098.1993718
  start: 1683359956.957801
