event_sleeping:
  end: 1683359903.2269125
  start: 1683359836.9298472
