event_sleeping:
  end: 1683360758.2328918
  start: 1683360541.8590026
