event_sleeping:
  end: 1683358418.1992273
  start: 1683358343.1393762
