event_sleeping:
  end: 1683359123.2313418
  start: 1683358591.9430811
