event_sleeping:
  end: 1683360665.73294
  start: 1683360541.857919
