event_sleeping:
  end: 1683359318.2323883
  start: 1683359176.972392
