event_sleeping:
  end: 1683359885.733852
  start: 1683359371.9733665
