event_sleeping:
  end: 1683358538.1854646
  start: 1683358471.938891
