event_sleeping:
  end: 1683360173.2503273
  start: 1683359939.5025358
