event_sleeping:
  end: 1683360488.1353292
  start: 1683360422.0093777
