event_sleeping:
  end: 1683360368.2435384
  start: 1683360226.9612854
