event_sleeping:
  end: 1683358965.64758
  start: 1683358629.3321762
