event_sleeping:
  end: 1683359550.733044
  start: 1683359409.3114603
