event_sleeping:
  end: 1683360330.7315757
  start: 1683360189.364505
