event_sleeping:
  end: 1683360525.7267601
  start: 1683360384.3929434
