event_sleeping:
  end: 1683360135.642366
  start: 1683360041.6477017
