event_sleeping:
  end: 1683358575.6783655
  start: 1683358441.343408
