event_sleeping:
  end: 1683359355.675245
  start: 1683359214.4154756
