event_sleeping:
  end: 1683359160.732003
  start: 1683359019.3723934
