event_sleeping:
  end: 1683359745.6796193
  start: 1683359604.4115875
