event_sleeping:
  end: 1683359940.7315447
  start: 1683359799.3706098
