event_sleeping:
  end: 1683358380.6673822
  start: 1683358343.1418946
