event_sleeping_wait_all:
  end: 1685631933.555966
  start: 1685631400.4881215
