event_sleeping:
  end: 1685629873.5679793
  start: 1685629695.9788249
