event_sleeping_wait_all:
  end: 1685632231.008008
  start: 1685632180.4323707
