event_sleeping_wait_all:
  end: 1685631348.4804268
  start: 1685631187.9984517
