event_sleeping:
  end: 1685630263.50378
  start: 1685630230.5091383
