event_sleeping_wait_all:
  end: 1685632128.4752715
  start: 1685631985.5188596
