event_sleeping_wait_all:
  end: 1685630671.0680707
  start: 1685630527.9711943
