event_sleeping_wait_all:
  end: 1685631135.9968226
  start: 1685630723.0491867
