event_sleeping:
  end: 1685630475.9961543
  start: 1685630315.4821088
