event_sleeping:
  end: 1685630178.5560966
  start: 1685629925.5429742
