event_sleeping_wait_all:
  end: 1685631543.5708776
  start: 1685631307.6744196
