event_sleeping:
  end: 1685629695.9817047
  start: 1685629695.981675
