event_sleeping_wait_all:
  end: 1685632036.0440822
  start: 1685631697.7176716
