event_sleeping_wait_all:
  end: 1685630551.0513077
  start: 1685630315.2284706
