event_sleeping_wait_all:
  end: 1685631646.0214002
  start: 1685631595.2056653
