event_sleeping_wait_all:
  end: 1685630865.9801085
  start: 1685630602.6929233
