event_sleeping_wait_all:
  end: 1685631256.068035
  start: 1685630917.676858
