event_sleeping:
  end: 1685629873.568419
  start: 1685629747.6607194
