event_sleeping_wait_all:
  end: 1685630263.5680175
  start: 1685629925.232989
