event_sleeping_wait_all:
  end: 1685632231.0082612
  start: 1685631985.222359
