event_sleeping_wait_all:
  end: 1685630568.5710387
  start: 1685630425.1323917
