event_sleeping_wait_all:
  end: 1685630068.5214257
  start: 1685630017.7712498
