event_sleeping:
  end: 1685629966.0708082
  start: 1685629840.181902
