event_sleeping_wait_all:
  end: 1685631238.504188
  start: 1685631205.1693835
