event_sleeping_wait_all:
  end: 1685630653.504073
  start: 1685630620.25182
