event_sleeping_wait_all:
  end: 1685631153.5084684
  start: 1685630705.1327178
