event_sleeping_wait_all:
  end: 1685631526.068143
  start: 1685631290.1619613
