event_sleeping_wait_all:
  end: 1685631720.9931118
  start: 1685631577.739234
