event_sleeping:
  end: 1685629788.4854636
  start: 1685629695.9797943
