event_sleeping_wait_all:
  end: 1685631933.5707521
  start: 1685631772.6972713
