event_sleeping_wait_all:
  end: 1685630373.4830656
  start: 1685630120.1401162
