event_sleeping_wait_all:
  end: 1685631135.9962308
  start: 1685631010.0924096
