event_sleeping_wait_all:
  end: 1685630373.567884
  start: 1685630035.2586555
