event_sleeping_wait_all:
  end: 1685630958.4854636
  start: 1685630815.217839
