event_sleeping_wait_all:
  end: 1685631255.9880972
  start: 1685631187.6900854
