event_sleeping_wait_all:
  end: 1685632111.0404549
  start: 1685631875.213229
