event_sleeping:
  end: 1685629771.0118663
  start: 1685629695.98296
