event_sleeping_wait_all:
  end: 1685631433.5321019
  start: 1685631307.6031382
