event_sleeping_wait_all:
  end: 1685631823.5214026
  start: 1685631772.7438738
