event_sleeping_wait_all:
  end: 1685629983.5613835
  start: 1685629822.6814995
