event_sleeping_wait_all:
  end: 1685631721.0680778
  start: 1685631485.1271417
