event_sleeping_wait_all:
  end: 1685630763.5679898
  start: 1685630425.1870253
