event_sleeping:
  end: 1685630653.5438886
  start: 1685630510.1886418
