event_sleeping:
  end: 1685631840.9921849
  start: 1685631790.1524887
