event_sleeping:
  end: 1685631543.57053
  start: 1685631290.1730163
