event_sleeping:
  end: 1685630458.5708196
  start: 1685629925.0862532
