event_sleeping:
  end: 1685629788.4858677
  start: 1685629695.9851809
