event_sleeping:
  end: 1685631238.5680704
  start: 1685630705.1190634
