event_sleeping:
  end: 1685629873.5042062
  start: 1685629840.083823
