event_sleeping:
  end: 1685631738.5503867
  start: 1685631595.1777747
