event_sleeping:
  end: 1685630903.472143
  start: 1685630760.5564764
