event_sleeping:
  end: 1685630708.5401132
  start: 1685630565.6063895
