event_sleeping_wait_all:
  end: 1685632268.56217
  start: 1685632125.53688
