event_sleeping:
  end: 1685631098.5240257
  start: 1685630955.5087192
