event_sleeping_wait_all:
  end: 1685632073.570546
  start: 1685631930.545686
