event_sleeping:
  end: 1685631878.568045
  start: 1685631735.5395768
