event_sleeping:
  end: 1685630318.492059
  start: 1685629980.5580435
