event_sleeping:
  end: 1685629733.5083473
  start: 1685629695.975494
