event_sleeping:
  end: 1685630513.570446
  start: 1685630370.5483577
