event_sleeping:
  end: 1685631488.4761016
  start: 1685631345.628275
