event_sleeping:
  end: 1685631293.5708747
  start: 1685631150.591669
