event_sleeping:
  end: 1685629928.4841006
  start: 1685629785.613662
