event_sleeping:
  end: 1685631683.4841738
  start: 1685631540.5201626
