event_sleeping:
  end: 1683447934.533136
  start: 1683447598.2267852
