event_sleeping:
  end: 1683449511.9994304
  start: 1683449445.7676497
