event_sleeping:
  end: 1683446076.9694417
  start: 1683445953.2576551
