event_sleeping:
  end: 1683449392.015408
  start: 1683449158.2063904
