event_sleeping:
  end: 1683449019.5325985
  start: 1683448878.2088497
