event_sleeping:
  end: 1683445899.531389
  start: 1683445758.3911662
