event_sleeping:
  end: 1683449104.463426
  start: 1683449073.302936
