event_sleeping:
  end: 1683445399.437844
  start: 1683445399.437355
