event_sleeping:
  end: 1683446374.4795947
  start: 1683446130.705471
