event_sleeping:
  end: 1683448324.5314982
  start: 1683448183.2132602
