event_sleeping:
  end: 1683447544.4641948
  start: 1683447513.2560039
