event_sleeping:
  end: 1683447459.5315464
  start: 1683447318.2918606
