event_sleeping:
  end: 1683448129.5313697
  start: 1683447988.2571585
