event_sleeping:
  end: 1683445704.4977434
  start: 1683445455.2003837
