event_sleeping:
  end: 1683447069.5315812
  start: 1683446428.253329
