event_sleeping:
  end: 1683447264.533107
  start: 1683447123.3561137
