event_sleeping:
  end: 1683449901.999582
  start: 1683449565.8570879
