event_sleeping:
  end: 1683448824.5313945
  start: 1683448378.2585773
