event_sleeping:
  end: 1683448324.5317478
  start: 1683448183.2647445
