event_sleeping:
  end: 1683449799.5315528
  start: 1683449548.2473152
