event_sleeping:
  end: 1683445687.0315998
  start: 1683445399.4444973
