event_sleeping:
  end: 1683449494.4634378
  start: 1683449463.2746313
