event_sleeping:
  end: 1683448714.5315592
  start: 1683448573.1541095
