event_sleeping:
  end: 1683447654.531321
  start: 1683447403.2420993
