event_sleeping:
  end: 1683446959.479438
  start: 1683446910.7729425
