event_sleeping:
  end: 1683448909.5335238
  start: 1683448768.2938879
