event_sleeping:
  end: 1683445882.031351
  start: 1683445747.162178
