event_sleeping:
  end: 1683446857.031538
  start: 1683446250.7836099
