event_sleeping:
  end: 1683446197.0557466
  start: 1683445935.7854478
