event_sleeping:
  end: 1683447952.0217428
  start: 1683447708.2978373
