event_sleeping:
  end: 1683449409.5314238
  start: 1683448963.306227
