event_sleeping:
  end: 1683448519.4475536
  start: 1683448378.25799
