event_sleeping:
  end: 1683447349.5314522
  start: 1683447013.2223473
