event_sleeping:
  end: 1683448129.5316648
  start: 1683448005.7893934
