event_sleeping:
  end: 1683447739.5333886
  start: 1683447598.53542
