event_sleeping:
  end: 1683446179.5315416
  start: 1683445936.1003048
