event_sleeping:
  end: 1683446587.0315788
  start: 1683446233.5977926
