event_sleeping:
  end: 1683445399.4426293
  start: 1683445399.442541
