event_sleeping:
  end: 1683445594.475137
  start: 1683445453.518273
