event_sleeping:
  end: 1683448629.5333574
  start: 1683448488.554392
