event_sleeping:
  end: 1683448806.9686592
  start: 1683448683.7319365
