event_sleeping:
  end: 1683447349.437072
  start: 1683447208.6818395
