event_sleeping:
  end: 1683449299.5331607
  start: 1683449073.5374484
