event_sleeping:
  end: 1683445882.0315802
  start: 1683445648.5169294
