event_sleeping:
  end: 1683448434.5313988
  start: 1683447988.613929
