event_sleeping:
  end: 1683449884.5314145
  start: 1683449548.5577505
