event_sleeping:
  end: 1683446977.001047
  start: 1683446641.038181
