event_sleeping:
  end: 1683447934.5333512
  start: 1683447793.6192014
