event_sleeping:
  end: 1683449494.5313578
  start: 1683449353.6159196
