event_sleeping:
  end: 1683447544.5313733
  start: 1683447403.4973989
