event_sleeping:
  end: 1683449019.524019
  start: 1683448860.967012
