event_sleeping:
  end: 1683448027.0313666
  start: 1683447513.2443914
