event_sleeping:
  end: 1683448926.9793684
  start: 1683448878.2107036
