event_sleeping:
  end: 1683447459.5332022
  start: 1683446818.2034986
