event_sleeping:
  end: 1683446764.4634259
  start: 1683446733.2576294
