event_sleeping:
  end: 1683445594.4440498
  start: 1683445563.3190916
