event_sleeping:
  end: 1683445509.535421
  start: 1683445399.4440138
