event_sleeping:
  end: 1683448824.4756072
  start: 1683448573.138384
