event_sleeping:
  end: 1683445899.448406
  start: 1683445648.2100906
