event_sleeping:
  end: 1683448434.5315537
  start: 1683448183.187724
