event_sleeping:
  end: 1683449604.5315466
  start: 1683448980.7145536
