event_sleeping:
  end: 1683446289.5315678
  start: 1683446055.7265453
