event_sleeping:
  end: 1683446391.9819238
  start: 1683446343.3114796
