event_sleeping:
  end: 1683448129.4671385
  start: 1683448080.7882037
