event_sleeping:
  end: 1683446001.948372
  start: 1683445953.1705751
