event_sleeping:
  end: 1683446679.4981282
  start: 1683446445.691381
