event_sleeping:
  end: 1683448519.4799783
  start: 1683448488.2954094
