event_sleeping:
  end: 1683448239.5115767
  start: 1683447903.3024313
