event_sleeping:
  end: 1683446856.9355633
  start: 1683446623.38088
