event_sleeping:
  end: 1683445984.4851766
  start: 1683445935.7857146
