event_sleeping:
  end: 1683447349.4368026
  start: 1683447208.2491906
