event_sleeping:
  end: 1683445881.9676776
  start: 1683445399.4752064
