event_sleeping:
  end: 1683448612.0315807
  start: 1683448488.2980945
