event_sleeping:
  end: 1683449317.0315657
  start: 1683449158.2232122
