event_sleeping:
  end: 1683446179.5318034
  start: 1683446038.2878952
