event_sleeping:
  end: 1683446569.5189292
  start: 1683446233.3104508
