event_sleeping:
  end: 1683447052.0235426
  start: 1683446910.707623
