event_sleeping:
  end: 1683449994.4354522
  start: 1683449370.794292
