event_sleeping:
  end: 1683447849.5332305
  start: 1683447598.3028967
