event_sleeping:
  end: 1683448731.9995308
  start: 1683448665.8041203
