event_sleeping:
  end: 1683447154.4795413
  start: 1683447105.8623567
