event_sleeping:
  end: 1683449001.935671
  start: 1683448785.8141901
