event_sleeping:
  end: 1683448434.5317955
  start: 1683448293.2600365
