event_sleeping:
  end: 1683447544.5316217
  start: 1683447403.2054813
