event_sleeping:
  end: 1683449104.4900148
  start: 1683449055.8107443
