event_sleeping:
  end: 1683449354.53335
  start: 1683449018.120833
