event_sleeping:
  end: 1683448574.5115623
  start: 1683448238.1997755
