event_sleeping:
  end: 1683445649.5314045
  start: 1683445508.0943666
