event_sleeping:
  end: 1683445454.4455342
  start: 1683445399.4360168
