event_sleeping:
  end: 1683449549.5075285
  start: 1683449408.2273073
