event_sleeping:
  end: 1683446624.438748
  start: 1683446483.1840765
