event_sleeping:
  end: 1683448964.4634922
  start: 1683448823.1745124
