event_sleeping:
  end: 1683447989.466161
  start: 1683447458.1999128
