event_sleeping:
  end: 1683448184.5275576
  start: 1683448043.1143227
