event_sleeping:
  end: 1683448769.4882424
  start: 1683448628.215626
