event_sleeping:
  end: 1683446429.531973
  start: 1683446288.1724458
