event_sleeping:
  end: 1683446819.4715323
  start: 1683446678.0893612
