event_sleeping:
  end: 1683446039.5334408
  start: 1683445898.1944566
