event_sleeping:
  end: 1683447404.499177
  start: 1683447068.2120528
