event_sleeping:
  end: 1683445844.5131195
  start: 1683445703.2257104
