event_sleeping:
  end: 1683447014.5115576
  start: 1683446873.178439
