event_sleeping:
  end: 1683446234.506795
  start: 1683446093.2127354
