event_sleeping:
  end: 1685759079.0364282
  start: 1685758884.0425942
