event_sleeping:
  end: 1685759079.0361276
  start: 1685758936.1422017
