event_sleeping:
  end: 1685758884.0370243
  start: 1685758884.0365996
