event_sleeping:
  end: 1685758959.1042469
  start: 1685758884.0379486
