event_sleeping:
  end: 1685758959.103886
  start: 1685758884.0392551
