event_sleeping:
  end: 1685758959.036123
  start: 1685758884.038581
