event_sleeping:
  end: 1685759116.629093
  start: 1685758973.2976239
