event_sleeping:
  end: 1685758921.5692203
  start: 1685758884.034445
