event_sleeping_wait_all:
  end: 1685497423.8143845
  start: 1685497280.8414495
