event_sleeping:
  end: 1685497033.8440301
  start: 1685496431.2578259
