event_sleeping_wait_all:
  end: 1685497228.84548
  start: 1685497085.7369134
