event_sleeping_wait_all:
  end: 1685498278.8454194
  start: 1685497957.9716895
