event_sleeping_wait_all:
  end: 1685497211.3241298
  start: 1685497085.4417365
