event_sleeping_wait_all:
  end: 1685497033.7960682
  start: 1685496983.0024645
