event_sleeping_wait_all:
  end: 1685496931.344106
  start: 1685496695.5036826
