event_sleeping_wait_all:
  end: 1685497906.3452873
  start: 1685497262.9704401
