event_sleeping:
  end: 1685496643.8041527
  start: 1685496431.2575786
