event_sleeping:
  end: 1685496541.297934
  start: 1685496431.2558486
