event_sleeping_wait_all:
  end: 1685497423.8137057
  start: 1685497355.5393796
