event_sleeping:
  end: 1685497108.8452718
  start: 1685496787.9740853
