event_sleeping:
  end: 1685496736.3473923
  start: 1685496592.961394
