event_sleeping_wait_all:
  end: 1685497303.8454537
  start: 1685497160.555357
