event_sleeping_wait_all:
  end: 1685496821.2715795
  start: 1685496787.9768245
