event_sleeping:
  end: 1685496523.7770908
  start: 1685496431.2569673
