event_sleeping_wait_all:
  end: 1685497693.8453233
  start: 1685497372.9946601
