event_sleeping_wait_all:
  end: 1685496736.316081
  start: 1685496575.4765527
