event_sleeping_wait_all:
  end: 1685497321.3452268
  start: 1685496872.9180405
