event_sleeping:
  end: 1685497423.8134453
  start: 1685497262.972935
