event_sleeping:
  end: 1685496431.2574835
  start: 1685496431.2572587
