event_sleeping:
  end: 1685497211.3584828
  start: 1685496482.836925
