event_sleeping_wait_all:
  end: 1685498046.3441055
  start: 1685497903.374113
