event_sleeping:
  end: 1685497266.3455815
  start: 1685497123.296121
