event_sleeping_wait_all:
  end: 1685497656.295948
  start: 1685497513.3541934
