event_sleeping_wait_all:
  end: 1685497851.3275206
  start: 1685497708.2855556
