event_sleeping:
  end: 1685497461.3122458
  start: 1685497318.4160857
