event_sleeping_wait_all:
  end: 1685498241.3438544
  start: 1685498098.3391085
