event_sleeping:
  end: 1685496681.2941484
  start: 1685496538.3040423
