event_sleeping:
  end: 1685496486.3003182
  start: 1685496431.248775
