event_sleeping:
  end: 1685497071.2802012
  start: 1685496733.3068383
