event_sleeping_wait_all:
  end: 1685394170.4305873
  start: 1685394027.4435232
