event_sleeping_wait_all:
  end: 1685393975.4520986
  start: 1685393832.3251615
