event_sleeping_wait_all:
  end: 1685394830.4435542
  start: 1685394687.4194417
