event_sleeping_wait_all:
  end: 1685394635.4618678
  start: 1685394222.3569956
