event_sleeping_wait_all:
  end: 1685393780.3960323
  start: 1685393729.8927827
