event_sleeping_wait_all:
  end: 1685395730.4298115
  start: 1685395662.3204913
