event_sleeping_wait_all:
  end: 1685396017.8867683
  start: 1685395782.365406
