event_sleeping:
  end: 1685393372.9480975
  start: 1685393177.8725905
