event_sleeping_wait_all:
  end: 1685395415.4618165
  start: 1685394882.3951664
