event_sleeping_wait_all:
  end: 1685395610.3946693
  start: 1685395467.3762543
