event_sleeping_wait_all:
  end: 1685396705.4599586
  start: 1685396069.8087559
