event_sleeping_wait_all:
  end: 1685393677.962048
  start: 1685393424.8399925
