event_sleeping_wait_all:
  end: 1685394737.8844986
  start: 1685394399.6423657
