event_sleeping_wait_all:
  end: 1685394347.9617405
  start: 1685394119.5658345
