event_sleeping_wait_all:
  end: 1685396407.8759003
  start: 1685396154.5869489
