event_sleeping_wait_all:
  end: 1685395907.961967
  start: 1685395569.5735254
