event_sleeping_wait_all:
  end: 1685395517.9599788
  start: 1685395197.0997336
