event_sleeping_wait_all:
  end: 1685395025.462034
  start: 1685394789.550898
