event_sleeping_wait_all:
  end: 1685396900.404039
  start: 1685396849.6171772
