event_sleeping_wait_all:
  end: 1685393780.396357
  start: 1685393442.1762834
