event_sleeping_wait_all:
  end: 1685396102.936569
  start: 1685395959.6552024
