event_sleeping_wait_all:
  end: 1685394067.932246
  start: 1685393832.0922544
