event_sleeping_wait_all:
  end: 1685393390.4603047
  start: 1685393229.5615454
