event_sleeping_wait_all:
  end: 1685396797.9620693
  start: 1685396654.5554614
