event_sleeping:
  end: 1685393177.8720965
  start: 1685393177.8720758
