event_sleeping_wait_all:
  end: 1685395145.4148688
  start: 1685395077.1362324
