event_sleeping_wait_all:
  end: 1685396602.8720002
  start: 1685396459.4731324
