event_sleeping:
  end: 1685393287.9600194
  start: 1685393177.869815
