event_sleeping_wait_all:
  end: 1685393567.8950577
  start: 1685393534.628574
