event_sleeping_wait_all:
  end: 1685395907.961558
  start: 1685395782.117641
