event_sleeping_wait_all:
  end: 1685395025.4626882
  start: 1685394807.1131048
