event_sleeping_wait_all:
  end: 1685394050.4619975
  start: 1685393907.0135663
