event_sleeping_wait_all:
  end: 1685395237.8912926
  start: 1685395077.1107528
