event_sleeping_wait_all:
  end: 1685395730.4623652
  start: 1685395467.129556
