event_sleeping_wait_all:
  end: 1685393482.9783401
  start: 1685393339.6200726
