event_sleeping_wait_all:
  end: 1685396492.8918152
  start: 1685396459.6339328
