event_sleeping_wait_all:
  end: 1685394652.8920488
  start: 1685394222.0582347
