event_sleeping_wait_all:
  end: 1685394755.4042122
  start: 1685394704.5619097
