event_sleeping_wait_all:
  end: 1685396407.9600074
  start: 1685395959.6217613
