event_sleeping_wait_all:
  end: 1685397560.4617674
  start: 1685396544.5966277
