event_sleeping_wait_all:
  end: 1685393855.3640032
  start: 1685393619.5457807
