event_sleeping_wait_all:
  end: 1685394170.4302118
  start: 1685394102.0974197
