event_sleeping_wait_all:
  end: 1685394755.4048164
  start: 1685394687.1459613
