event_sleeping_wait_all:
  end: 1685394262.9618788
  start: 1685393924.6505213
