event_sleeping_wait_all:
  end: 1685394440.3802392
  start: 1685394314.6386893
