event_sleeping_wait_all:
  end: 1685395220.461556
  start: 1685394984.640363
