event_sleeping_wait_all:
  end: 1685394635.4624865
  start: 1685394492.0210876
