event_sleeping_wait_all:
  end: 1685393872.9618278
  start: 1685393534.6128693
