event_sleeping_wait_all:
  end: 1685395340.430172
  start: 1685395272.159226
