event_sleeping:
  end: 1685393270.4561605
  start: 1685393177.8711712
