event_sleeping_wait_all:
  end: 1685395610.4598832
  start: 1685395392.1090026
