event_sleeping_wait_all:
  end: 1685393482.9401853
  start: 1685393322.1164608
