event_sleeping_wait_all:
  end: 1685395805.4600236
  start: 1685395662.1016452
