event_sleeping_wait_all:
  end: 1685394932.961883
  start: 1685394807.0575268
