event_sleeping_wait_all:
  end: 1685395805.460322
  start: 1685395569.5471606
