event_sleeping_wait_all:
  end: 1685394170.4625428
  start: 1685394009.5761185
