event_sleeping:
  end: 1685393287.8682334
  start: 1685393177.8715684
