event_sleeping_wait_all:
  end: 1685395322.89514
  start: 1685395289.5602715
