event_sleeping_wait_all:
  end: 1685394737.8841267
  start: 1685394222.0637045
