event_sleeping_wait_all:
  end: 1685393957.9655547
  start: 1685393424.5354855
