event_sleeping_wait_all:
  end: 1685395042.962204
  start: 1685394789.5081725
