event_sleeping_wait_all:
  end: 1685395237.960045
  start: 1685395094.5756574
