event_sleeping_wait_all:
  end: 1685395517.9480443
  start: 1685395374.518131
