event_sleeping_wait_all:
  end: 1685393372.8950868
  start: 1685393339.4376369
