event_sleeping_wait_all:
  end: 1685397522.8759847
  start: 1685397380.0028093
