event_sleeping_wait_all:
  end: 1685397327.961437
  start: 1685396989.9380517
