event_sleeping:
  end: 1685393427.9618661
  start: 1685393288.627834
