event_sleeping:
  end: 1685395377.9620173
  start: 1685395234.9913476
