event_sleeping:
  end: 1685394792.9240494
  start: 1685394650.0170693
