event_sleeping:
  end: 1685393817.9618237
  start: 1685393479.9425595
