event_sleeping_wait_all:
  end: 1685396157.884136
  start: 1685395819.9333339
