event_sleeping:
  end: 1685395182.9161105
  start: 1685395039.930206
