event_sleeping_wait_all:
  end: 1685396352.8841805
  start: 1685396209.9263582
