event_sleeping:
  end: 1685394012.9599388
  start: 1685393870.0100713
