event_sleeping:
  end: 1685395572.9599493
  start: 1685395429.9576745
