event_sleeping:
  end: 1685394402.8822172
  start: 1685394259.9263918
