event_sleeping:
  end: 1685394987.96176
  start: 1685394844.9306073
