event_sleeping:
  end: 1685393232.8826041
  start: 1685393177.870486
