event_sleeping_wait_all:
  end: 1685396937.962051
  start: 1685396794.980876
