event_sleeping_wait_all:
  end: 1685396547.9080777
  start: 1685396404.8399594
