event_sleeping:
  end: 1685394597.9040596
  start: 1685394454.9036202
