event_sleeping_wait_all:
  end: 1685396742.9621274
  start: 1685396599.9016266
