event_sleeping:
  end: 1685395767.9001775
  start: 1685395624.972061
