event_sleeping:
  end: 1685394207.962011
  start: 1685394064.912626
