event_sleeping:
  end: 1683343878.0811753
  start: 1683343491.8435392
