event_sleeping:
  end: 1683343243.1118019
  start: 1683343101.8006473
