event_sleeping:
  end: 1683344658.115477
  start: 1683344126.8284712
