event_sleeping:
  end: 1683342933.1155295
  start: 1683342681.8461022
