event_sleeping:
  end: 1683344073.0805473
  start: 1683343931.8503668
