event_sleeping:
  end: 1683343438.1166718
  start: 1683343296.883822
