event_sleeping:
  end: 1683342628.1172087
  start: 1683342433.0243552
