event_sleeping:
  end: 1683343048.083593
  start: 1683342986.8836696
