event_sleeping:
  end: 1683343993.070457
  start: 1683343656.8164392
