event_sleeping:
  end: 1683342658.0315993
  start: 1683342486.7761104
