event_sleeping:
  end: 1683343603.0396042
  start: 1683343376.810813
