event_sleeping:
  end: 1683343048.0475814
  start: 1683342711.8099694
