event_sleeping:
  end: 1683342433.0228853
  start: 1683342433.0226018
