event_sleeping:
  end: 1683344268.0449219
  start: 1683344046.7814155
