event_sleeping:
  end: 1683343323.1153758
  start: 1683343101.8030305
