event_sleeping:
  end: 1683344268.1153245
  start: 1683344077.1435275
