event_sleeping:
  end: 1683342543.1161497
  start: 1683342433.0207767
