event_sleeping:
  end: 1683343293.115495
  start: 1683343152.125165
