event_sleeping:
  end: 1683344023.075572
  start: 1683343962.1250062
