event_sleeping:
  end: 1683342823.0470016
  start: 1683342792.1785576
