event_sleeping:
  end: 1683343908.0661001
  start: 1683343492.1390252
