event_sleeping:
  end: 1683343098.1111882
  start: 1683342877.0928278
