event_sleeping:
  end: 1683342738.1091726
  start: 1683342597.1413033
