event_sleeping:
  end: 1683343438.092654
  start: 1683343347.1890178
