event_sleeping:
  end: 1683344188.0588431
  start: 1683344076.850666
