event_sleeping:
  end: 1683343128.0555604
  start: 1683342791.8682935
