event_sleeping:
  end: 1683342738.108779
  start: 1683342566.8391318
