event_sleeping:
  end: 1683343878.0818436
  start: 1683343736.740278
