event_sleeping:
  end: 1683344463.1155276
  start: 1683344241.8118095
