event_sleeping:
  end: 1683343683.023558
  start: 1683343571.859803
