event_sleeping:
  end: 1683342513.0806155
  start: 1683342433.0234852
