event_sleeping:
  end: 1683344023.109277
  start: 1683343931.9846828
