event_sleeping:
  end: 1683343518.115491
  start: 1683343181.8058703
