event_sleeping:
  end: 1683344298.0803258
  start: 1683344046.8111975
