event_sleeping:
  end: 1683342543.1155474
  start: 1683342433.024163
