event_sleeping:
  end: 1683343213.0565267
  start: 1683342681.8510334
