event_sleeping:
  end: 1683342628.047259
  start: 1683342596.9096026
