event_sleeping:
  end: 1683343438.1163974
  start: 1683343266.8150454
