event_sleeping:
  end: 1683343993.0395303
  start: 1683343491.9031017
