event_sleeping:
  end: 1683343658.110387
  start: 1683343563.9806857
