event_sleeping:
  end: 1683344243.1155112
  start: 1683344124.1059372
