event_sleeping:
  end: 1683343073.0923717
  start: 1683342736.7329764
