event_sleeping:
  end: 1683342683.0431952
  start: 1683342561.2384546
