event_sleeping:
  end: 1683343268.047584
  start: 1683343149.3219087
