event_sleeping:
  end: 1683342488.0726697
  start: 1683342433.0236237
