event_sleeping:
  end: 1683343853.1164374
  start: 1683343734.0860837
