event_sleeping:
  end: 1683343463.1155324
  start: 1683343344.5175526
