event_sleeping:
  end: 1683344048.0715373
  start: 1683343929.1980052
