event_sleeping:
  end: 1685500694.0121055
  start: 1685500091.453248
