event_sleeping:
  end: 1685500303.9640822
  start: 1685500091.4523244
