event_sleeping:
  end: 1685500201.539933
  start: 1685500091.4516082
