event_sleeping:
  end: 1685500184.0283601
  start: 1685500091.4494877
