event_sleeping:
  end: 1685500091.451915
  start: 1685500091.4513698
