event_sleeping:
  end: 1685500341.541455
  start: 1685500202.805863
