event_sleeping:
  end: 1685500731.4520426
  start: 1685500394.3231628
