event_sleeping:
  end: 1685500146.4773633
  start: 1685500091.4503703
