event_sleeping:
  end: 1685623103.997093
  start: 1685622908.90334
