event_sleeping_wait_all:
  end: 1685624543.9975305
  start: 1685624400.9655278
