event_sleeping_wait_all:
  end: 1685623476.4465551
  start: 1685623443.4185653
