event_sleeping_wait_all:
  end: 1685623671.4959576
  start: 1685623528.363399
