event_sleeping_wait_all:
  end: 1685624348.9959714
  start: 1685623918.443287
