event_sleeping:
  end: 1685623391.4941463
  start: 1685623161.9240327
