event_sleeping_wait_all:
  end: 1685623866.4961283
  start: 1685623723.4385645
