event_sleeping:
  end: 1685623086.4975512
  start: 1685622971.938223
