event_sleeping_wait_all:
  end: 1685624061.4972446
  start: 1685623833.1027539
