event_sleeping:
  end: 1685622908.90423
  start: 1685622908.9042096
