event_sleeping_wait_all:
  end: 1685623781.4439905
  start: 1685623528.0667818
