event_sleeping_wait_all:
  end: 1685623476.412003
  start: 1685623138.1710007
