event_sleeping_wait_all:
  end: 1685624468.9002378
  start: 1685624113.164675
