event_sleeping:
  end: 1685623196.4639893
  start: 1685623053.085093
