event_sleeping:
  end: 1685623281.4308107
  start: 1685623248.163799
