event_sleeping_wait_all:
  end: 1685624468.9479122
  start: 1685624418.0660424
