event_sleeping:
  end: 1685623568.9881763
  start: 1685623333.0779824
