event_sleeping_wait_all:
  end: 1685624366.440106
  start: 1685623918.0816503
