event_sleeping_wait_all:
  end: 1685623866.4480164
  start: 1685623815.6566224
