event_sleeping:
  end: 1685623001.487896
  start: 1685622908.903467
