event_sleeping_wait_all:
  end: 1685623763.997581
  start: 1685623620.6454024
