event_sleeping_wait_all:
  end: 1685624171.426538
  start: 1685624028.1740913
