event_sleeping_wait_all:
  end: 1685624451.423468
  start: 1685624400.5910022
