event_sleeping_wait_all:
  end: 1685623976.4972935
  start: 1685623638.1679835
