event_sleeping_wait_all:
  end: 1685624348.9152424
  start: 1685624223.1045465
