event_sleeping_wait_all:
  end: 1685624663.997497
  start: 1685624503.0881882
