event_sleeping:
  end: 1685623001.4234684
  start: 1685622908.9044623
