event_sleeping_wait_all:
  end: 1685623586.491967
  start: 1685623230.684881
