event_sleeping:
  end: 1685623178.9959805
  start: 1685623053.097551
