event_sleeping_wait_all:
  end: 1685623883.9321396
  start: 1685623740.5792146
