event_sleeping_wait_all:
  end: 1685623688.9936376
  start: 1685623155.5260236
