event_sleeping_wait_all:
  end: 1685624738.9080193
  start: 1685624503.101218
