event_sleeping:
  end: 1685623001.4236784
  start: 1685622908.9046679
