event_sleeping_wait_all:
  end: 1685624451.4960124
  start: 1685623935.520687
