event_sleeping:
  end: 1685623103.9041142
  start: 1685623052.98518
