event_sleeping:
  end: 1685623531.4679399
  start: 1685623193.5278907
