event_sleeping:
  end: 1685624311.497421
  start: 1685624168.5611315
