event_sleeping:
  end: 1685623141.4974737
  start: 1685622998.497203
