event_sleeping:
  end: 1685623726.4040782
  start: 1685623583.4528778
