event_sleeping:
  end: 1685624506.4829357
  start: 1685624363.60938
