event_sleeping:
  end: 1685624116.4958766
  start: 1685623973.4419398
