event_sleeping_wait_all:
  end: 1685624701.464146
  start: 1685624558.522878
