event_sleeping:
  end: 1685623921.4360974
  start: 1685623778.4464672
