event_sleeping:
  end: 1685622946.4364312
  start: 1685622908.9021661
