event_sleeping:
  end: 1685737777.2599683
  start: 1685737582.1703663
