event_sleeping:
  end: 1685737582.1679451
  start: 1685737582.1676059
