event_sleeping:
  end: 1685737794.7560072
  start: 1685737633.8221264
