event_sleeping:
  end: 1685737692.2553399
  start: 1685737582.1701577
