event_sleeping:
  end: 1685737674.75046
  start: 1685737582.1693861
