event_sleeping:
  end: 1685737692.2631981
  start: 1685737582.1699193
