event_sleeping:
  end: 1685737637.1641026
  start: 1685737582.163671
