event_sleeping:
  end: 1685737832.2593331
  start: 1685737688.8384335
